15.48184
19.37782
13.15143
21.65548
34.75949
21.52905
15.24992
45.50000
47.00000
24.08780
19.12296
16.48231
29.33712
19.39555
17.83956
28.19377
20.46851
26.69582
28.11089
25.51838
25.89764
30.86890
28.01227
15.85521
15.31796
19.63059
29.12366
16.56720
34.56716
22.46479
21.28820
10.68878
20.41960
16.99081
36.80580
24.32463
20.52900
23.77499
29.68164
16.10714
25.42145
18.87432
21.51017
30.34615
22.15147
15.23942
17.69887
14.16474
14.15980
19.14909
24.64752
31.67894
42.50000
21.08910
20.94039
21.41845
22.99043
21.81192
38.00000
25.86020
19.21874
24.82312
32.89377
29.26175
36.50000
33.35666
23.33854
25.03775
26.28093
22.95406
19.30512
18.17278
30.50000
33.08911
30.70650
25.66450
26.59992
30.07029
25.62226
30.50000
28.19377
39.50000
36.00000
26.52711
29.60105
27.06782
29.13188
33.50000
30.43025
31.00896
35.50000
30.00000
37.00000
36.50000
25.42145
39.50000
34.50000
36.00000
31.00000
39.00000
34.00000
37.00000
37.50000
36.12017
38.50000
41.50000
34.96983
32.50000
27.25599
25.32785
39.00000
40.00000
20.97236
22.60973
27.58170
37.50000
30.62679
27.53584
34.56716
26.03243
20.75786
37.00000
28.71846
34.50000
30.26916
28.94055
29.08930
33.18969
21.63764
28.24103
19.86832
18.00444
25.92296
21.98153
23.42408
28.80201
15.66844
31.41479
31.15552
35.50000
29.23848
28.57738
18.68689
28.33137
37.50000
34.37376
29.63481
28.76956
29.97777
22.19657
29.87753
14.27191
22.73076
25.15287
35.00000
28.85981
27.57263
41.00000
28.54626
29.22328
27.15797
26.37589
35.91038
31.00896
27.62044
26.08107
32.00000
27.47524
27.82086
28.85596
30.53959
31.56299
31.41479
32.50000
32.03123
23.68966
33.35666
27.53584
24.36300
40.00000
28.70927
21.34245
23.92175
25.39029
21.41650
27.28858
23.89328
27.69815
30.21405
38.00000
41.50000
29.60105
31.66842
31.00896
29.97777
35.23571
41.50000
30.26916
38.50000
34.09790
32.96800
39.00000
22.32711
22.50555
37.50000
24.68918
20.33716
30.53959
27.31300
40.00000
27.24885
27.65261
23.09085
33.35666
30.81486
29.12366
26.38602
30.94439
29.97777
28.54626
27.17842
24.39775
34.00000
35.64953
28.85596
21.86893
32.41742
28.11089
28.47221
13.79085
37.50000
41.00000
34.92214
38.00000
22.48750
36.50000
39.00000
29.79933
29.00958
28.70540
25.95295
28.66279
25.11349
31.00000
36.00000
32.88701
34.50000
35.00000
34.50000
34.00000
31.28365
33.50000
36.50000
38.50000
33.50000
36.00000
35.50000
34.00000
24.58997
26.08107
30.62679
39.50000
30.34615
33.00000
35.50000
30.26916
26.98148
25.43005
26.08040
23.12331
28.24103
22.19610
39.50000
25.01999
28.94055
36.50000
36.50000
43.50000
24.57005
22.94967
13.66748
18.76666
25.15287
24.52550
22.61858
28.29605
20.94039
30.00000
27.82086
28.11089
30.00000
30.50000
30.00000
23.76447
19.45508
30.15884
36.00000
31.50000
33.50000
32.50000
32.50000
35.50000
26.28093
30.34615
27.77026
24.84452
22.32846
32.42770
17.57840
36.33486
30.34615
31.56343
21.45344
30.94439
32.00000
37.50000
41.00000
32.00000
32.00000
34.50000
36.50000
34.50000
39.50000
34.76588
35.50000
39.00000
38.50000
29.48823
40.50000
25.03775
36.00000
41.50000
32.96800
37.00000
38.00000
28.79670
22.67157
27.25599
39.00000
37.50000
37.50000
32.31443
32.14896
24.10809
29.60105
27.06782
29.50000
23.47738
30.81486
20.30394
31.00000
20.26543
21.87893
35.50587
33.33000
26.15764
29.67638
41.00000
40.50000
16.36337
26.66927
33.79349
25.92296
28.59293
21.08317
25.36237
27.58170
27.31300
24.19194
30.73905
33.00000
32.50000
32.00000
32.22146
25.78113
33.00000
30.81486
20.96282
22.72664
23.87860
22.41093
21.74138
20.64946
28.50000
34.50000
27.62044
23.58495
26.11992
30.21405
26.23928
31.84686
30.56505
25.61683
24.94494
35.50000
31.28365
26.88659
25.15287
33.35666
36.50000
33.03870
32.00000
26.41128
26.73325
32.82614
29.00000
23.63657
24.34256
22.84048
24.10783
25.31578
28.85981
32.00000
30.94439
28.22565
30.34615
24.33598
33.55923
37.50000
30.44485
42.50000
41.00000
28.33137
30.73905
36.50000
39.50000
27.42604
33.76718
36.50000
32.96800
16.60384
28.85981
34.76588
30.71645
16.01999
21.82252
24.38579
33.50000
19.29145
27.25599
22.63294
26.98148
28.33137
28.11089
20.51926
19.45508
29.53341
29.97777
35.50000
31.88521
23.33809
30.15884
32.78550
31.28365
30.53959
28.57738
31.84337
27.82086
29.13188
28.57446
33.24990
31.84686
42.00000
34.09790
38.19249
19.62040
28.26106
29.67638
31.41479
30.07029
37.06151
28.77825
31.56299
28.69996
19.02209
29.47351
36.00000
34.00000
32.41742
31.84686
33.82635
31.32979
17.08801
25.07987
22.22611
25.55753
27.31300
26.88659
26.32489
36.00000
39.00000
25.61616
27.74086
28.47221
26.94851
25.74663
38.00000
31.20897
19.72942
25.69411
31.50000
23.46274
16.64452
26.52711
30.53959
30.26916
29.40899
21.19434
29.60574
27.77026
27.06782
27.86076
34.70831
32.50000
27.65261
30.50000
33.00842
32.49957
30.15884
38.00000
21.50000
34.00000
25.71964
25.50000
38.50000
32.69047
22.63156
31.41479
41.00000
28.24103
23.33809
25.18432
29.50000
21.48255
23.79542
27.13393
27.72484
30.15884
25.54408
34.50000
27.01029
31.47839
39.50000
37.00000
40.00000
34.09790
30.34615
30.26916
28.57738
13.10296
25.77251
39.50000
23.33854
22.14018
26.84937
27.06782
30.26916
34.00000
23.88514
25.92296
36.00000
39.00000
40.00000
24.79695
38.00000
39.50000
39.00000
32.41742
38.00000
37.00000
29.53341
32.69047
36.50000
17.93042
23.41415
29.33712
25.30316
35.50587
32.50000
24.39034
21.96019
22.18530
23.01207
24.10394
17.56588
18.93410
21.02825
19.33100
22.62051
22.43184
23.78419
25.13339
23.20964
32.35566
39.00000
27.77689
24.62088
23.15572
24.85067
38.00000
25.48638
38.00000
30.62679
27.08423
35.39303
27.64457
33.82635
28.07579
35.50000
39.50000
28.66279
26.59300
34.00000
33.50000
35.50000
36.50000
36.00000
35.00000
33.00000
31.00000
35.50000
37.50000
39.00000
34.56716
26.24669
24.07396
31.00896
25.70344
27.32927
30.44485
24.78351
25.36840
27.78889
24.68918
23.76272
24.79695
27.52373
39.00000
37.00000
39.50000
26.78969
28.24889
26.38602
24.99778
34.00000
42.00000
37.00000
28.66279
35.78019
33.24990
32.60198
33.08911
36.50000
31.20897
31.75252
30.53959
27.25599
22.07232
21.96019
27.32927
21.14040
25.39193
27.38955
25.99399
38.00292
38.50000
40.50000
29.60105
33.35666
29.87753
32.35566
33.25658
21.19434
18.69117
23.82226
26.38602
27.17842
25.38153
25.31578
18.68261
19.08533
22.09638
21.41699
22.29770
23.74210
24.26245
24.25329
19.13113
21.17044
27.28858
18.28934
39.50000
27.85678
32.22146
25.26856
39.50000
23.82226
36.50000
33.50000
33.00000
28.47221
30.00370
32.50000
23.15707
34.00000
34.50000
27.06782
26.52711
37.00000
40.00000
31.16979
31.32979
31.37940
41.50000
26.13214
31.50000
36.00000
23.45682
40.00000
37.50000
23.29998
25.95295
29.32955
28.85981
35.50000
35.00000
30.18094
30.53959
32.41742
36.00000
29.13188
21.76006
27.92052
22.96193
27.01029
25.88919
34.00000
33.00000
34.50000
30.34615
36.00000
36.00000
38.00000
30.91206
22.19234
28.70540
26.71246
21.98153
23.46673
34.23773
31.20185
26.67396
24.55380
29.13188
31.66842
37.50000
24.27447
38.00000
35.44009
41.50000
31.62629
40.50000
41.50000
32.14896
24.58093
29.48823
23.86813
28.47221
31.23300
39.50000
24.63103
30.44485
40.50000
34.09790
32.49957
39.50000
23.37734
27.53584
36.00000
23.86813
36.00000
34.00000
33.50000
32.50000
28.47221
31.50000
26.51205
31.75252
26.99537
38.00000
30.26916
36.50000
34.00000
24.71167
18.63297
29.81051
34.96983
20.18663
19.65254
21.18175
30.00000
26.48113
21.85304
27.58170
32.41742
40.50000
25.36840
23.29998
29.53341
35.50000
35.61211
26.78723
22.57334
25.15287
31.67894
30.73905
24.36570
27.10627
26.71246
28.38133
30.00000
26.51205
25.86020
27.45097
25.27350
27.17842
33.90510
30.62679
25.75243
26.35693
31.00896
19.48860
41.50000
31.00896
29.23848
37.00000
28.39014
29.32955
22.48911
24.92990
27.25599
27.35365
28.07530
34.50000
27.04048
31.09484
28.94055
19.80530
31.12341
27.17842
31.56299
30.26916
29.40557
30.81486
34.84250
25.70384
33.00000
35.50000
32.03123
21.63844
18.95224
37.00000
27.65261
31.84686
31.56299
36.00000
35.50000
33.03870
26.78723
35.50000
27.72484
24.03513
30.15884
38.00000
22.23033
25.66491
15.70629
26.88659
30.73543
31.41479
23.45682
24.99778
24.25329
20.70024
30.15884
32.09707
30.00000
26.29045
32.35566
28.56024
34.23773
39.00000
40.00000
26.28093
40.50000
36.59083
31.75252
39.50000
30.62679
31.83551
33.25658
31.47839
23.61261
23.56905
25.66450
40.00000
29.17000
28.57738
21.38785
31.41479
24.68918
32.00000
37.00000
33.50000
24.03513
18.47810
29.50000
22.78569
22.34390
38.00000
22.39838
26.84937
30.73543
29.33712
21.31103
23.15572
24.91318
24.72965
32.00000
22.60946
32.00000
39.00000
33.50000
33.08911
29.79933
32.69047
32.56788
25.31578
22.09497
25.95295
23.26478
35.00000
32.88701
24.36883
28.00397
40.50000
29.74335
28.40579
32.00000
34.00000
28.59293
29.13188
28.57738
27.31300
22.82953
21.98863
39.00000
35.70559
23.20964
23.67884
40.00000
32.78550
29.74335
32.50000
28.12275
27.15797
25.85537
35.17891
35.91038
28.24103
27.62044
27.94041
37.00000
31.50000
36.00000
33.55923
35.50000
30.94439
32.00000
29.27266
36.00000
34.50000
39.00000
31.75252
31.20897
27.92052
36.50000
34.50000
36.00000
30.84943
26.72078
31.00896
26.46224
30.40102
30.15884
25.79123
30.34615
36.50000
30.26916
25.97862
22.85826
30.24346
23.93742
34.02940
39.50000
37.58546
32.03123
29.85381
33.71778
36.50000
23.37734
40.50000
28.12917
32.22146
22.84048
28.70540
24.53951
24.43742
20.01718
30.91206
31.66842
29.78068
28.34056
20.33470
31.09484
27.06782
32.60198
25.61616
24.23324
33.71778
33.50000
36.00000
25.86020
33.71778
47.50000
34.19877
22.80838
37.50000
28.28759
26.56478
31.41479
19.67740
27.08423
39.50000
30.15884
22.00568
27.22132
27.57263
26.71142
30.91206
28.39014
23.25269
22.27527
23.03801
30.34615
33.15955
28.43413
31.00000
39.00000
32.26744
37.00000
23.89561
26.44215
30.00370
38.00000
29.78674
35.00000
26.78723
28.00000
35.50000
35.00000
30.50000
26.78723
29.53341
20.05461
20.74247
27.82485
28.19377
28.28820
27.35365
32.50000
21.25088
29.69100
38.00000
41.50000
31.00000
27.93246
27.63251
21.59861
28.66279
36.00000
26.98148
25.38153
21.67227
22.65364
27.94041
31.20897
27.17881
35.00000
16.85889
34.50000
26.29045
29.00958
38.00000
26.98148
24.23955
34.96983
21.85177
21.93599
34.50000
27.64457
24.08780
31.50000
20.69420
22.09434
25.48638
29.40899
16.85942
40.00000
35.17891
40.50000
35.00000
20.59733
23.45682
28.75568
22.16275
12.75490
21.75287
35.14099
38.00000
21.74090
23.93089
31.12341
28.70540
32.00000
21.63844
22.17105
35.50000
25.70344
21.61452
22.09575
19.63893
21.11871
27.01029
32.50000
22.48750
31.94787
20.83651
29.87753
21.45320
36.00000
40.50000
27.36215
37.00000
40.50000
37.50000
22.12590
22.16980
25.06367
35.50000
38.50000
24.12986
29.40899
22.79254
23.84324
25.12469
24.99778
20.60485
38.50000
24.79695
25.95295
23.24193
30.73272
27.36786
36.00000
25.54408
28.57738
29.06315
41.50000
35.14099
42.00000
43.50000
24.36186
40.00000
30.94439
23.89328
25.66450
22.19009
20.74247
37.50000
21.99290
37.00000
12.75490
25.77251
26.71246
35.50000
40.00000
39.50000
38.00000
29.69100
17.44706
28.94055
20.96282
26.13427
28.94055
37.50000
24.71167
29.97777
25.15287
28.00000
26.59992
26.13214
25.46021
27.45097
32.50000
37.50000
25.36114
25.63567
26.71246
32.14896
33.00000
25.07364
24.72965
32.00000
25.00000
26.28054
22.85142
26.42442
35.00000
30.34615
40.50000
20.67269
24.01432
30.43025
38.00000
29.87753
38.00000
26.55654
37.50000
23.47102
36.50000
33.55923
31.28365
28.97413
36.52701
31.84337
24.83277
25.66450
34.00000
34.00000
32.42770
35.50000
42.50000
37.00000
28.12275
36.00000
32.50000
18.99177
28.44293
22.03089
26.91963
24.47529
25.69411
26.24246
23.24193
25.57342
25.23391
25.77251
33.50000
17.82582
23.38033
31.00896
39.00000
29.51083
34.09790
36.50000
19.66596
27.31300
26.08107
22.92379
36.50000
29.51083
34.12070
32.25937
38.00000
27.64457
30.15884
37.00000
36.50000
22.00545
39.50000
37.50000
33.15955
31.00896
34.50000
33.50953
31.41479
34.00000
31.00000
28.70540
28.26106
25.78113
31.47839
32.14896
32.50000
33.35666
27.96762
35.91038
27.01029
16.69581
20.21287
35.50000
21.74090
22.41093
39.50000
29.87753
26.88659
23.34286
22.19610
23.98437
23.62202
27.25599
35.50000
30.30161
34.50000
32.50000
30.50000
32.41742
27.51818
33.50000
26.78723
30.50000
27.82086
37.00000
34.09790
41.00000
23.79469
31.00000
22.56657
26.71246
34.00000
32.00000
33.50000
32.00000
34.00000
33.00000
33.50953
32.00000
36.50000
26.88659
25.17315
34.00000
32.50000
27.35365
25.23391
29.48823
35.00000
35.00000
34.00000
29.32955
29.13188
35.50000
39.50000
29.69322
28.94055
36.50000
33.15955
21.98727
26.78723
33.29665
33.56337
35.31131
34.23773
32.36510
34.70831
39.50000
25.08984
27.72484
38.50000
35.00000
35.00000
34.00000
30.50000
30.34615
33.50000
25.30316
32.41742
21.71837
22.12888
36.50000
23.22041
22.64398
22.79825
26.93047
36.50000
25.30316
31.84686
41.50000
34.70831
38.50000
31.00896
30.62679
25.15287
20.01599
24.43742
25.13961
17.65673
23.33854
26.41969
31.50000
32.41742
22.06717
18.99177
32.50000
32.50000
22.96193
25.77251
26.42442
39.50000
38.50000
39.00000
37.00000
34.70831
36.80580
36.91432
26.10077
29.63481
20.65188
19.68350
27.32927
27.32215
36.00000
40.50000
29.05168
33.00000
42.00000
26.40549
24.03513
28.00000
25.56365
23.84717
23.78419
28.57738
22.77471
25.95295
27.72484
28.66279
29.60105
24.21260
27.72484
29.13188
28.47221
28.85981
28.07468
15.77847
20.09975
34.50000
26.40549
35.44009
36.00000
36.50000
40.00000
39.00000
32.00000
40.00000
40.00000
34.50000
25.48638
24.79695
20.75958
29.97777
22.30471
29.48199
27.64457
33.24990
25.92296
21.63764
25.93582
24.38579
25.17053
26.13214
23.56242
32.00000
22.52082
25.70019
20.29008
17.78342
27.06782
27.32927
25.82419
25.61683
24.12468
24.08780
22.23111
26.41969
33.50000
36.00000
24.56624
30.43025
22.37558
33.08911
30.09983
25.03775
26.54556
27.25599
31.50000
25.10423
33.00000
23.56242
24.27447
33.00000
24.31435
28.00397
37.00000
29.22328
25.19921
24.19065
32.50000
27.31300
28.94055
38.00000
31.00000
33.00000
12.98798
23.82226
26.91963
33.50000
23.98307
27.06782
30.00000
23.33809
25.66450
26.98148
28.87136
23.34925
25.01999
35.70559
32.14896
24.43742
29.32955
34.00000
37.50000
32.41742
27.01029
28.94055
26.76168
30.53959
33.00000
34.00000
34.00000
29.51083
41.00000
25.46021
22.71976
30.62679
35.14099
25.62984
23.95177
28.19377
22.12465
40.50000
29.69100
21.85040
39.00000
23.56242
28.08321
31.41479
38.00000
24.89352
23.62202
40.00000
22.01136
25.15287
21.28820
22.09575
35.50000
39.00000
27.06782
25.68073
29.13188
35.50000
40.00000
41.00000
32.41742
29.95309
39.00000
37.50000
37.50000
27.35365
20.07386
34.50000
31.03045
24.25258
35.50000
26.08107
21.68525
23.90607
20.64946
21.21762
18.24938
26.12829
26.64934
23.09221
40.50000
35.50000
28.59293
33.55923
34.96983
40.50000
30.21405
22.24157
23.15167
27.25599
29.40899
29.79933
28.80201
27.17842
21.83461
24.00463
20.73644
39.50000
32.22146
26.50000
30.26916
27.35365
25.84999
36.00000
26.72078
27.04163
29.27266
21.93171
22.41093
24.89352
24.72965
24.56624
28.83032
31.00896
21.98153
10.88853
21.63844
28.11089
25.85053
31.28365
24.31435
21.98153
16.89921
29.35227
18.65047
20.58367
44.00000
38.21867
19.14576
24.94494
24.99778
31.79098
25.46566
27.96762
20.71835
25.06990
19.55914
42.00000
46.00000
24.78351
18.83315
24.55988
22.66176
19.66437
22.48456
30.40102
43.50000
32.60198
27.82086
20.51219
29.01724
28.52192
29.78068
43.50000
22.44298
37.50000
38.00000
23.15167
26.96757
40.50000
35.44009
41.50000
23.50931
29.00958
21.47528
23.92117
30.53959
39.50000
24.32463
26.13214
25.78113
33.25658
25.15287
29.87753
23.56242
28.39014
25.66450
34.50000
31.00896
31.84686
27.17842
28.94055
33.00000
28.80201
28.40579
31.50000
27.25599
26.88659
33.00000
25.95295
35.00000
23.62202
30.26916
25.30261
27.37700
28.19377
31.50000
27.50000
30.94439
31.20897
32.50000
34.70831
27.25599
29.32955
32.00000
26.88246
24.05203
27.53584
24.72965
28.00397
28.80201
28.85981
31.47839
30.47403
29.79933
34.50000
28.66279
31.67894
30.81486
31.88521
37.00000
30.86530
31.14783
39.63164
32.22146
29.50000
27.94041
20.70628
25.70019
19.96177
26.54556
44.00000
24.44495
28.66279
17.53853
33.00000
39.00000
27.52373
31.88521
31.00000
30.15884
23.15572
43.00000
24.72221
25.10423
34.00000
29.60105
29.60105
30.53959
33.00000
35.00000
30.07029
34.02940
36.17550
31.37940
25.92296
26.41128
24.68918
34.50000
35.86394
34.56716
29.63481
26.24669
35.00000
37.50000
33.50953
30.34615
33.15955
24.85067
24.58093
21.45344
27.86076
25.62984
33.50000
31.00896
36.50000
27.26720
32.40370
26.98148
23.81570
20.86720
24.66272
24.41823
22.71976
21.09947
40.00000
27.34045
17.65220
24.55380
22.74863
24.66146
22.29910
19.28514
34.09790
25.11349
31.88521
36.50000
31.94787
35.00000
24.53569
27.53584
25.92658
23.93742
25.49510
23.88907
26.54974
23.66901
38.50000
40.00000
26.31064
29.55503
25.62226
20.81922
29.22328
41.50000
21.57545
30.34615
27.10166
22.28228
40.00000
23.79542
22.52082
31.56299
39.67367
27.32927
24.58093
37.74770
38.50000
25.49510
26.23399
28.47221
31.28365
24.49872
24.08780
35.50000
36.38070
31.84337
27.45097
33.00000
26.24669
24.55380
30.07029
27.93246
35.50000
27.92052
22.52221
36.00000
39.50000
22.15852
30.90128
25.10423
25.70384
27.13342
26.67747
22.28228
25.30261
24.77902
38.50000
41.00000
15.34872
26.27737
42.00000
43.00000
24.01041
36.00000
27.94041
26.97703
29.51083
27.77689
35.50000
22.17857
22.99275
25.61683
23.15167
36.50000
24.84452
31.94787
28.70927
43.00000
32.42770
34.00327
39.50000
28.70927
39.00000
23.33854
25.27227
30.15884
37.50000
32.69047
27.62698
23.50931
34.00327
32.96800
24.78225
33.62869
32.35566
32.14896
29.06315
20.09378
26.22380
29.13188
29.87753
27.17842
30.00370
31.20897
23.72678
25.38153
15.93738
29.00000
34.00000
20.94636
30.81486
26.88659
34.00000
34.29610
33.35666
28.61272
26.41969
27.72484
39.50000
28.38133
27.86076
18.97999
17.70875
27.39018
31.88521
36.00000
26.16295
21.68525
29.13188
28.69233
26.59992
28.39014
28.00397
26.23399
28.11089
23.28089
31.50000
29.60105
29.24466
27.25599
39.00000
32.50000
30.50000
24.99000
38.00000
25.97475
30.34615
27.13342
33.50000
21.30164
36.50000
23.92117
34.50000
38.50000
28.40579
32.00000
29.50000
33.00000
29.32955
25.00000
31.47839
31.88521
31.15552
34.00000
23.50886
30.91206
23.58363
26.43388
27.06782
15.69036
33.00000
32.50000
21.48384
32.14896
26.15764
36.50000
