18.91666
35.69314
34.47060
37.32143
14.28942
16.77051
40.00000
17.66883
19.45251
25.38153
21.29554
22.56518
18.20027
19.18821
18.61955
17.38354
24.11546
41.00000
19.38453
23.98437
17.99556
26.35811
24.99778
28.75568
32.50000
31.15552
31.50000
29.13188
34.49960
25.86020
30.03644
29.22328
29.97777
27.64457
26.19160
19.65165
20.98147
33.35666
33.35666
30.62679
40.00000
24.28077
32.13513
24.82312
23.88907
25.95295
39.00000
28.56024
27.60888
22.61084
28.57774
28.12275
27.62044
26.54974
25.99399
28.70927
27.19477
32.56820
25.50817
36.50000
39.00000
34.02940
37.00000
32.60198
16.16663
18.44417
34.02940
38.50000
31.88521
38.50000
36.50000
28.94055
23.70654
21.23582
27.74086
38.50000
21.43012
33.08911
22.11900
22.78569
23.71049
31.16979
27.71732
26.38602
39.00000
34.50000
20.71328
24.81305
26.24246
26.56478
24.41766
31.59465
22.47777
31.15552
24.50510
39.50000
33.50000
33.62869
24.38622
28.31409
23.60614
28.33137
35.00000
26.24246
26.78723
32.00000
28.39405
27.85678
25.74272
24.27447
36.50000
37.00000
37.50000
34.09790
24.72221
18.83614
21.87464
31.00000
23.37065
25.01999
26.37589
23.42008
32.61901
32.88701
24.84452
26.13214
30.50000
29.01724
32.88701
26.28093
27.26720
26.13214
24.16609
31.66842
31.28365
21.48384
26.83696
25.46934
25.42090
40.00000
21.51651
16.71327
28.20018
19.65299
21.13764
18.99474
29.32955
23.31309
29.50424
32.03123
26.71142
26.83696
27.57263
42.50000
25.62984
32.60198
40.61472
27.16040
32.78550
27.26720
24.28348
28.11139
21.21320
31.20897
24.89352
27.72484
19.89975
27.17842
26.54974
20.04595
20.88593
20.78912
32.31443
22.93878
28.51644
25.18308
25.67465
38.00000
25.61683
26.54974
23.41340
34.00327
14.40278
27.52373
25.90729
29.47315
22.30471
32.00000
41.00000
31.00896
35.00000
25.54408
31.75252
26.78723
23.95177
19.38453
28.75568
24.92990
29.38005
32.03123
36.91432
34.65384
35.40559
31.32979
38.50000
41.50000
31.67894
27.62585
23.19138
33.50953
33.24990
37.00000
41.00000
39.50000
29.22328
36.38070
43.00000
28.54626
29.97777
32.50000
35.39303
37.00000
14.41666
28.33137
29.72688
31.09484
34.00000
19.59592
34.00000
33.00000
20.98147
24.66146
21.83941
28.59293
24.84326
32.50000
26.15764
28.24103
31.50000
26.24246
14.82430
24.57005
25.56365
23.46673
21.32487
24.68918
22.71976
23.76447
24.53569
40.00000
26.54556
18.22087
22.49861
23.58363
23.76447
32.88701
25.04371
24.00463
30.00000
23.09085
30.00000
25.95295
35.70559
41.00000
30.81486
33.43651
34.00000
38.50000
38.50000
31.37232
41.50000
35.64953
26.70557
44.50000
41.00000
24.58997
24.94438
27.15797
29.78068
34.29610
22.01136
25.45953
25.61250
26.08107
20.32732
43.00000
27.86014
20.04994
38.50000
24.10783
24.62214
34.09790
14.19014
30.87373
38.26225
20.96092
22.17105
24.94438
20.93227
41.50000
25.03775
22.91697
23.41340
41.50000
23.94133
32.00000
34.56716
26.75234
27.15797
36.50000
35.03649
19.62244
26.49528
19.88090
29.38005
34.49960
31.94787
35.00000
18.72966
22.29770
36.33486
16.73798
16.63250
23.58474
24.46426
21.32340
22.40536
22.73030
22.51419
27.02314
19.12694
37.50000
24.07396
23.33809
21.07576
40.00000
36.44478
41.50000
40.50000
12.53994
40.50000
27.74086
38.00000
20.25463
22.83090
11.26765
23.80126
24.41823
26.39129
28.85596
25.75243
22.51577
23.51064
25.84932
26.09957
29.48823
31.00896
39.50000
30.62679
32.88701
37.50000
34.92214
24.91486
24.57005
21.50907
19.32615
30.01146
19.82896
33.50000
31.09484
33.29665
18.65978
20.47407
24.12468
38.50000
33.29665
31.94787
36.17550
27.86014
25.96512
27.31300
21.71837
23.08138
32.00000
26.24669
25.84999
25.10423
26.41969
31.00000
32.50000
29.87753
33.00000
30.09983
25.11349
30.26916
32.31443
31.56299
26.99537
27.72484
27.94041
29.51083
30.07029
28.19377
24.79415
24.57005
30.73905
38.50000
30.50000
32.69047
35.00000
35.50000
33.00000
31.47839
31.50000
30.90128
32.50000
36.00000
32.09707
32.41742
33.55923
27.65261
38.00000
22.59840
28.00000
26.13214
24.63230
30.00000
26.24246
34.00000
30.00000
27.72484
30.00370
27.18251
34.00000
26.71246
31.50000
30.21405
29.87753
30.47403
39.50000
24.64752
30.65217
32.69047
31.50000
34.00000
25.57342
25.38153
33.50000
30.43025
26.93047
35.00000
28.19377
34.50000
35.50000
28.47221
23.88907
30.21405
23.13785
32.69047
24.11431
25.49510
28.84874
23.06919
20.81466
23.79075
31.20185
21.65641
21.53340
26.08959
27.68009
16.48514
29.43956
29.40899
28.54626
31.20185
23.16652
31.66842
26.12829
23.62202
28.59293
26.42442
31.88521
26.98495
30.62679
32.35566
29.87753
22.48750
32.41742
38.00000
29.32955
32.60198
21.28820
24.38237
26.88659
29.51083
25.48638
39.00000
40.50000
40.50000
43.00000
28.75568
28.39014
31.88521
30.38503
21.76006
28.47221
37.50000
27.82086
28.19377
28.94055
28.00335
34.50000
32.35566
39.00000
37.00000
26.84937
28.66279
30.07029
36.00000
38.50000
32.22146
37.85352
20.01250
24.13892
26.31856
29.13188
28.57738
30.00000
32.00000
23.69995
30.00000
33.00000
23.34286
33.50000
36.50000
32.88701
24.19065
35.50000
24.39034
33.25658
26.08107
28.47221
32.00000
29.60105
30.15884
23.46673
34.49960
31.50000
24.23955
21.36586
30.91206
33.43651
28.03904
29.51083
21.11303
31.47839
21.29413
25.57342
41.00000
37.00000
22.49444
20.08731
17.46107
28.11089
23.24134
36.44478
36.00000
23.66901
26.51205
22.50000
23.37734
23.84324
25.00000
22.18530
22.38214
25.38153
37.00000
27.62044
21.33512
38.00000
26.23399
42.50000
33.35666
36.50000
30.09983
20.69783
25.22345
24.92990
34.02940
28.85981
26.08107
36.00000
29.87753
28.85981
26.26190
33.08911
33.50000
37.50000
27.39868
27.02314
38.00000
35.50000
26.59992
35.44009
26.98148
26.71246
35.50000
38.00000
29.00958
16.54035
30.00000
17.84579
22.74863
35.00000
24.41311
27.24427
18.37628
19.96716
21.13386
23.33809
21.74138
26.40549
28.47221
25.10478
27.26720
30.62679
37.32143
25.39070
37.50000
37.50000
29.87055
35.23571
38.50000
37.00000
30.81486
37.50000
34.92214
34.49960
31.88521
33.15955
18.18806
36.00000
29.69100
27.47524
29.33712
29.69100
33.24990
35.00000
41.00000
37.00000
34.29610
31.41479
30.62679
30.91206
32.50000
37.00000
40.50000
30.47403
30.53959
35.50000
33.00000
36.50000
39.00000
43.00000
40.00000
36.50000
35.50000
32.61901
40.00000
40.50000
38.50000
27.65261
24.46426
30.50000
24.84452
26.38602
42.50000
32.88701
36.50000
31.20897
36.50000
37.00000
40.00000
40.00000
15.85434
37.50000
35.00000
24.87343
24.68299
21.75431
32.56788
39.00000
39.00000
29.13188
31.62629
36.50000
30.68478
30.53959
32.41742
29.47315
37.38389
18.03469
29.40899
20.37615
37.00000
38.00000
39.00000
32.61901
23.97684
30.73905
31.00896
39.50000
33.82635
38.00000
36.00000
32.50000
36.50000
25.50000
23.44142
26.13214
31.75252
17.54102
14.29161
29.87753
37.50000
29.79933
32.14896
28.39014
38.50000
24.68918
28.75568
25.62984
23.36664
24.85067
21.40093
29.60105
26.78723
26.59992
27.35365
34.50000
34.50000
29.48823
23.78419
25.56365
31.75252
25.75243
25.77251
23.55313
42.00000
40.00000
32.13513
31.84337
36.00000
33.55923
32.42770
22.18530
39.50000
33.00842
37.50000
22.50555
25.83710
23.94133
29.55503
30.81486
28.75568
26.98148
33.00000
24.44381
19.93880
29.53341
34.00000
29.50000
32.50000
23.41340
27.64457
25.11349
21.97157
27.45097
24.22579
33.00000
29.13188
35.50000
24.14022
32.82614
31.67894
29.97777
29.40899
34.00000
34.50000
25.70384
25.09357
26.51205
29.22328
30.07029
24.84452
36.33486
39.00000
26.22380
32.82614
35.50000
28.75568
27.64457
30.50000
39.00000
34.92214
23.71049
38.00000
36.44478
26.41128
32.06590
29.50000
27.53584
36.00000
24.39034
25.13339
24.25258
25.12966
25.48638
27.65261
32.00000
13.13393
14.88917
25.57342
23.32783
21.43012
30.73543
23.44260
29.32955
36.50000
26.10555
30.50000
28.39894
32.00000
24.83277
32.31443
26.71246
25.97862
39.50000
26.73325
27.93246
25.31578
23.60614
24.60056
25.75243
28.00397
21.38598
38.50000
25.11349
34.00000
42.50000
37.06151
27.28553
24.44381
33.76718
20.12362
21.11871
21.56965
23.09085
24.38237
31.62629
38.26225
32.14896
20.12927
23.73157
19.97846
40.50000
23.03666
33.50000
24.68918
26.78723
33.50000
34.45125
24.22579
29.32955
29.06315
20.38235
30.07029
26.71246
39.50000
36.50000
30.73905
32.50000
25.73300
27.53584
35.50000
28.33137
34.50000
34.00000
24.08780
29.53341
21.89178
32.82614
24.58093
39.50000
22.18530
22.25281
19.89372
30.34615
32.82614
33.15955
33.62869
31.47839
28.28820
34.02940
37.00000
22.74203
20.24846
37.50000
21.65733
31.00896
22.09072
36.00000
37.50000
45.00000
30.91206
39.00000
40.00000
35.00000
26.78723
23.21398
25.70344
26.08959
31.66524
28.08321
27.69928
40.50000
35.00000
30.00370
25.62226
30.00000
36.50000
28.25221
36.50000
37.50000
32.03123
31.20897
31.50000
20.90903
38.00000
43.50000
41.00000
24.33490
32.13513
34.50000
36.50000
36.50000
28.59293
24.13892
25.82029
24.23324
29.48823
27.45097
27.38955
23.87860
40.50000
34.50000
30.62679
27.01029
38.50000
23.61261
24.96372
26.04270
29.95923
36.00000
29.22328
23.29998
27.25599
35.00000
25.11349
25.36237
19.72942
37.00000
37.50000
32.61901
21.67948
28.39405
37.00000
25.15287
23.90723
37.00000
20.65914
19.26623
22.86190
23.42363
22.48750
24.14022
28.50000
26.38655
28.24103
34.00000
27.53584
31.67894
33.00000
18.19231
29.40899
31.15552
19.73221
25.61616
21.59138
21.59259
41.00000
20.18663
20.04595
17.55389
21.75287
26.50000
23.36664
25.52450
23.78419
24.00463
33.00000
25.10423
24.01041
28.50000
26.24246
23.42008
27.06782
36.00000
31.28365
44.50000
40.00000
43.00000
19.77271
17.30433
20.78912
25.61738
27.47158
29.63106
18.96945
23.87860
25.99399
26.69582
28.54626
23.68122
21.93599
20.71684
23.97684
24.07396
22.74863
24.68299
28.57738
26.88659
23.97684
27.50000
26.71246
30.00000
30.50000
36.00000
17.37815
28.66279
24.91318
23.29998
33.50000
33.50000
23.15647
31.84337
34.50000
30.47403
28.85981
28.50000
31.00000
35.50000
35.50000
28.80201
33.00842
25.24986
28.57738
29.17000
20.29187
30.00370
41.00000
32.00000
25.77251
21.86750
33.55923
29.69100
39.50000
38.50000
26.95366
41.00000
23.35594
34.96983
38.00000
38.50000
23.21398
25.62984
29.40899
28.19377
35.17891
31.67894
31.67894
39.50000
37.50000
25.86020
31.62629
28.75568
23.66960
26.88659
26.39129
35.23571
27.33130
31.09484
27.94041
24.99778
26.78723
29.40899
35.00000
29.87753
26.38602
31.00000
27.82086
30.62679
34.50000
30.73905
31.67894
33.50000
26.31896
33.00000
30.53959
35.50000
29.04403
34.29610
14.57395
24.46937
32.00000
30.73905
25.19700
32.50000
36.50000
26.42442
26.31856
33.00000
28.66279
23.35594
37.50000
34.50000
29.87753
42.50000
32.31443
34.50000
27.53584
29.22328
32.50000
33.03870
24.16609
28.75568
28.12275
33.00000
23.68016
25.22276
35.50000
34.50000
42.00000
32.89377
41.50000
35.17891
30.81486
32.09707
31.75252
31.28365
29.32955
43.00000
32.88701
28.59293
24.83277
22.23033
24.85961
25.95295
27.32927
29.17000
28.01227
22.71915
20.43135
24.36300
28.50000
28.50000
26.08040
24.41766
38.00000
28.19377
23.98958
30.44485
26.98495
26.71142
34.49960
32.78550
34.50000
27.94041
21.40531
34.00000
32.50000
33.50000
37.50000
34.49960
24.68918
19.52402
30.50000
25.84999
26.21426
32.50000
26.24246
26.78723
29.48823
26.31896
31.75252
36.80580
17.13731
35.50000
31.00896
26.34862
38.50000
39.00000
34.50000
29.22328
30.26916
27.17842
33.00000
33.24990
23.83275
27.93246
26.15764
34.00327
20.04595
41.00000
36.44478
41.50000
27.77689
40.00000
24.25329
35.50000
30.81486
25.66450
27.15797
27.35365
26.41969
27.32927
23.19887
21.33659
20.09577
25.79244
30.68478
31.37940
23.02716
36.00000
19.25848
28.39014
39.00000
32.50000
26.24669
39.50000
40.50000
39.00000
29.53341
26.88659
37.50000
37.58546
24.84326
19.74437
36.64545
24.75379
20.89402
14.35923
38.50000
38.00000
30.91206
39.50000
40.00000
41.00000
33.98039
34.92214
38.00000
34.37376
31.37940
30.81486
31.20185
20.54805
44.00000
22.09638
31.67894
36.50000
29.04403
23.28089
34.02940
19.95464
16.77962
41.00000
26.08959
19.03260
32.09707
26.72078
41.50000
25.97475
28.82273
34.29610
34.09790
21.91318
36.38070
42.50000
30.91206
35.50000
23.12331
32.50000
31.50000
29.50000
28.75568
30.21405
36.00000
33.00000
36.00000
41.50000
30.34615
29.53341
38.00000
29.60105
31.50000
38.50000
28.51644
27.36215
29.06315
28.85981
28.12275
27.72484
23.98958
25.97475
23.80520
19.87932
33.25658
37.50000
38.00000
28.40579
26.44911
29.17000
28.08321
25.07364
31.28365
28.57738
27.17842
30.68478
25.11349
34.00000
24.58150
28.00397
24.53569
34.00000
24.68918
21.95877
29.80306
31.00000
24.25329
19.29306
26.71246
22.62051
25.84999
34.00000
20.49976
27.50000
23.63657
24.83277
22.23111
26.04270
22.98369
22.65364
24.91318
26.13214
27.45097
22.25668
27.01029
30.53959
34.00000
25.61683
30.73543
32.00000
30.26916
28.39014
31.62629
30.47403
24.81451
25.37100
25.07364
33.35999
41.02032
42.50000
42.00000
31.20185
19.28108
33.53605
21.36586
22.24298
38.00000
29.51083
27.17842
28.47221
29.40899
37.00000
29.27266
43.00000
28.39405
17.96524
33.15955
36.50000
24.84326
16.19413
36.50000
21.70829
19.58794
18.30847
36.00000
32.00000
35.14099
21.45320
19.86832
23.73157
21.64919
18.24938
17.82582
27.28858
23.48404
36.00000
30.43025
24.36300
29.27266
25.79244
24.70197
26.10555
23.71181
35.12201
18.32376
31.62629
30.53959
32.50000
33.29665
33.82635
34.00000
30.47403
33.76718
30.34615
39.00000
30.43025
33.00000
29.87753
41.00000
39.50000
16.33891
28.75568
21.28286
23.21398
20.21138
30.26916
24.14928
31.37940
21.98153
22.06367
36.50000
29.81191
23.44867
12.14724
32.22146
27.31300
21.29554
25.13339
23.62541
26.91073
41.00000
24.65766
24.98374
24.85067
23.22834
23.77499
25.51392
21.45320
21.65641
26.71246
21.29554
30.09983
13.56056
24.99375
38.00000
36.00000
20.52285
21.49977
23.17731
24.09746
26.05163
26.04270
35.50000
22.34390
24.38237
35.50587
29.22328
30.00370
25.03775
29.02872
40.00000
29.63106
36.50000
21.04493
24.53569
27.82086
37.00000
33.62869
40.00000
31.50000
25.56731
27.15797
22.81858
36.00000
28.39405
27.65261
27.31300
21.16979
22.38392
22.65364
27.64457
28.39405
34.50000
29.40899
30.50000
22.36487
20.72438
28.94055
31.00000
25.92296
26.24669
27.00000
32.14896
22.94559
22.00545
30.90128
27.06782
30.07029
32.50000
32.14896
26.18564
24.37596
29.13188
25.56365
29.51083
26.59417
24.37212
31.20897
25.30316
30.73905
27.78889
32.00000
38.50000
37.50000
40.50000
38.00000
37.00000
33.35666
32.22146
42.50000
37.00000
31.09484
30.65217
35.50000
37.50000
29.04403
34.56716
23.55136
21.45198
31.09484
25.66450
28.50000
30.47403
39.00000
36.50000
35.50000
31.84337
30.44485
25.78113
22.18530
22.70875
25.61683
36.50000
25.77251
25.74272
24.64117
39.50000
33.62869
28.00335
28.11139
32.88701
32.61901
38.50000
26.04270
31.28365
32.00000
27.85678
18.84808
27.23394
27.35365
21.66472
30.56505
37.00000
23.71181
24.06761
32.00000
24.85067
25.31139
28.54626
32.13513
31.67894
40.50000
39.50000
35.50000
16.39105
37.50000
39.00000
26.61179
39.50000
34.29610
41.00000
42.50000
26.83696
35.50000
35.50000
32.14896
25.03775
38.50000
25.95295
29.50000
37.50000
22.63625
36.50000
26.88659
27.64457
23.59025
25.92778
36.08324
35.50000
32.35566
19.58571
17.68238
29.50000
25.03775
25.30261
21.26470
24.82312
33.06895
23.62599
33.50953
29.01724
36.00000
28.28820
32.50000
27.92052
19.80909
24.17126
29.87753
39.50000
23.79542
24.47958
20.71714
28.39405
32.35566
29.79933
41.00000
29.47315
30.15884
29.42257
29.97777
21.79880
21.57545
25.36840
23.55136
29.48823
20.46185
17.43321
33.76718
39.50000
21.06389
24.00463
19.54482
20.17325
37.50000
20.49000
24.53951
40.00000
41.00000
34.49960
37.27674
23.36664
35.00000
25.03775
31.20897
26.88659
25.15287
22.25281
37.00000
34.02940
29.69100
20.08582
31.49603
27.06782
24.55380
25.00000
36.55437
30.73905
21.36726
23.08138
29.79933
32.22146
27.64457
31.84686
24.05203
33.62869
26.66083
31.02015
31.75252
33.50000
33.00000
36.38070
25.38153
29.33712
28.24103
22.40536
19.60867
32.00000
20.09975
23.04886
38.00000
24.21260
26.02990
24.72965
20.40152
20.41176
28.76195
35.97530
35.70559
32.41742
26.96757
30.44485
27.32927
23.29565
32.00000
27.15797
21.16601
29.79933
19.42936
42.50000
46.50000
23.34286
33.82635
25.50000
14.27445
20.80769
21.86893
26.24669
29.79933
28.39014
31.47839
32.00000
22.15147
25.30261
22.14018
22.61637
18.19856
27.72484
21.32340
28.50000
28.39014
30.50000
36.00000
27.65261
27.64394
26.51205
28.80201
28.59293
34.00000
34.50000
30.24346
25.70344
39.50000
29.00958
29.95923
37.00000
33.50953
36.00000
32.49957
30.81486
26.54556
11.77115
22.53192
38.00000
18.52532
28.85596
29.04403
32.49957
39.50000
25.59080
21.64486
26.06722
25.70384
28.75568
27.64457
38.00000
28.70540
23.71497
31.09484
26.80485
21.51485
22.23111
23.93045
27.25599
28.82273
32.22146
22.66176
24.18677
20.01718
42.50000
41.50000
31.00896
32.88701
23.69995
29.87753
19.52562
36.00000
35.50000
29.50000
20.79062
21.74090
22.08365
28.56960
34.49960
25.17053
29.22328
31.00000
23.46673
26.16295
27.82086
23.37734
21.54623
34.50000
26.98148
30.26916
25.62226
37.50000
27.92052
33.43651
23.46274
25.92658
38.73270
22.04904
27.82086
32.50000
21.86893
33.50000
35.00000
20.87678
34.23773
23.48404
35.00000
35.91038
29.93697
29.87753
38.00000
44.00000
31.41479
32.06590
32.41742
31.00000
24.27318
30.94439
33.50000
22.41651
34.00000
38.00000
34.50000
33.25658
38.00000
29.95923
27.47524
29.33712
25.61683
38.00000
24.13892
30.00370
22.77471
26.71246
24.85067
25.31578
27.15797
37.00000
35.50000
28.66279
26.85493
29.97777
38.50000
19.34554
22.12888
39.00000
25.19921
26.40549
34.50000
27.06782
32.00000
26.13214
29.50000
33.50000
24.65132
19.84943
24.91318
33.00000
33.00000
32.50000
29.79933
23.15707
31.50000
27.86076
32.00000
32.00000
41.00000
37.50000
36.00000
31.67894
27.18251
37.50000
33.50000
33.72767
28.47221
33.76718
25.79244
33.00000
24.85067
16.04854
32.00000
35.00000
25.97475
25.61683
21.70346
25.05369
37.27674
27.59529
27.39868
31.20897
27.82086
28.74456
24.38237
36.00000
30.47403
22.09497
38.50000
29.32955
33.50000
28.66279
29.13188
29.04403
30.21405
32.50000
39.50000
26.51205
25.49510
29.40899
28.54626
22.79254
31.20897
34.00000
31.41479
27.60435
31.50000
28.00397
22.21171
33.35666
33.62869
31.00896
36.50000
24.89352
37.00000
28.70540
27.82086
32.50000
34.00000
27.18251
34.50000
22.26404
27.47524
28.63019
22.94967
23.42008
26.08999
31.32979
32.22146
31.09484
36.17550
40.50000
27.82086
37.50000
34.50000
39.50000
22.07232
26.12829
23.78419
24.34475
24.71167
26.71246
33.50000
39.50000
25.57709
22.98347
