37.50000
24.65132
14.30245
25.61738
36.05859
44.50000
47.00000
22.72664
16.13196
19.18821
17.28439
32.26744
18.76166
15.48677
19.97968
20.30369
19.50000
20.09975
25.24876
21.33512
18.17031
38.21867
26.55654
23.39204
30.23553
23.29998
24.33490
19.16664
20.56599
21.13975
21.27596
29.50000
26.78723
28.39014
28.87136
41.50000
15.92757
34.50000
37.00000
29.04403
24.68172
36.50000
34.50000
30.53959
28.24889
32.31443
34.50000
38.00000
33.50000
37.96782
35.00000
35.17891
35.23571
40.50000
27.98015
45.00000
27.20754
26.09119
27.96762
26.71246
29.50000
26.98148
21.98153
23.22714
28.66279
33.50000
24.28992
28.00000
24.71336
32.00000
27.17842
28.87136
34.50000
28.66279
27.72484
27.64457
28.28820
29.00000
36.00000
22.10204
33.00000
31.50000
27.45097
29.32955
27.39018
28.85981
25.77251
25.81182
25.30316
28.94055
31.50000
39.00000
31.00000
33.55923
31.88521
40.00000
22.98309
37.00000
42.50000
40.00000
36.59083
40.00000
19.70178
18.99052
32.96800
26.37589
34.45125
22.50555
21.64919
30.81486
36.59083
34.49960
23.21099
23.83799
17.85945
20.83717
23.54782
18.53881
40.50000
37.50000
37.58546
31.28365
27.60888
24.78351
19.14158
16.04161
21.21910
28.19377
20.23611
20.93293
34.96983
36.00000
17.10439
20.90903
14.78175
26.95830
29.58040
21.17044
21.51017
18.77658
23.69599
33.06895
30.09983
24.65132
28.11089
24.25258
35.00000
38.00000
36.00000
34.84250
33.82635
33.35666
25.74801
22.00505
34.49960
45.00000
19.81792
30.30161
40.00000
37.00000
40.57366
36.50000
36.00000
33.29665
38.50000
18.93410
34.96983
39.00000
41.00000
18.66976
23.04886
21.35855
22.55364
25.13961
30.36857
40.00000
29.69100
21.74601
33.50000
28.39014
25.48529
31.47839
28.57738
30.07029
34.00000
34.00000
28.59293
25.84999
21.65064
30.26916
31.59465
21.60926
29.33002
29.34706
20.23858
35.50000
36.00000
27.15797
17.52027
23.53720
26.51205
24.27447
39.00000
38.50000
37.50000
38.00000
27.57263
28.80201
26.38602
21.09597
22.09497
20.34306
25.87832
27.14199
42.50000
27.25599
33.00000
35.50000
41.00000
41.00000
29.08930
34.96983
40.00000
32.22146
41.00000
18.17966
26.28093
36.50000
26.88659
28.01227
34.00000
22.83759
34.50000
31.15552
28.25221
28.47221
31.50000
23.13093
22.82542
35.50000
26.71246
24.16609
31.00000
24.70324
30.94439
37.00000
28.47221
26.53653
26.88659
36.50000
30.34615
34.00000
36.50000
30.26916
22.66176
39.50000
34.50000
40.50000
27.94041
32.35566
38.00000
31.37940
37.00000
28.39014
33.50000
33.00000
29.13188
32.78550
31.28365
44.00000
24.68918
36.00000
23.58495
24.63511
27.00000
25.72072
27.53584
29.95923
29.17000
30.24346
25.19700
31.00000
27.77689
29.22328
30.00000
26.16295
31.28365
31.00000
33.00000
39.00000
32.49957
26.35811
27.62044
26.24669
33.15955
35.50000
38.50000
30.07029
29.35227
24.53951
28.11089
23.83799
37.50000
24.39775
24.38237
21.28820
21.68317
21.76133
21.55551
24.65279
24.99000
39.00000
32.56788
34.56716
33.50000
29.38005
31.37940
33.00000
29.87753
24.91318
41.00000
36.00000
40.50000
35.59026
33.62869
36.00000
32.82614
36.50000
22.91288
19.39691
19.04311
22.62051
23.98958
24.88976
21.92459
29.62263
26.73741
18.51054
17.86617
18.38987
28.19377
16.26516
43.00000
21.08317
29.04403
19.25617
21.92459
28.87136
36.00000
29.97777
24.34132
43.50000
35.59026
19.05781
20.60340
21.31168
33.25658
19.16664
23.85765
30.34615
17.38354
12.76715
28.19377
36.50000
29.13188
37.00000
29.87753
35.50587
25.88919
33.50953
39.50000
12.63263
27.35365
23.37734
37.50000
21.91397
21.11871
28.33137
35.50000
26.40549
25.53919
26.04270
30.43025
32.41742
26.10555
33.50953
27.65261
23.27015
34.00000
33.50000
33.50000
25.36114
31.94787
34.00000
24.30535
28.12917
25.48638
18.48892
23.68016
31.00896
24.66272
32.96800
30.62679
32.13513
33.62869
35.70559
30.24380
25.77251
27.31300
25.03775
22.62051
30.07029
35.70559
32.96800
24.41695
33.90510
25.24986
33.50953
18.44587
35.97530
34.50000
33.90510
37.50000
36.50000
38.50000
37.50000
26.24669
39.50000
28.19377
25.66450
36.00000
39.00000
19.17916
40.00000
32.69047
22.94967
26.40549
27.31300
23.47102
29.95923
29.04403
35.14099
39.00000
31.75252
21.53340
24.21260
36.00000
36.00000
29.00958
32.50000
31.28365
33.71778
32.35566
40.00000
34.23773
30.44485
22.38722
32.25248
34.09790
27.39018
27.23394
24.19065
25.39029
31.51014
44.50000
26.67747
37.50000
34.00000
40.10265
35.70559
22.99275
35.03649
23.76973
41.50000
43.00000
39.50000
37.50000
35.86394
36.00000
39.00000
19.96246
32.88701
32.56788
27.38955
33.76718
26.51205
30.44485
22.28228
33.50000
22.57211
26.13214
34.00000
36.00000
25.99399
30.53959
23.79542
36.00000
38.50000
30.21405
27.82086
30.81486
42.00000
23.85372
23.65772
28.75568
31.09484
32.22146
36.00000
33.00000
36.00000
29.51083
30.43025
31.28365
31.00000
31.50000
30.00000
32.82614
29.79933
37.00000
26.71246
28.39014
40.00000
24.08780
26.44911
32.50000
22.99275
32.50000
23.35594
30.07029
25.38153
29.60105
27.53584
30.00000
28.94055
30.53959
25.30316
33.00000
22.66054
34.65384
33.35666
32.49957
41.50000
36.50000
36.00000
26.84937
35.86394
35.23571
32.53716
29.53341
23.94133
27.77689
29.97777
22.94967
23.78419
26.22022
30.34615
33.29665
40.50000
18.85471
38.00000
34.29610
25.85537
24.61707
23.04103
36.38070
32.69047
25.19700
33.50953
31.75252
32.82614
39.50000
29.13188
38.00000
27.82086
31.37940
26.80485
36.50000
26.88659
37.00000
37.53221
27.04163
28.00397
21.40093
38.00000
37.00000
26.87006
38.50000
39.50000
38.50000
39.00000
36.77862
40.50000
28.41984
32.61901
38.50000
35.50000
30.35107
25.92296
33.72767
21.64486
18.44343
28.19377
24.00463
26.24669
22.64398
35.00000
29.79933
26.54974
29.74335
20.16185
32.78550
35.50000
40.50000
21.57979
41.00000
25.59080
23.67840
23.17086
41.50000
21.63844
25.82419
27.94041
32.42770
26.73741
39.50000
38.50000
24.14309
36.71815
34.65384
24.34475
18.34318
30.24346
39.50000
21.33659
19.31839
26.69582
28.75568
24.01432
33.29665
27.44995
42.00000
23.67488
29.40899
44.00000
23.97684
24.25329
23.76973
22.72664
22.46419
27.60888
25.38153
27.60888
34.96983
33.15955
34.50000
34.29610
26.61179
41.50000
42.00000
41.50000
35.03649
41.50000
32.22146
37.96782
39.50000
33.98039
42.00000
30.15884
32.50000
30.81486
40.50000
29.01724
32.50000
30.68478
26.71246
22.77471
22.71035
21.70829
26.98148
24.08780
25.84999
26.71246
32.00000
26.88659
39.50000
32.50000
36.00000
28.97413
33.43651
26.22022
32.00000
30.94439
27.64457
30.21405
32.50000
33.15955
33.62869
38.50000
30.00370
26.41969
35.50000
32.00000
33.50000
25.77251
26.91963
33.50000
29.50000
37.50000
27.01029
24.71167
33.29665
30.34615
32.61901
27.62044
15.70032
21.36001
23.28089
24.23955
39.50000
22.78706
21.64871
22.40954
28.57738
19.93740
28.57738
24.83277
19.54891
25.70384
24.31563
26.19518
35.50000
29.50000
21.64871
24.44495
20.74096
33.50000
24.94494
23.97684
33.00000
28.00397
33.00000
29.00000
36.50000
32.31443
34.00000
30.00000
28.66279
30.00000
31.50000
32.00000
29.00000
25.66450
26.91963
33.00000
34.50000
32.50000
34.00000
27.14199
33.50000
33.50000
23.15167
23.28089
32.00000
37.50000
29.17000
26.73741
28.94055
24.53569
33.00000
35.00000
32.09707
39.50000
24.85067
27.18251
20.26697
33.03870
24.38579
25.31578
24.84452
26.78723
27.32927
21.05802
19.18821
28.82273
28.39344
31.67894
46.50000
26.98148
31.37940
39.50000
39.50000
38.00000
23.83799
31.20897
25.11349
17.34034
36.50000
37.00000
32.61901
39.50000
33.50000
22.39544
23.50931
23.25269
28.28820
25.93742
26.97221
28.99138
33.90510
38.50000
32.03123
23.28492
38.50000
26.04270
36.00000
31.12341
24.56737
29.22328
28.18244
45.50000
25.31578
34.23773
26.55654
34.18577
28.46928
34.00327
24.25902
23.93089
32.96800
27.94041
24.76388
29.27266
30.65217
26.78619
27.31300
33.50000
36.00000
33.50000
35.17891
26.72078
39.00000
29.63481
29.35227
29.04403
36.08324
21.32487
37.00000
43.00000
40.50000
27.01029
35.00000
31.56299
24.07670
20.58543
29.40899
24.46426
32.50000
24.53569
32.50000
19.45867
21.13498
23.36664
23.47102
20.94636
23.47738
26.26190
19.96716
23.05835
21.04014
21.99454
34.96983
36.50000
37.50000
29.87753
38.00000
40.50000
40.00000
36.08324
29.32955
29.00862
23.02694
24.76388
14.46928
29.60105
25.42022
18.24144
27.66315
32.41742
22.60946
27.25599
24.44381
27.35365
21.35855
26.41969
30.53959
18.92584
23.79542
37.50000
33.62869
29.22328
30.00000
23.15572
27.78889
18.90914
25.59785
27.25599
26.34862
18.95389
20.43282
20.01718
34.49960
31.47839
32.35566
30.07029
34.50000
27.86076
25.57342
24.55988
34.50000
26.51205
29.04403
30.26916
24.34132
21.48255
30.50000
33.50000
26.31856
30.94439
25.39193
24.26245
24.91318
29.40899
32.35566
36.50000
27.92052
33.00000
39.50000
29.48823
34.00000
33.00000
33.00000
28.39014
40.50000
30.00000
34.50000
32.00000
26.31856
23.95177
22.29770
30.00000
31.00896
30.47403
32.61901
24.94369
28.89444
32.60198
32.31443
39.00000
39.00000
32.56788
34.09790
33.29665
26.18205
32.50000
22.28004
29.02872
39.00000
38.00000
26.78619
40.50000
30.53959
34.45125
29.69100
27.75225
33.35999
21.90342
41.50000
36.50000
25.15287
27.58170
30.91206
26.42442
29.00000
24.81305
23.31309
27.65298
41.00000
36.00000
40.50000
28.28820
37.50000
24.68918
32.78211
34.00000
24.70324
30.44485
28.75568
38.50000
39.50000
25.70019
33.29665
23.89328
39.50000
42.00000
31.84686
32.41742
32.96800
37.00000
42.00000
38.00000
40.00000
41.00000
29.79933
40.50000
36.50000
23.93742
23.41340
25.92296
33.15955
30.21405
36.64545
23.82226
23.58495
31.50000
20.72100
31.47839
38.50000
36.50000
32.31443
36.00000
32.35566
40.50000
39.00000
38.50000
37.00000
32.00000
32.26744
21.92459
37.50000
40.00000
36.00000
38.50000
30.62679
24.03513
27.13393
31.20185
30.44485
32.42770
38.50000
36.50000
39.00000
40.00000
27.45097
30.73905
33.00000
26.08959
28.94055
35.50000
24.26245
22.06099
32.50000
28.94055
32.50000
29.13188
23.76973
32.00000
36.50000
39.00000
21.24984
32.78550
34.50000
36.00000
34.49960
27.93246
39.00000
32.09707
37.50000
24.43742
30.03644
25.27350
24.81305
32.50000
30.34615
30.50000
28.08469
34.00000
30.50000
30.07029
30.50000
22.00568
22.46525
12.82576
27.19477
26.10555
41.50000
39.00000
32.00000
19.47717
23.28492
27.53584
26.24669
22.38722
32.89377
21.50581
28.12806
26.91963
28.84874
31.00896
31.52281
20.58924
28.47257
18.91795
21.40531
27.08667
28.85596
28.50000
27.32927
31.09484
33.00000
27.77689
23.47102
35.50000
37.50000
39.00000
37.00000
38.00000
24.52932
31.01612
29.67977
19.65324
21.79449
25.99399
20.21138
34.45125
18.08425
27.94041
25.19425
25.84999
25.15287
16.02997
34.50000
28.40579
30.01146
35.44009
21.85606
25.53919
39.00000
32.03123
32.14896
21.12315
21.85040
26.99537
23.15167
24.75379
24.13892
29.27266
28.97413
22.29770
24.57005
18.53881
39.00000
34.45125
30.53959
33.03870
34.00000
37.00000
30.00000
34.00000
34.50000
26.88659
26.31856
37.50000
35.50000
33.00000
36.00000
24.91318
35.00000
35.50000
29.60105
38.50000
39.50000
33.00000
25.31578
31.00000
29.13188
26.88659
24.84326
31.84686
31.75252
23.90607
20.86115
22.13052
39.50000
29.69100
32.88701
28.85981
29.97777
31.20897
34.56716
26.67396
29.13188
34.50000
29.80306
32.69047
25.00000
29.40899
25.01375
21.24265
25.38153
22.14018
15.57776
25.31578
36.00000
37.00000
32.82614
24.16609
24.21260
18.68656
24.45858
26.71246
37.50000
20.40067
39.50000
40.00000
39.00000
36.50000
38.50000
34.50000
32.14896
24.91318
21.65064
25.17053
37.00000
31.00896
39.00000
40.50000
28.08469
29.60105
33.50000
38.00000
28.66279
39.50000
34.50000
36.00000
26.41969
34.50000
31.84337
19.21425
24.31563
29.80247
26.41128
40.00000
26.38602
37.50000
39.00000
28.47221
29.90401
29.13188
34.50000
22.65364
37.50000
26.08040
28.04015
32.00000
37.50000
39.00000
27.35365
34.00000
31.20897
29.13188
33.50000
28.19377
26.51205
26.98148
29.22328
31.28365
25.95295
32.50000
31.50000
26.04270
23.22714
33.55923
30.47403
36.50000
34.50000
22.07232
22.32011
29.79408
37.50000
33.50000
22.36565
20.27776
20.35927
36.50000
19.20069
29.22328
30.26916
23.98437
24.89352
21.76436
26.61179
17.91105
27.08423
31.62629
41.50000
20.32701
26.84937
27.01029
30.15884
25.31139
25.70344
39.50000
25.82419
41.00000
28.08321
29.04403
39.50000
32.88701
40.50000
34.89349
34.09790
29.80306
34.02940
34.29610
29.38005
17.99132
36.08324
24.80423
20.82200
25.30261
25.10423
31.00000
30.15884
32.22146
24.96372
24.34646
30.09983
28.66279
27.82086
25.13339
31.88521
39.00000
31.56299
33.00000
28.11089
28.19377
34.50000
29.06315
33.50000
30.00000
25.95295
28.85981
28.80201
30.34615
32.50000
31.47839
34.50000
24.96372
38.00000
21.36586
31.97167
44.50000
27.23394
34.00000
32.82614
26.50943
23.86813
36.85105
38.00000
36.38070
36.50000
28.24103
38.50000
36.50000
23.71049
41.50000
25.95295
31.27299
28.66279
25.42145
20.46069
40.00000
32.56105
33.82635
26.83696
25.31139
44.50000
41.50000
15.61282
17.55527
17.61363
26.84937
24.23955
22.34950
29.79408
21.76436
30.56505
19.47922
28.28820
37.06151
32.00000
15.95744
17.77092
27.72484
22.69912
24.70197
31.66842
25.46021
21.21910
23.12331
28.33137
28.19377
19.63670
22.34390
17.85182
25.83710
17.70875
22.56657
20.43418
21.85304
20.98147
19.67708
22.94559
29.04403
37.50000
33.98039
37.50000
28.75568
28.39014
30.62679
21.89178
26.59992
24.68918
29.31818
30.73905
24.68299
36.50000
30.53959
25.36840
25.49510
23.71181
34.50000
30.50000
24.43440
28.24103
33.29665
26.94851
40.00000
33.50000
26.13214
21.31168
21.43012
24.77272
22.09575
26.69582
29.00958
27.94041
25.84999
24.62214
29.27266
31.94787
34.00000
36.00000
29.69100
35.00000
28.47221
33.29665
31.88521
30.81486
35.50000
27.82086
25.84999
28.59293
31.50000
33.50000
13.80896
32.00000
31.37232
26.18205
28.94055
32.50000
35.50000
25.48638
27.72484
30.81486
31.41479
30.26916
27.65298
30.53959
27.17842
27.15797
30.73905
26.29045
31.94787
37.00000
32.22146
42.50000
34.96983
30.81486
32.49957
33.47968
17.79045
16.13227
11.98332
17.64228
41.00000
30.44485
34.09790
20.01000
44.50000
39.50000
29.13188
36.50000
30.07029
38.50000
33.00000
30.68478
37.50000
33.50000
35.50000
39.50000
33.82635
27.50795
22.47638
39.00000
32.14896
37.06151
33.50000
32.96800
26.61179
32.42770
30.50000
38.00000
35.50000
25.92296
29.79933
35.50000
31.00896
24.06242
31.50000
33.00000
29.60105
33.50000
31.41479
29.60105
25.84999
27.96762
24.22579
35.00000
27.86076
24.13892
30.53959
33.00000
31.00000
27.06782
27.13342
27.94973
32.06590
36.08324
37.50000
35.50000
28.71846
32.61901
33.98039
38.00000
34.49960
32.14896
36.64545
33.00000
40.00000
24.25902
25.00000
27.08667
28.44293
26.69582
33.06895
24.55380
23.19887
28.94055
29.13188
23.88907
33.90510
41.50000
20.64364
21.87464
26.53653
25.43005
20.70024
32.41742
28.54626
22.89514
29.87753
32.56788
37.50000
27.64457
27.47158
21.34104
33.50000
34.50000
31.67894
27.69815
34.00000
31.00896
31.00000
28.94055
32.00000
31.94787
30.90128
31.15552
26.04270
19.98399
27.27063
27.15120
25.61250
33.55923
35.00000
34.50000
32.13513
25.84999
25.13339
32.00000
37.50000
36.00000
31.50000
26.88659
24.07670
29.79933
31.00000
28.75568
25.01999
25.61683
23.11250
28.54626
36.50000
28.24103
38.00000
14.72031
35.00000
27.94041
27.25599
17.68163
22.43184
18.07450
27.17842
36.71815
37.11544
45.50000
42.00000
27.28858
40.00000
37.53221
40.00000
34.00327
30.24346
22.08365
27.65261
17.66352
38.21867
27.39868
32.88701
21.45198
21.98295
20.89856
32.09707
44.00000
38.50000
36.50000
41.00000
22.96056
43.50000
21.33659
41.50000
42.00000
36.50000
41.00000
35.23571
31.67894
35.50000
20.58367
36.50000
29.79933
33.50000
21.24984
30.50000
33.29665
24.96498
23.32857
39.00000
21.92411
25.70344
42.00000
34.02940
20.00625
33.35666
35.50587
20.73644
29.43920
21.02974
20.67742
22.99275
28.39405
40.00000
23.90607
28.28820
29.60105
28.85981
42.50000
29.51083
27.32927
32.69047
34.09790
26.39129
31.01612
27.32927
20.87487
40.50000
43.50000
39.50000
33.43651
22.56518
29.63481
39.50000
37.00000
27.62044
39.00000
32.00000
34.50000
23.90723
34.37376
24.85067
28.08321
23.68940
24.05722
22.88134
22.29770
34.00000
25.92658
25.01999
24.14022
29.04403
28.39405
24.99000
32.00000
27.53584
35.50000
32.35566
32.41742
35.40559
30.53959
30.50000
24.08780
29.95923
40.00000
37.00000
33.50000
24.87971
23.82226
23.08138
24.54078
22.44298
26.45161
27.25599
17.26731
26.13214
21.87893
29.40899
24.99375
19.92586
20.28957
42.50000
17.67484
27.08667
19.14419
23.63260
24.45858
25.09095
14.54304
22.33131
26.08999
40.00000
30.40833
32.88701
32.78550
29.27266
13.74627
23.15647
21.76436
24.74874
15.34927
23.47738
21.89749
39.00000
21.75431
36.50000
18.06239
28.70540
35.50000
16.44688
26.95830
22.29770
30.26916
27.21213
22.28228
31.96178
20.19127
35.39303
41.00000
39.50000
25.56365
22.63294
27.93246
30.81486
36.17550
29.13188
28.94055
34.66987
26.08107
29.78068
24.68918
26.66250
25.66450
29.00000
25.48638
33.50000
24.22579
26.59992
23.50886
23.69995
27.79388
28.85981
20.94487
26.54556
21.38340
26.60827
23.28492
28.70540
45.00000
30.62679
31.88521
35.50587
28.85596
21.49855
27.64457
34.00000
36.50000
29.87753
32.61901
28.50000
29.80306
24.33619
29.33712
30.62679
20.94636
33.25658
32.96210
30.13673
29.87753
23.28089
20.74849
30.09983
23.14087
35.50000
33.82635
44.50000
33.24990
39.00000
33.24990
44.00000
30.86890
39.85251
34.96983
41.50000
42.50000
38.50000
38.50000
21.91461
36.64545
25.26856
27.19477
30.53959
34.65384
24.57005
27.47120
22.54378
36.44478
33.47968
27.94041
39.00000
24.25329
26.41128
40.00000
25.49510
32.42770
43.50000
31.37940
21.45926
19.68756
36.50000
35.50000
34.47060
26.19518
25.66450
34.50000
31.00000
31.47839
31.47839
40.50000
35.50000
28.85981
35.00000
27.50000
22.98369
26.78723
25.77251
23.20560
32.14896
24.59593
21.21910
21.32487
33.00000
29.32955
18.78723
24.94995
25.75243
34.00000
33.50000
35.50000
34.50000
18.75333
14.31922
35.50000
26.29045
35.00000
34.50000
37.50000
24.92990
34.00000
27.26720
26.31856
26.52711
28.47221
35.12201
32.41742
30.72820
33.50000
34.00000
31.50000
27.60435
33.15955
31.00896
29.60105
29.06315
30.81486
38.50000
25.56365
36.00000
24.33490
37.50000
25.95295
27.01029
20.63589
22.61327
32.96800
21.78732
23.79075
26.78723
24.56624
36.00000
27.33130
25.94706
24.00463
36.50000
30.26916
33.76718
38.50000
41.50000
38.00000
34.50000
27.72484
26.54974
41.50000
33.76718
32.03123
40.00000
36.50000
38.00000
19.51282
38.50000
23.36664
21.40467
31.49603
20.52285
23.45208
24.13892
38.50000
31.41479
41.00000
38.00000
38.50000
39.00000
