13.51619
16.92631
47.50000
19.31321
43.00000
44.50000
33.46173
36.91432
40.50000
16.54569
19.46150
32.61901
36.00000
37.00000
18.75333
26.19160
13.54400
24.66146
20.80598
32.03123
38.50000
15.65375
18.55323
19.51068
21.13197
37.02552
14.99166
23.90723
19.65095
15.11805
16.02147
18.63974
30.21405
18.81914
29.92073
24.10394
37.00000
16.61889
18.07623
21.54501
27.51818
26.16295
26.09598
15.33101
28.99138
24.41311
25.15287
38.00000
20.52438
39.50000
28.54626
36.17550
24.39034
28.54626
25.82419
34.50000
28.75568
29.17512
27.93246
23.86813
31.41479
27.63490
25.31139
24.23955
31.56299
31.59465
26.78969
27.47158
30.34615
30.50000
33.00000
37.00000
39.50000
28.24103
32.82614
28.94055
31.84686
22.50972
30.26916
35.39303
39.50000
38.50000
37.50000
35.23571
30.00370
27.22476
29.40899
27.15120
17.22092
25.85053
25.43005
22.32011
27.65261
30.73543
34.56716
33.08911
32.00000
26.88246
27.53634
19.80909
24.07396
25.19300
24.99778
31.67894
33.08911
25.92296
32.13513
21.32487
25.48638
29.23848
26.71246
32.50000
32.00000
24.60056
27.15797
32.50000
24.85067
20.12461
39.50000
30.50000
27.45097
21.64486
26.51205
22.96193
28.85981
27.32927
24.68918
28.70540
27.47524
30.68478
33.00000
31.84686
29.80306
34.00000
23.13547
26.69582
37.00000
19.54891
30.53993
19.66437
36.91432
34.23773
44.50000
33.29665
26.31856
30.94439
20.31420
39.50000
39.00000
21.75287
33.15955
39.50000
19.82524
22.28228
30.73543
30.71950
31.57927
19.61020
22.61858
27.45097
28.66279
27.82086
26.41128
23.09882
40.00000
22.36487
25.31578
26.09119
31.28365
21.00095
26.05163
26.04203
27.01029
29.40899
22.55364
38.00000
23.47738
24.52550
24.41311
25.48638
10.33468
22.88422
16.38512
20.17325
19.05151
33.00842
38.00000
28.11139
33.50953
35.50000
28.19377
32.50000
26.51205
24.07396
23.95177
22.53192
28.57738
33.50000
30.07029
22.28228
32.50000
26.50000
27.53584
27.86076
21.91397
24.84326
38.50000
39.00000
44.50000
27.80625
28.70540
35.64953
30.43025
33.90510
23.47102
22.79666
40.50000
13.82706
21.50907
45.50000
27.45337
41.00000
41.00000
18.97861
37.00000
31.41479
34.76588
34.09790
38.50000
39.00000
28.61272
38.00000
27.35365
28.54626
33.90510
35.00000
40.00000
33.15955
41.50000
27.19853
20.66495
41.50000
30.91206
30.53959
34.19877
39.00000
24.41311
36.50000
25.36237
22.39838
28.66279
24.38579
24.34475
23.45608
32.00000
39.00000
31.75252
30.09983
30.07029
29.74335
38.00000
33.29665
32.88701
39.00000
34.50000
30.81486
34.50000
29.48823
35.50000
35.50000
31.47839
40.50000
32.61901
33.90510
39.00000
25.95295
31.00000
23.92117
25.79123
30.53959
27.01029
35.00000
28.00397
21.96019
34.50000
40.00000
39.50000
28.33137
22.91375
24.25258
41.50000
33.50000
37.50000
34.09790
28.57738
28.59293
27.35365
29.53341
26.71246
35.00000
27.25599
27.77689
24.32077
28.66279
23.89561
21.36726
20.21287
32.96800
29.22328
41.00000
27.38955
28.75568
28.08321
32.69047
26.72078
29.97777
28.19377
32.53716
27.39018
35.00000
31.00000
33.50000
28.76727
26.98148
30.21405
35.00000
33.00000
40.50000
29.63106
39.50000
37.50000
30.26916
40.50000
22.10204
24.53569
24.91318
22.99321
29.27266
32.13513
32.03123
26.24669
31.20897
38.52560
27.75225
39.00000
36.50000
28.53458
30.15884
34.50000
28.12917
31.75252
39.00000
34.09790
35.00000
28.00000
25.61683
24.85067
32.35566
34.00000
26.03243
31.15552
27.82086
41.00000
40.50000
34.50000
22.42209
29.00000
27.53584
34.00000
25.17053
29.50000
15.85087
33.50000
34.50000
30.15884
36.00000
27.53634
37.00000
27.64457
36.00000
40.00000
43.50000
32.88701
29.97777
34.23773
29.69100
25.45953
36.00000
36.00000
36.00000
24.41311
27.92052
25.01375
29.04403
28.00397
36.50000
32.00000
24.16609
20.18316
28.69233
26.98148
32.49957
22.52643
28.39014
22.00568
24.72965
31.75252
30.86530
21.84605
26.70557
27.62044
28.24103
23.26478
21.13055
17.69746
23.44260
24.22579
27.92052
35.00000
26.24246
37.00000
30.68478
28.08469
30.81486
27.45097
26.87006
23.17731
26.78723
36.00000
39.50000
28.80201
28.80201
31.00000
32.06590
26.78723
34.92214
31.00000
38.50000
29.04403
31.00000
21.97157
22.18530
25.90849
30.15884
23.22041
27.60435
26.96757
32.31443
23.12574
25.60273
35.50000
30.73905
25.48638
23.32783
24.27318
30.81486
32.50000
24.70197
30.62679
23.42541
37.00000
35.40559
21.60295
22.14159
27.78889
38.00000
36.50000
37.50000
22.80838
35.50587
22.99321
24.10783
36.50000
32.00000
25.06990
24.16609
27.45097
19.98750
20.98065
29.50000
24.25258
27.35365
26.71246
23.04886
26.40549
36.00000
27.72484
24.74874
33.50000
25.92296
26.13214
27.25599
23.65772
27.04163
28.44293
31.28365
23.52531
29.18047
31.59465
30.53959
32.35566
33.35999
28.39014
27.82086
32.61901
38.00000
34.50000
28.59293
43.00000
41.00000
33.08911
45.50000
37.00000
33.08911
24.64143
39.50000
36.50000
39.00000
38.50000
27.47120
37.50000
29.00000
37.50000
31.00000
20.60795
24.89352
23.69716
25.49510
26.59300
25.46021
36.00000
23.03620
34.29610
25.61683
25.19700
26.53653
28.80201
31.15552
36.50000
37.50000
27.82086
25.84932
33.00000
30.53959
30.00000
28.00000
26.93047
29.74335
34.50000
31.00896
39.50000
30.00000
36.00000
31.56299
24.26245
28.85596
28.19377
35.50000
25.95295
40.00000
39.50000
22.66054
24.38579
26.88659
25.36840
26.28054
22.01562
23.58363
24.09746
22.03089
19.81313
28.06243
32.53716
21.64871
21.47528
27.18251
25.84932
31.00896
43.50000
28.56960
35.86394
29.63481
38.50000
40.50000
32.88701
29.79933
21.61452
30.26916
27.04163
29.62263
20.27215
24.12986
27.50000
18.11595
23.37734
28.59293
31.84686
19.39716
37.00000
34.84250
31.20185
23.31309
18.83260
22.64398
27.21213
29.69100
29.84439
22.92788
22.36627
21.45320
26.31856
34.09790
27.30728
28.86499
30.15884
27.31300
27.08667
37.00000
21.13055
21.49046
22.56657
22.79666
20.93418
18.14828
28.07468
30.53959
33.00000
29.24466
28.74348
33.76718
28.50000
33.00000
27.23394
37.65634
42.00000
38.00000
35.50000
18.02887
26.83631
27.82984
32.78211
39.50000
29.06028
22.05045
31.41479
41.50000
22.06556
20.92845
32.00000
30.73905
29.04403
35.23571
37.38389
28.04906
20.06988
24.48852
42.00000
24.63511
26.53653
29.32955
32.53716
27.07859
26.88659
26.49882
23.97684
25.54408
30.07029
35.00000
22.29770
29.24466
33.00000
35.50000
18.25815
18.30847
21.31249
30.15884
26.08959
24.99778
28.94055
24.47831
34.00000
19.06410
27.35365
28.00000
26.78723
31.00000
22.88422
26.19160
36.00000
28.19377
24.33490
30.00000
29.50000
34.00000
29.33712
19.45508
33.00000
24.14928
22.94967
28.97413
30.26916
31.12341
29.17512
31.67894
20.62900
27.31300
27.96762
28.40579
19.35990
33.00000
31.84686
28.57738
24.99778
30.50000
22.94967
24.44495
22.29100
25.78113
24.03513
37.00000
27.72484
30.81486
28.70540
26.41969
30.12474
24.72965
27.92052
25.01999
26.08959
28.47221
24.33490
34.50000
38.00000
32.69047
29.33712
24.85067
34.00000
21.01190
25.01999
28.66279
40.50000
26.88659
38.00000
32.88701
29.97777
30.15884
20.76505
24.47831
28.28820
20.72438
37.50000
41.50000
37.50000
38.00000
37.96782
34.00000
32.14896
25.95295
26.03243
27.47158
22.60946
34.66987
33.08911
24.12468
25.07987
30.00000
23.76047
28.28820
23.52127
34.50000
26.51205
33.50000
32.41742
37.50000
28.53458
26.13214
31.37940
38.50000
30.90128
25.30261
13.83618
21.73476
24.08838
31.28365
32.00000
34.50000
20.61650
21.87784
24.57005
21.15420
29.00000
25.73300
25.62226
20.26080
22.39420
38.00000
20.37768
25.66450
23.78024
27.93246
35.00000
33.50000
34.50000
34.50000
24.22579
38.00000
35.50000
25.16943
25.06990
24.68805
33.00000
32.50000
24.26245
38.00000
23.78419
26.08959
41.00000
29.62263
27.47158
24.72965
33.08911
22.78069
25.47916
31.09484
31.09484
20.82517
19.10988
29.70971
26.71246
24.26245
28.00000
26.60827
28.33137
25.15287
22.82542
28.28820
18.29317
33.00000
29.48823
31.50000
35.00000
38.00000
38.50000
32.50000
27.79388
28.00397
27.94041
34.02940
22.96606
39.88595
39.00000
19.02209
35.00000
29.53341
34.50000
34.50000
37.50000
38.50000
28.87136
27.58170
38.50000
36.00000
26.51205
31.00000
23.82226
25.01999
25.15287
26.24246
32.41742
19.02630
26.51205
24.07396
26.28054
42.50000
35.50000
42.50000
38.50000
34.00000
33.08911
31.56299
34.70831
36.50000
27.64457
28.85981
33.50000
25.13339
20.97618
23.50931
24.10783
24.10783
20.46949
28.00397
27.47524
27.72484
18.40652
17.57953
27.21557
24.99000
28.00397
23.44014
21.62175
25.12966
23.79075
22.42209
25.31139
25.62226
23.57626
26.69582
24.14022
30.07029
32.00000
29.94810
24.41803
33.00000
29.63106
26.04270
25.49877
29.87753
33.50000
27.13278
26.50943
38.32319
23.17758
34.23773
41.50000
34.49960
26.98148
37.50000
34.42222
38.50000
34.37376
16.58433
7.73879
19.84943
23.04886
39.00000
23.50886
12.53794
23.64847
29.40899
31.47839
38.00000
27.94041
28.28820
37.00000
24.56624
15.62562
23.34925
37.53221
34.02940
24.22292
24.80297
21.78623
28.57738
20.51926
22.84048
25.69825
25.03775
25.62984
24.58093
23.86813
25.93582
26.28054
25.85053
24.44381
24.94438
23.55313
34.50000
34.00000
27.06782
25.85053
27.41350
25.65151
24.68918
18.12457
32.03123
18.47126
27.58170
41.00000
39.50000
33.50000
28.12275
27.94973
30.07029
29.53341
24.53569
35.50000
26.66250
25.11349
22.21908
30.65217
29.13188
31.09484
25.67465
27.47524
26.23399
32.50000
23.66901
26.24669
23.44260
27.50000
33.00000
26.95830
31.50000
28.39014
27.47524
29.13188
26.61179
27.02314
26.27737
30.44485
34.00000
34.50000
31.28365
31.00000
34.50000
31.56299
30.07029
31.53173
33.50000
35.00000
33.08911
21.24853
29.40899
32.60198
24.13504
36.00000
34.50000
29.08930
29.27266
30.28510
31.41479
36.00000
35.00000
32.50000
30.15884
30.70650
27.07859
35.50000
22.66054
31.00000
27.50000
25.50817
32.00000
30.00000
34.00000
36.00000
29.00958
33.00000
31.50000
36.50000
32.50000
37.00000
37.00000
29.69100
36.00000
34.00000
34.00000
40.50000
19.36205
38.00000
41.00000
35.50000
29.13188
26.42442
32.56788
31.75252
36.00000
24.99778
44.00000
34.00000
35.50000
30.50000
28.39014
30.68478
28.47221
30.15884
30.56505
21.63701
28.08321
22.84048
16.89970
21.35855
25.73908
21.76436
30.50000
23.92117
20.94636
21.29994
26.89215
17.85182
28.28820
31.00000
27.53584
31.47839
34.00000
34.50000
34.50000
26.54595
28.12275
36.50000
29.60105
31.94787
34.02940
28.40579
35.44009
31.49603
39.00000
36.00000
27.64457
27.64457
28.71846
31.09484
33.82635
32.49957
38.50000
26.71246
37.50000
33.72767
38.00000
34.50000
36.50000
34.50000
26.49882
39.00000
34.50000
41.00000
30.53959
29.87753
27.96762
26.78969
35.50000
29.78068
39.00000
24.55988
31.00000
34.50000
40.50000
36.50000
38.00000
26.31856
11.20640
24.08838
28.81297
36.00000
30.34615
34.00000
36.50000
29.40899
29.22328
33.06895
30.62679
29.47315
25.77251
31.94787
14.24921
32.96800
29.60105
25.60273
33.76718
35.00000
37.50000
34.50000
35.00000
36.00000
31.47839
39.20317
28.37693
35.00000
33.35666
25.03775
21.51485
22.23033
23.19887
27.29927
21.01047
28.65637
31.62629
35.50000
30.50000
32.69047
21.85606
26.83631
34.18577
22.22071
34.00000
31.50000
37.00000
27.58170
29.81086
32.82614
27.18251
28.28820
20.30172
25.81666
23.58363
24.68299
19.17290
28.36701
40.00000
20.65333
21.85304
22.89590
17.26963
20.31625
18.06066
18.79328
20.47047
36.33486
32.49957
31.37940
22.74863
18.88047
27.08667
14.05347
29.69100
18.23611
26.69582
23.56242
24.08838
25.66450
25.57342
24.38237
23.96221
25.88919
35.00000
32.14896
35.64953
32.88701
26.59300
29.06028
15.10761
31.66842
27.74086
30.53959
26.87006
25.78153
31.27299
31.00896
28.56024
37.38389
17.90419
16.77051
20.32240
31.16979
36.50000
24.84452
24.32463
24.58093
36.12017
29.27776
28.57738
33.06895
43.50000
21.64486
21.99290
21.43012
20.38842
24.66146
30.26916
23.60614
25.43005
33.35666
26.18205
32.22146
37.00000
23.84324
21.83025
35.00000
30.21405
24.27447
32.50000
30.34615
23.92117
25.49510
29.22328
31.75252
33.29665
28.47221
34.00000
22.96193
28.19131
24.77272
31.56299
40.50000
39.38133
31.67894
31.20897
25.51838
24.77902
34.00000
33.50000
43.00000
19.40844
19.55761
16.69731
16.54569
29.13188
37.50000
40.00000
33.48963
28.54626
29.50000
25.98557
18.04882
23.69995
23.63657
12.93677
29.87753
32.31443
32.78550
27.72484
23.15707
35.50000
21.85606
34.50000
37.00000
34.50000
32.00000
31.94787
36.50000
29.97777
27.94041
25.70344
30.56505
25.73300
23.55136
25.84932
26.08107
34.50000
36.00000
25.17053
38.00000
31.67894
24.63511
33.00000
21.24117
32.50000
33.98039
17.55527
26.80485
27.92052
25.82997
35.64953
25.78113
20.77498
22.04541
22.07232
29.13188
25.48638
26.13214
42.50000
29.00958
28.39014
41.50000
19.10988
23.93220
22.41093
23.09085
28.40579
26.41969
25.13961
38.50000
22.30595
23.69716
24.17126
23.66828
26.54556
27.06782
26.09598
25.57709
35.70559
32.69047
21.69793
27.47158
26.42442
25.95295
39.00000
35.50000
28.19377
26.24669
24.53569
25.95295
39.00000
31.94787
27.37700
30.94439
34.00000
32.00000
23.20560
29.23848
28.19377
27.77689
33.00000
28.00397
26.24669
33.50000
30.26916
32.50000
32.50000
30.00370
30.00000
32.50000
32.14896
33.50000
28.39014
33.00000
23.62202
34.00000
29.00000
24.68918
31.00000
32.00000
15.83947
15.32609
37.00000
29.06315
35.50000
27.82086
27.82086
32.53716
17.79572
30.07029
23.80520
37.00000
27.64457
28.94055
29.22328
24.33598
27.39018
32.61901
33.50000
31.50000
30.81486
35.00000
27.18251
30.07029
36.00000
37.00000
33.15955
28.08321
22.39838
28.24889
28.06243
42.50000
42.00000
34.65384
31.45135
35.17891
30.26916
32.49957
42.50000
32.88701
23.59152
27.35365
26.10555
34.00000
24.08780
32.22146
38.00000
26.04323
35.50000
38.50000
27.72484
31.00000
24.27318
23.33854
29.60105
30.00370
32.50000
25.39193
31.41479
25.12966
32.53716
38.50000
36.00000
26.54556
28.57738
37.06151
32.31443
37.50000
32.61901
29.00958
26.78036
29.78068
24.27318
26.38602
29.01724
28.24103
27.64457
20.98809
31.28365
32.14896
27.85678
25.82419
27.88369
27.77689
30.00370
29.22328
40.00000
25.54408
31.79448
33.29665
24.11431
34.70831
31.75252
22.07232
28.28820
31.00896
26.91073
27.13278
30.40102
39.50000
26.98148
25.25248
31.67894
27.19477
25.31578
29.51083
12.68529
23.73815
33.03870
31.41479
22.98369
17.29704
30.62679
25.88919
25.24986
24.25329
13.70547
43.00000
21.71405
33.82635
27.62044
39.00000
42.50000
17.61817
41.00000
33.29665
36.00000
40.50000
31.28365
39.00000
31.37940
24.06761
32.56788
35.50000
18.65978
29.30444
23.33854
24.56624
39.50000
24.55988
39.50000
38.00000
36.50000
23.79542
25.77251
26.24246
23.90084
24.79695
34.76588
25.95295
23.09762
32.00000
28.80201
32.50000
32.00000
32.00000
31.50000
29.48823
29.79933
28.11089
27.34387
28.54626
39.50000
36.38070
46.50000
44.00000
44.50000
36.50000
40.00000
22.50000
15.68949
42.50000
25.59080
26.02990
33.50000
23.60614
40.00000
37.50000
42.00000
27.42604
27.19477
28.50000
36.50000
30.55630
35.23571
33.72767
29.42257
23.15572
28.89961
22.36487
25.92658
26.78723
21.40531
27.06782
39.00000
31.67894
35.50000
34.50000
27.77589
43.50000
33.55923
31.20185
21.33512
26.90144
37.00000
27.45097
24.55380
25.62226
27.04163
35.50000
36.00000
39.00000
34.84250
33.06895
32.56788
28.00397
30.15884
32.41742
20.08731
37.00000
22.50000
34.02940
28.70540
37.50000
25.10423
25.67465
29.43956
31.00000
24.16609
22.92788
23.24193
21.37025
24.07396
28.80201
23.12331
27.78889
30.62679
27.96426
21.06076
37.50000
19.85346
20.94487
29.00000
35.50000
28.66279
27.72484
26.84937
26.08040
30.34615
23.16652
26.16295
30.44485
28.54273
23.56242
32.69047
25.66491
31.41479
28.87136
23.15167
28.47221
21.83317
26.52711
16.18641
22.49861
33.82635
27.17842
31.56299
24.76388
26.04270
28.27101
28.11089
24.10477
30.50000
34.50000
35.00000
17.55626
30.68478
24.23955
48.00000
27.57263
37.00000
26.19160
45.50000
18.51726
24.45858
35.00000
39.00000
24.00463
29.78068
40.00000
40.00000
41.50000
35.50000
23.04751
38.50000
35.00000
25.66491
24.76388
33.15955
29.78068
20.62159
22.07804
23.74210
25.39193
37.50000
33.76718
33.50000
40.00000
22.82542
27.65261
37.02552
43.00000
36.17550
28.57738
35.50000
27.35365
38.00000
25.36840
35.70559
32.96800
37.50000
33.35666
34.50000
25.02998
28.19377
30.07029
38.50000
29.95923
25.95295
24.00463
25.77305
41.50000
28.24889
33.00000
23.79469
39.00000
23.25269
37.00000
17.72005
19.53202
20.14169
21.54582
21.79195
25.86020
28.11089
24.50000
21.85304
21.76133
24.77272
21.22499
25.66450
18.19231
21.17192
22.29910
20.31420
18.83189
20.69269
25.17936
29.09467
30.91206
31.75252
31.49603
17.69710
39.50000
24.12468
32.60198
28.28820
38.43898
44.50000
28.57738
38.50000
26.93859
44.00000
24.92990
34.45125
26.53653
31.50000
35.50000
31.47839
22.89651
33.72767
22.49089
20.67607
27.06782
28.39405
28.94055
22.92788
23.45608
18.81987
25.51392
27.47158
21.52905
21.03568
25.46021
40.00000
18.56233
25.48638
25.66450
28.28820
25.95295
33.35666
26.99537
21.86893
32.14896
32.89377
30.81486
28.47221
37.00000
32.00000
29.32955
26.59300
28.19377
24.55380
31.94787
22.65364
28.75568
22.82542
26.08107
31.28365
26.38602
27.47524
30.00000
23.45608
33.00000
33.00000
24.92990
23.42008
28.08321
31.47839
24.14022
35.00000
23.80520
35.97530
18.44511
26.28477
24.76388
22.85142
24.85067
23.17731
26.01442
23.05428
27.72484
27.78889
22.92788
30.34615
39.50000
36.00000
26.54556
26.98495
24.55988
29.87753
29.69100
28.57738
31.37232
31.47839
24.90482
23.79542
24.45858
22.24298
21.75431
18.08425
20.33470
30.34615
28.79670
39.50000
31.49603
37.49667
32.41742
44.00000
33.08911
28.50000
28.47221
26.98148
26.04270
29.42257
28.71846
16.20099
25.11573
26.94787
24.99778
24.38579
25.01999
22.64705
24.06242
31.97167
18.41874
28.75568
31.15552
27.92052
20.21287
38.50000
37.00000
36.50000
29.54657
31.20897
39.00000
32.88701
33.15955
24.78351
37.00000
21.17126
38.50000
25.31139
35.23571
35.44009
18.92089
29.48823
33.35666
34.56716
30.76524
41.50000
25.78113
23.35594
30.26916
26.94439
24.53569
37.00000
35.50000
25.70019
20.78912
19.32253
21.00446
25.84999
31.50000
25.92296
23.25269
24.85067
22.09575
22.75961
23.86813
26.53653
25.61683
33.08911
31.75252
30.00370
26.38602
37.00000
35.00000
26.96757
28.77825
26.51886
30.81486
26.88659
29.01724
36.00000
36.00000
29.13188
26.15764
20.93227
23.50931
23.65772
25.73300
33.55923
27.15797
25.11349
31.28365
24.46937
32.00000
36.00000
38.50000
43.00000
26.41969
24.37596
28.00397
39.50000
28.00397
33.82635
34.50000
34.50000
34.92214
34.00000
31.66842
43.00000
31.47839
40.00000
41.00000
31.84686
31.03045
19.14909
38.50000
29.72688
30.10814
33.15955
39.50000
22.66176
25.13961
22.75961
