40.57366
19.07059
36.05859
9.94786
9.13455
26.28054
20.28683
18.71897
25.38085
29.19225
30.13673
20.01718
9.58332
16.89970
41.00000
21.52905
36.12017
24.01041
24.52550
17.13009
32.22146
31.47839
17.89553
18.83260
23.98307
28.40579
26.91073
28.00000
33.29665
27.01029
26.69582
28.64728
23.79601
20.22838
24.94438
25.97862
27.31300
38.50000
27.62044
25.31578
19.39072
36.00000
36.50000
29.79933
34.00000
38.00000
37.00000
35.39303
35.50000
32.50000
29.87753
33.00000
24.71167
24.68918
22.01136
27.51818
23.39204
23.31309
22.19009
23.05428
18.46995
27.72484
28.57738
23.98958
27.53584
29.13188
31.50000
37.00000
26.24669
27.17842
24.58093
24.99778
30.00000
21.93599
24.49943
29.50000
30.47403
22.26404
21.93262
29.60105
35.05234
30.24346
35.50000
35.50000
38.00000
28.66279
35.50000
32.22146
28.99138
33.55923
35.50000
29.33712
31.20897
25.94010
23.74210
26.95830
32.41742
28.54626
25.43005
34.70831
32.09707
36.00000
29.70971
30.53959
34.00000
23.69995
25.84999
30.53959
24.46426
34.00000
37.00000
31.50000
14.16863
23.43160
29.33712
32.03123
27.18915
34.45125
30.00370
25.92296
23.93045
20.52285
22.41093
23.62202
33.55923
30.21405
28.87136
25.65151
38.50000
31.94787
23.32857
21.45344
29.10136
29.51083
33.76718
29.04403
30.16621
42.50000
36.00000
30.91206
31.67894
28.47221
20.90454
33.08911
34.92214
35.00000
29.04403
24.72965
27.71620
28.83032
22.14018
23.58495
28.00335
26.50000
32.00000
30.47403
21.76436
26.24246
29.69100
26.31856
32.78550
28.85981
34.49960
25.03775
25.75849
26.71246
40.50000
24.03513
23.06919
17.03346
33.15955
20.81466
37.00000
32.35566
26.72078
20.36664
22.94967
26.00481
34.49960
40.00000
22.62051
32.61901
30.21405
32.50000
33.35666
23.62202
22.56657
33.50000
31.47839
18.49700
30.40970
27.69815
26.65521
39.50000
30.91206
38.50000
33.82635
40.00000
43.00000
30.26916
34.56716
34.37376
28.19377
27.15120
24.76262
25.95295
31.47839
26.98148
22.04541
28.19377
25.94010
29.22328
25.36840
20.52285
36.50000
39.00000
19.16872
23.49468
30.15884
39.50000
31.39566
28.93419
38.50000
24.52550
30.08633
35.00000
44.50000
34.50000
25.70384
36.34098
36.50000
36.00000
30.93138
30.34615
27.21557
31.15552
28.94055
23.15572
33.00000
31.00000
25.01999
22.63294
22.32846
37.32143
31.28365
34.50000
28.00397
22.90742
23.19887
22.89590
22.55364
25.61683
22.08529
28.39014
23.21398
25.03775
28.00397
22.62051
30.94439
37.00000
30.53959
31.62629
31.75252
27.17842
33.50953
40.50000
39.50000
42.50000
33.08911
39.50000
40.50000
29.87753
34.00000
27.94041
25.95549
23.21099
29.93697
31.66842
37.50000
26.10077
44.50000
32.89377
24.13892
37.00000
29.63106
43.00000
34.45125
43.50000
26.08959
37.50000
35.50000
26.61179
23.98437
31.09484
38.50000
21.79449
22.24298
41.00000
28.24889
18.86796
22.12590
20.43418
22.45489
43.50000
17.97742
22.01704
38.50000
17.78764
19.60159
18.91263
41.50000
44.00000
30.38503
16.89970
31.28365
33.76718
31.94787
24.40671
25.80698
31.79448
37.00000
37.50000
18.44560
41.50000
41.00000
37.02552
17.98611
36.00000
26.13427
23.62673
27.92052
20.46949
20.94039
21.21762
35.00000
32.50000
19.09843
26.19160
32.22146
26.01077
42.50000
38.50000
30.01111
33.90510
39.00000
33.95095
27.47120
28.94055
36.00000
33.24990
26.83631
28.09804
21.54501
20.80769
36.00000
35.00000
32.69047
18.57525
27.19477
35.00000
28.33174
26.13214
29.51083
27.72484
28.54626
40.50000
38.00000
36.50000
30.44485
28.24103
28.07530
20.18663
35.00000
31.47839
23.35594
22.20923
32.22146
24.25329
23.45682
20.38382
27.28858
24.68918
26.93859
22.14159
22.60946
26.78723
28.11089
30.15884
34.50000
29.00000
38.00000
38.50000
34.00000
27.94041
25.74663
34.18577
45.50000
40.00000
39.00000
39.50000
19.29352
39.00000
22.07232
24.22163
26.28054
25.03775
25.48638
22.81858
37.50000
22.46525
22.47310
20.69269
30.26916
26.47995
27.13393
24.64244
27.06782
24.63511
26.13214
25.47057
21.54501
27.25599
23.31309
29.60105
34.50000
27.02314
28.18133
20.57766
36.17550
27.94041
27.25599
26.56478
26.04270
26.91963
26.04270
24.41695
24.11431
22.63294
32.41742
31.50000
30.50000
30.53959
26.51205
28.00397
35.00000
32.00000
33.00000
34.49960
23.76447
24.41695
39.50000
32.50000
33.50000
35.50000
37.00000
31.50000
35.00000
26.51205
24.68299
35.17891
30.00000
25.77251
25.61683
26.84937
30.26916
36.50000
37.50000
35.00000
16.84303
35.23571
37.00000
30.18094
21.79880
38.50000
25.95295
35.12201
31.88521
32.41742
30.81486
32.69047
34.00000
33.50000
33.95095
29.48823
29.32955
25.70344
33.00000
27.82984
25.36840
30.26916
28.66279
31.50000
34.50000
35.00000
29.50000
25.73908
26.71246
39.67367
27.82086
39.50000
38.50000
29.69100
29.50000
23.47738
35.00000
24.40164
33.65511
33.76718
31.23300
30.15884
34.50000
31.20897
36.50000
34.50000
35.50000
38.00000
25.12966
27.25599
28.80201
22.17105
30.81486
26.71246
27.72484
26.41969
28.47221
30.56505
39.50000
19.17029
41.00000
32.31443
27.92052
26.29045
28.47257
25.18432
31.62629
24.39034
23.08002
28.50000
27.82086
27.52373
30.73905
30.50000
27.65261
27.04163
34.00000
28.00397
32.00000
34.50000
35.50000
35.00000
31.67894
36.50000
30.68478
40.00000
23.01207
33.50000
34.29610
36.50000
35.00000
32.88701
35.50000
33.72767
42.00000
39.50000
26.70674
27.02314
20.11840
30.18094
22.52899
22.49861
31.00896
32.14896
27.45097
24.49872
24.14022
21.43455
25.06990
29.51083
31.00896
39.50000
27.86076
29.50000
23.54060
22.52082
26.51205
28.50000
23.55136
19.45989
18.12457
19.95464
31.49603
27.66315
20.36075
21.73845
26.75234
25.48638
33.55923
18.44343
37.18721
22.12888
29.93697
30.70650
30.86530
37.50000
22.52899
29.69100
26.40549
25.48638
27.82086
24.38579
25.38153
25.97862
25.92296
27.64457
32.61901
25.24986
29.40899
33.03870
23.61261
36.50000
26.34862
33.00000
30.65217
38.00000
25.67465
29.32955
23.25269
27.46816
22.34390
23.33854
24.53569
31.28098
41.50000
21.31249
38.50000
41.00000
32.85860
30.68478
35.50000
21.67227
35.00000
34.50000
33.50000
33.50000
24.68918
26.28093
27.65261
25.75364
30.00370
33.00000
29.87753
24.90482
22.42518
28.66279
24.65132
30.07029
31.49603
25.03775
23.47738
24.50510
25.49510
25.38153
27.01029
26.59992
25.95549
34.37376
29.60105
34.00000
26.78619
30.15884
35.00000
35.50000
35.50000
38.50000
34.00000
35.00000
31.47839
34.23773
26.73741
30.53959
22.36565
37.50000
34.00000
34.50000
32.00000
28.28820
30.50000
29.97777
26.41969
26.59992
28.33137
31.94787
19.54891
22.77471
24.72965
35.50000
29.63481
37.00000
23.47871
37.50000
24.34475
24.74242
39.50000
35.61211
24.26245
21.73707
26.08107
24.53951
20.00400
33.29665
36.50000
25.45953
28.85981
25.59080
31.37940
33.55923
35.70559
29.17000
27.47158
32.41742
22.78569
24.25329
40.50000
27.65261
23.86813
27.72484
36.00000
35.14099
28.28820
34.23773
22.73030
23.66901
27.65261
22.85826
24.22579
25.15287
35.23571
23.47102
24.68918
23.33809
33.50000
24.44495
22.57334
19.96597
31.50000
26.78723
26.61179
31.02015
38.50000
24.64117
37.00000
35.50000
27.98015
20.99905
27.82086
19.37782
25.03775
20.74247
29.12366
23.15572
23.45682
30.73905
21.50000
28.41984
38.00000
32.35566
22.55410
20.80865
27.19477
33.55923
24.33490
23.85372
25.51838
23.68459
34.84250
33.24990
26.45161
16.20764
20.37615
35.00000
28.00397
39.00000
30.86530
29.95309
27.51818
30.86530
29.69100
28.50000
33.15955
22.08529
33.86370
22.70683
36.17550
39.00000
22.34950
32.22146
38.50000
38.50000
22.40954
33.98039
30.34615
20.49848
32.03123
30.94439
25.94706
31.75252
26.84937
28.54273
21.01636
18.53881
24.57153
35.44009
30.56505
26.87006
37.50000
27.78889
31.62629
42.00000
25.22345
26.72078
39.50000
26.78036
32.78211
37.50000
31.09484
31.56299
25.49877
24.87343
27.78889
28.18244
36.33486
36.50000
33.50000
33.24990
27.53584
23.16247
22.72664
21.79880
24.30535
34.00327
37.11544
30.12474
29.04630
24.34475
21.03901
31.84686
36.50000
31.75252
35.86394
17.71327
29.66795
33.24990
27.22132
18.92723
33.62869
34.45125
23.68016
19.94593
35.36477
20.20365
25.03775
37.50000
34.23773
24.12468
25.95295
30.81486
26.33544
23.14492
26.83631
25.30316
16.90229
23.01207
24.90482
17.87379
22.17105
30.56505
28.51315
33.03870
22.08365
20.36388
33.55923
21.46363
21.89612
21.54066
28.08321
21.87893
23.97165
28.33174
32.13513
29.04403
27.82086
38.50000
22.27527
23.45741
26.71246
29.06315
26.78723
24.60056
22.18530
15.83246
24.70324
21.46363
22.09575
22.53192
17.53169
20.15937
22.99275
19.39072
18.08832
23.21398
22.85142
20.38038
25.24986
26.15764
26.41128
28.28820
27.53584
23.79075
38.50000
25.18432
37.00000
25.15287
28.00000
26.41969
28.11089
28.31409
37.50000
30.90128
35.86394
37.00000
24.85067
27.47524
40.00000
42.50000
24.49943
32.41742
37.00000
24.31563
34.50000
23.60614
26.38602
27.92052
38.00000
27.00000
29.50000
31.37232
39.00000
32.31443
33.90510
26.10555
31.84686
30.00370
19.27693
32.00000
25.95295
28.50000
29.50000
35.00000
16.52392
34.00000
27.72484
22.57334
37.00000
30.73905
28.00000
19.67333
21.42522
35.17891
33.35666
29.00958
16.03707
31.96178
28.24889
42.00000
17.49286
28.47257
28.19377
34.65384
21.06389
18.38478
19.00000
22.09575
21.13498
19.05361
19.29767
18.01111
19.41005
22.25281
23.45208
22.10628
23.33988
22.74863
21.35855
23.62202
21.36586
37.49667
25.82419
44.50000
27.62044
33.55923
21.41650
16.11482
27.32927
31.94787
25.03775
25.62984
27.47524
39.50000
26.54974
33.50000
22.32011
23.93742
22.25848
25.04371
29.67977
37.00000
33.98039
41.00000
36.00000
37.00000
31.15552
32.89377
27.10627
33.50000
29.13188
25.91693
25.61683
23.20022
26.22022
25.66450
31.37940
22.06556
30.71645
21.89178
30.50000
35.91038
30.07029
26.44911
29.95923
34.00000
30.91206
35.50000
36.00000
33.76718
32.13513
29.60105
31.20897
18.56576
25.54408
19.25201
18.95890
19.28108
23.92154
26.43388
26.78723
31.20897
20.79808
37.53221
21.33512
26.73325
22.97145
18.89974
36.00000
24.91318
40.00000
27.64457
30.12474
25.17053
29.70690
21.40093
26.71142
21.38340
23.90607
24.74369
25.23391
33.50000
31.50000
31.20897
25.79244
32.50000
31.62629
33.50953
34.70831
29.50000
22.10204
14.98533
30.81486
20.51731
21.00446
32.09707
19.00658
40.50000
27.79388
41.50000
35.00000
27.82086
19.30512
27.01029
35.00000
37.00000
28.77825
37.00000
22.99275
29.04403
37.50000
25.34142
24.43742
23.78419
31.00896
30.10814
31.03045
18.38478
23.78419
23.65772
28.54626
27.18251
37.50000
29.87753
37.00000
27.60435
32.50000
34.00000
33.50000
27.72484
36.50000
38.00000
39.50000
28.08321
29.74335
29.00000
27.06782
32.35566
23.33854
42.00000
36.50000
34.50000
29.60105
25.52450
20.02399
29.51083
37.00000
31.20897
28.38133
33.47968
38.50000
28.75568
27.25599
18.21553
18.72538
19.58794
27.06782
22.52221
26.41969
32.03123
25.19300
24.57005
25.61616
15.62818
35.50000
34.29610
27.33130
32.61901
28.33137
33.55923
24.55988
24.85067
28.57738
33.90510
27.53584
29.40899
29.80306
32.49957
32.78211
31.37232
33.50000
26.50000
26.31856
24.26245
29.74335
26.55654
30.56505
23.47102
25.17053
34.37376
28.75568
33.50000
16.93779
35.50000
13.62351
38.50000
29.87753
24.64117
23.33988
22.75961
27.17842
24.41695
28.87136
22.33271
26.04803
18.70829
28.57738
30.00000
28.81297
39.50000
19.87932
24.27318
32.50000
22.55364
23.88907
27.53584
25.95295
22.77608
28.65746
27.04163
31.00000
30.26916
28.59293
24.33490
28.75568
29.69100
30.62679
38.50000
28.59293
27.53584
32.00000
29.00000
24.72965
26.71246
24.08780
28.94055
21.78302
23.80126
26.78723
34.50000
30.50000
32.41742
32.69047
37.00000
31.94787
27.72484
29.87753
26.98148
27.96762
29.13188
30.47403
29.79933
27.01029
31.94787
27.35365
30.00000
30.00000
34.50000
31.00896
21.28286
23.62202
20.58543
25.45953
25.66450
26.84937
34.00327
28.57738
25.61616
28.85596
39.00000
23.57456
22.46479
38.00000
22.55410
22.59203
23.08138
22.80877
26.65521
30.81486
32.41742
36.00000
36.50000
35.50000
32.88701
35.50000
34.70831
26.31856
28.47221
37.50000
31.20897
23.15647
28.33137
36.00000
31.84686
28.11089
31.47839
28.75568
30.73543
28.19377
28.39014
32.03123
30.73543
41.50000
26.38602
39.50000
25.51838
42.50000
16.15549
28.70540
31.84686
30.10814
25.78113
28.00397
28.08321
25.95295
34.00000
27.72484
30.00000
31.00000
27.04972
30.00000
21.69533
31.00896
32.00000
15.02290
32.00000
32.50000
32.50000
26.04270
30.07029
30.53959
28.66279
26.08959
31.75252
32.96800
25.75849
25.19700
28.19131
31.41479
28.11089
25.71357
24.95371
24.68918
36.00000
36.00000
27.17881
28.66279
28.28820
34.00000
28.85981
26.28093
32.96800
39.00000
27.92052
34.00000
25.66450
25.10423
27.00000
38.50000
29.53341
24.32463
28.28820
35.50000
36.00000
38.50000
37.00000
31.67894
27.65261
34.00000
33.00000
33.50000
33.50000
31.75252
33.18969
26.24881
34.23773
32.14896
30.73543
30.00000
28.19377
31.53966
32.61901
34.50000
34.50000
30.50000
31.00000
32.50000
32.78211
37.00000
37.00000
38.50000
28.19377
38.50000
21.19404
30.50000
24.70324
32.82614
27.72484
21.33659
23.09085
23.58495
29.32955
26.61244
25.62984
29.53341
28.57738
26.71246
25.84932
34.50000
33.50000
37.11544
35.50000
24.74242
25.37100
27.50795
26.86424
31.94787
36.50000
39.00000
41.50000
40.00000
33.98039
36.00000
24.30144
33.00000
33.00757
33.98039
24.67387
21.45279
21.70346
29.63106
28.54626
31.00000
26.61179
34.49960
44.50000
35.50000
26.10662
46.50000
20.58543
21.76006
31.67894
43.00000
37.38389
39.50000
27.65261
29.79933
40.00000
33.00000
29.17000
12.82576
33.50953
40.00000
29.79933
28.99138
27.92052
31.62629
36.50000
32.78211
34.70831
30.26916
33.00000
32.50000
25.95549
30.00000
23.28089
26.24669
28.66279
31.00000
27.06782
25.19700
31.56299
21.22940
24.14022
32.56788
25.84999
28.19377
26.98148
29.87753
35.50000
25.95295
32.82614
28.47221
26.85493
18.96734
34.70831
35.50587
26.54974
28.94055
29.60105
26.78969
35.00000
36.50000
35.50000
39.50000
33.50000
26.24669
35.00000
37.00000
34.00000
34.00000
33.00000
29.17000
28.20018
32.69047
28.57738
27.94041
25.81182
27.17842
37.00000
35.00000
35.50000
40.50000
37.50000
29.87753
26.51205
36.00000
32.00000
31.67894
26.44911
33.55923
29.29590
32.06590
39.00000
30.07029
41.00000
34.23773
25.63591
28.34608
34.00000
38.00000
43.00000
20.84916
31.56299
21.22828
39.00000
36.50000
31.37940
26.31896
29.40899
27.82086
17.17961
40.50000
27.25599
25.61683
27.01273
18.99474
30.90128
39.50000
30.07029
31.37940
31.00896
29.17000
30.34615
29.00958
28.57738
29.33712
36.50000
38.50000
21.07510
21.89749
32.35566
20.71232
26.18205
28.31409
31.28365
33.53605
30.91206
40.50000
40.50000
39.50000
35.00000
30.44485
29.79933
32.03123
31.09484
23.60614
22.90560
28.54626
39.50000
28.65746
33.50000
23.09882
30.47403
24.68918
23.93045
20.55480
28.24889
25.15287
28.24103
29.60105
38.00000
31.00896
28.40579
32.50000
29.78068
25.61683
32.50000
25.48638
30.62679
31.41479
28.70540
30.26916
38.50000
33.71778
20.05592
38.94440
31.00000
29.60105
17.20465
30.50000
22.36627
34.49960
34.76588
40.00000
29.04403
27.21557
29.53341
37.00000
33.72767
32.50000
34.50000
22.92379
26.91073
23.58363
25.61683
25.56731
39.00000
32.00000
29.40899
36.50000
38.00000
38.00000
36.50000
39.50000
39.00000
38.50000
30.06659
33.15955
29.72688
35.23571
43.50000
26.98495
34.70831
40.00000
41.50000
43.50000
31.00896
37.79183
23.68940
26.31896
27.71620
27.53584
23.46673
26.31896
32.00000
33.29665
33.50000
32.49957
36.55437
21.45320
23.98958
23.44260
38.00000
30.26916
22.48750
24.33490
23.62202
30.47403
39.50000
28.39014
21.98727
22.94014
28.27101
17.26731
32.09707
27.31300
29.77415
34.09790
32.69047
19.97968
41.00000
24.58093
32.00000
32.31443
34.96983
29.97777
22.39286
29.97777
30.53959
19.41649
22.09497
10.23719
23.29998
33.82635
22.52221
29.04403
25.15287
25.78113
29.32955
26.05163
20.03397
23.34925
23.57626
24.23955
25.46021
22.43184
26.23399
33.00000
30.73905
40.00000
25.95295
34.00000
31.47839
29.69100
30.26916
32.14896
35.00000
24.10783
24.71167
28.47221
33.25658
28.00397
25.83710
23.47738
35.50000
23.90084
30.34615
27.65261
27.35365
29.53341
26.88659
28.39344
27.35365
25.38208
21.73131
20.28793
25.18928
22.06556
30.15884
24.55988
20.71714
19.38453
29.81051
27.65411
21.67227
23.08766
29.97777
39.50000
26.15698
17.92875
27.01029
30.00000
16.83746
17.48015
19.29145
25.38085
26.50000
25.66450
22.78706
24.23324
26.54974
25.39193
23.74210
28.85981
39.00000
33.43651
30.07029
25.67465
32.96800
21.52905
25.14955
13.12440
40.50000
32.03123
24.70197
24.07396
19.83053
25.15287
22.83759
21.32340
21.92918
32.00000
24.53569
24.53569
25.59080
28.75568
22.70875
26.91963
31.12341
38.50000
31.94787
33.25658
31.28365
38.50000
38.00000
27.08667
28.51644
22.42209
24.38579
29.48823
34.56716
22.24298
29.00862
29.53341
40.50000
39.50000
30.73905
29.80306
25.48638
21.36586
33.72767
28.39405
42.50000
24.53569
25.14334
16.23083
14.40390
36.50000
27.65261
43.00000
24.79415
27.64507
41.50000
35.50000
34.00000
25.97862
29.40899
35.50000
32.35566
21.21320
24.03513
28.39014
25.48638
25.32168
28.19377
23.83741
28.07530
23.69072
32.00000
35.50000
9.42809
37.00000
37.27674
27.31300
26.08040
33.98039
37.50000
26.24286
31.62629
23.52127
24.44495
24.55380
25.27227
35.00000
33.00000
34.76588
35.50000
30.81486
31.09484
38.50000
38.00000
25.77251
29.53341
33.00000
26.24286
28.75568
24.21260
34.50000
29.06315
31.50000
28.66279
29.50000
30.00000
30.90128
27.82086
31.00000
26.31856
25.50817
29.27266
27.94041
30.21405
32.50000
32.00000
33.00000
29.48823
29.06315
35.00000
34.00000
28.66279
29.13188
25.81182
31.50000
34.50000
22.10204
28.94055
39.00000
29.87753
40.50000
30.94439
33.82635
30.81486
34.50000
33.55923
20.16185
23.33809
24.62088
18.02887
21.62776
23.69716
22.47310
29.40899
26.23399
29.60105
28.24103
26.69582
28.70927
23.61261
23.32857
22.95103
26.54974
22.74863
26.69582
26.38602
26.88659
23.89328
21.26470
26.10555
22.15401
19.96597
29.69100
29.25214
24.84326
24.01041
25.39070
25.78113
28.74348
37.00000
24.73232
21.15656
22.02272
25.59663
25.24381
23.96221
22.09575
23.47102
23.88907
26.88659
28.87136
34.76588
26.44911
22.79254
19.60159
40.50000
28.30636
23.31711
26.76864
26.88659
35.91038
40.50000
14.50517
21.96968
37.38389
25.94706
23.58495
28.94055
26.75519
24.45858
28.39014
24.49163
36.00000
15.07315
19.88090
21.24984
20.70169
19.40361
23.28492
20.94636
22.55364
34.00000
26.28054
31.67894
41.00000
30.50000
38.50000
27.88369
24.53569
37.27674
30.62679
38.00000
28.12917
21.37025
25.49877
28.33137
31.50000
30.50000
31.50000
24.52550
35.50000
25.77251
33.50000
30.26916
25.49877
26.98148
32.31443
29.79933
