18.40000
31.00000
29.66667
29.33333
18.25000
22.25000
17.20000
13.83333
24.33333
17.60000
41.50000
11.85714
22.00000
16.00000
23.00000
20.75000
17.25000
19.50000
26.00000
24.33333
23.25000
15.80000
17.00000
26.00000
19.66667
21.25000
28.66667
30.66667
19.00000
27.00000
24.66667
34.00000
17.25000
21.33333
19.25000
25.66667
37.00000
36.00000
33.50000
26.66667
19.00000
24.33333
27.66667
29.33333
17.50000
23.66667
20.50000
16.40000
21.00000
17.75000
27.00000
18.75000
24.66667
23.00000
26.33333
25.33333
26.00000
30.66667
27.33333
25.33333
38.50000
25.66667
21.33333
24.66667
24.33333
35.00000
41.50000
27.66667
24.33333
26.00000
16.75000
23.33333
21.25000
31.50000
19.50000
27.00000
28.66667
27.33333
20.75000
27.66667
25.66667
34.50000
22.00000
24.66667
23.66667
24.66667
34.50000
27.33333
26.00000
31.00000
28.00000
19.25000
20.00000
20.00000
19.25000
18.50000
22.66667
25.33333
38.00000
25.66667
23.66667
19.00000
21.33333
23.66667
18.50000
25.66667
14.60000
19.75000
29.66667
19.75000
26.33333
28.00000
45.00000
28.66667
21.75000
15.20000
37.00000
24.33333
37.00000
24.33333
23.66667
19.00000
26.00000
25.00000
20.00000
23.66667
24.00000
34.50000
24.66667
24.66667
25.33333
18.75000
18.75000
31.00000
34.50000
18.75000
30.50000
36.00000
35.00000
38.50000
38.00000
25.00000
27.00000
24.66667
41.00000
21.00000
24.33333
18.00000
26.33333
36.50000
18.50000
28.50000
16.80000
16.40000
17.00000
24.66667
14.20000
22.66667
18.25000
17.75000
33.50000
18.25000
33.50000
24.66667
25.33333
36.00000
35.50000
34.00000
26.00000
25.33333
24.66667
20.00000
37.00000
40.00000
37.50000
27.66667
27.33333
25.66667
22.00000
22.66667
32.00000
24.33333
21.33333
27.50000
23.66667
25.00000
18.50000
40.00000
19.25000
23.66667
30.00000
17.75000
32.50000
34.50000
24.00000
23.33333
18.75000
25.33333
27.00000
24.33333
26.66667
19.50000
18.25000
25.00000
38.00000
19.50000
26.00000
26.66667
39.50000
43.00000
18.75000
19.50000
21.66667
25.66667
22.00000
34.50000
38.50000
35.00000
25.00000
37.50000
38.50000
25.00000
24.66667
28.00000
39.00000
27.00000
19.50000
26.66667
25.66667
18.50000
21.66667
32.00000
25.33333
24.66667
23.00000
27.66667
15.80000
22.33333
23.33333
25.66667
21.66667
27.66667
20.75000
28.33333
28.66667
30.00000
29.33333
21.75000
29.00000
42.50000
15.40000
24.33333
24.33333
25.66667
40.00000
36.50000
20.50000
37.50000
29.33333
41.50000
19.75000
25.33333
36.50000
16.20000
28.66667
25.00000
27.33333
21.50000
39.00000
28.33333
25.00000
24.33333
22.33333
23.33333
25.00000
27.66667
34.00000
25.33333
25.66667
23.66667
22.33333
31.00000
25.33333
22.33333
35.00000
33.00000
32.00000
23.66667
31.50000
23.66667
37.00000
32.00000
24.33333
32.50000
32.50000
33.50000
30.00000
22.33333
25.66667
38.00000
23.66667
33.00000
23.33333
22.33333
30.00000
26.00000
27.00000
25.33333
32.00000
19.00000
25.33333
25.00000
30.00000
32.50000
33.50000
35.50000
38.00000
25.66667
15.40000
18.50000
19.25000
22.66667
22.33333
20.33333
29.50000
33.50000
21.66667
27.00000
38.50000
35.50000
33.00000
34.50000
35.50000
33.00000
34.50000
37.00000
34.50000
36.00000
33.50000
32.00000
24.00000
31.00000
25.66667
34.50000
33.00000
24.66667
32.00000
33.00000
38.50000
33.50000
41.00000
25.00000
25.33333
26.33333
32.00000
20.33333
25.33333
20.33333
33.00000
22.33333
34.00000
33.50000
18.75000
26.00000
39.50000
24.00000
35.00000
21.00000
22.33333
24.33333
36.00000
24.66667
18.75000
24.66667
16.50000
20.50000
20.25000
26.66667
26.66667
24.00000
25.66667
26.00000
24.00000
13.50000
32.00000
29.00000
24.00000
24.66667
17.75000
28.00000
18.50000
23.66667
24.00000
24.00000
29.66667
17.75000
17.60000
30.50000
30.33333
21.50000
17.00000
20.25000
22.33333
32.00000
24.33333
24.00000
16.00000
19.50000
39.00000
18.25000
36.50000
26.66667
24.33333
25.00000
20.25000
16.00000
27.00000
20.33333
20.00000
25.33333
20.00000
16.75000
19.25000
25.33333
23.33333
33.50000
17.75000
14.80000
23.33333
25.33333
42.00000
36.50000
20.50000
26.00000
27.33333
17.75000
33.00000
26.33333
26.66667
32.50000
15.20000
25.66667
24.00000
34.00000
19.00000
29.50000
31.50000
34.00000
16.75000
37.00000
22.00000
37.00000
25.33333
23.00000
33.00000
38.50000
25.00000
17.50000
27.00000
25.66667
25.66667
19.75000
17.80000
20.50000
28.00000
24.66667
18.25000
37.00000
24.00000
17.25000
34.00000
25.66667
25.33333
19.00000
14.83333
20.50000
20.00000
19.25000
23.33333
25.33333
38.50000
27.33333
24.00000
38.50000
23.00000
35.50000
22.66667
24.66667
18.00000
14.60000
24.66667
20.00000
24.00000
16.80000
13.66667
19.00000
36.00000
16.00000
14.16667
22.66667
39.00000
26.66667
15.00000
14.60000
25.00000
28.66667
26.66667
21.00000
14.40000
19.25000
25.00000
22.00000
19.25000
27.00000
18.75000
22.25000
14.60000
21.25000
24.00000
20.00000
18.75000
21.00000
24.66667
25.00000
21.50000
19.75000
27.33333
38.50000
40.50000
15.60000
29.66667
44.50000
29.00000
21.66667
21.33333
24.00000
14.50000
20.00000
17.25000
26.50000
16.75000
23.66667
27.00000
36.00000
34.50000
26.33333
27.33333
28.66667
29.66667
34.00000
29.50000
26.00000
16.25000
23.33333
19.00000
24.33333
21.00000
35.00000
33.00000
34.00000
22.00000
28.50000
24.66667
25.00000
30.00000
25.00000
27.66667
36.50000
37.50000
17.50000
25.33333
26.33333
33.00000
26.33333
36.00000
26.00000
23.00000
24.66667
27.00000
28.33333
36.50000
38.50000
28.00000
42.00000
44.00000
24.66667
22.66667
37.00000
20.00000
25.33333
22.66667
19.75000
19.25000
26.33333
19.00000
25.00000
39.00000
36.50000
42.00000
41.50000
41.50000
25.33333
40.50000
34.50000
24.66667
24.66667
22.33333
26.33333
24.00000
41.50000
26.66667
27.66667
26.00000
34.50000
42.50000
28.66667
22.00000
45.00000
24.00000
22.66667
17.75000
31.50000
24.00000
19.00000
20.00000
25.00000
18.00000
16.60000
25.00000
21.66667
21.66667
34.50000
27.00000
20.00000
23.00000
14.80000
22.66667
23.00000
22.33333
22.66667
34.00000
20.00000
19.25000
19.75000
20.25000
21.33333
17.40000
19.25000
28.00000
19.25000
26.00000
17.75000
25.33333
22.00000
21.66667
30.50000
23.66667
23.33333
36.00000
24.33333
26.33333
36.50000
34.00000
19.00000
23.66667
34.00000
19.66667
14.20000
18.75000
22.00000
17.50000
24.33333
15.60000
24.33333
23.66667
16.20000
21.00000
19.00000
19.00000
27.33333
26.33333
37.50000
19.50000
26.33333
25.33333
26.33333
24.33333
15.60000
16.50000
19.75000
23.00000
31.50000
21.66667
34.00000
23.00000
19.25000
27.50000
33.50000
22.66667
32.00000
23.66667
27.00000
18.00000
20.75000
19.75000
20.75000
21.66667
16.40000
25.00000
34.50000
22.66667
15.40000
15.20000
22.00000
22.00000
42.00000
27.00000
39.00000
21.00000
26.00000
27.00000
23.00000
19.00000
16.40000
21.00000
17.50000
37.00000
25.66667
24.66667
23.66667
40.50000
14.40000
21.75000
26.00000
33.50000
25.33333
35.00000
25.33333
20.33333
26.33333
23.66667
36.50000
26.33333
37.00000
40.00000
25.66667
37.00000
24.33333
27.00000
35.50000
20.00000
25.66667
32.00000
22.00000
35.50000
22.00000
27.33333
29.66667
39.00000
28.00000
39.50000
18.25000
14.00000
21.00000
17.25000
27.00000
26.00000
21.33333
28.33333
23.66667
24.66667
18.00000
23.00000
21.00000
27.66667
21.75000
21.66667
20.75000
39.00000
37.50000
24.00000
40.00000
28.00000
15.80000
40.00000
38.50000
18.75000
19.75000
38.50000
19.00000
26.00000
26.33333
23.33333
18.50000
35.50000
23.66667
34.50000
33.00000
20.66667
23.66667
37.00000
16.25000
25.33333
19.33333
17.75000
23.33333
20.66667
23.00000
21.33333
19.75000
26.00000
33.00000
25.66667
39.50000
23.33333
17.75000
22.33333
28.00000
21.00000
18.50000
17.40000
26.33333
16.80000
28.66667
39.50000
32.00000
17.75000
16.20000
18.00000
22.75000
30.33333
48.00000
30.33333
40.00000
18.75000
19.75000
26.66667
25.66667
15.40000
25.00000
27.00000
27.66667
18.75000
28.00000
24.00000
25.66667
19.50000
19.50000
26.33333
20.75000
17.75000
33.00000
13.60000
22.66667
36.50000
25.00000
36.50000
32.00000
37.50000
22.00000
37.50000
35.50000
33.00000
23.33333
24.33333
36.50000
25.66667
19.00000
24.33333
18.50000
37.50000
23.33333
26.00000
26.66667
40.00000
25.33333
19.75000
43.00000
19.75000
19.75000
24.66667
25.66667
29.33333
24.66667
19.00000
18.75000
40.00000
23.66667
20.00000
41.50000
27.66667
26.66667
28.66667
30.66667
19.00000
39.00000
18.25000
21.75000
13.83333
27.00000
24.33333
21.25000
21.00000
41.50000
23.66667
27.33333
22.75000
20.50000
20.00000
24.66667
22.33333
17.50000
24.33333
37.50000
24.66667
25.00000
26.33333
25.33333
25.00000
43.50000
24.00000
37.50000
41.50000
24.33333
40.50000
25.66667
44.50000
26.33333
18.75000
27.00000
32.00000
22.00000
23.66667
21.25000
29.00000
20.50000
14.80000
15.75000
20.33333
20.66667
22.00000
21.33333
23.00000
25.00000
26.33333
36.00000
35.50000
24.66667
23.66667
23.33333
23.66667
23.33333
24.00000
21.00000
20.66667
19.00000
35.50000
34.00000
22.33333
22.33333
21.33333
23.00000
25.66667
24.66667
17.50000
25.66667
20.75000
36.50000
21.00000
31.50000
19.50000
33.50000
24.33333
31.00000
30.66667
22.25000
36.50000
35.50000
25.33333
26.00000
26.33333
27.66667
32.50000
24.33333
35.00000
24.66667
26.66667
25.00000
18.25000
35.50000
38.00000
37.50000
34.50000
22.66667
35.50000
39.50000
21.00000
41.50000
43.50000
40.50000
34.00000
36.50000
27.00000
41.50000
37.50000
24.66667
18.50000
41.50000
41.50000
37.00000
25.66667
40.00000
25.33333
19.50000
24.33333
38.00000
20.25000
36.00000
19.50000
30.00000
25.33333
19.25000
34.00000
22.66667
40.00000
37.50000
33.50000
25.33333
33.50000
36.00000
33.50000
34.00000
36.00000
26.00000
35.00000
25.00000
40.50000
20.50000
35.50000
24.00000
38.50000
33.00000
24.33333
36.50000
35.00000
34.00000
37.00000
38.50000
41.00000
39.00000
25.66667
20.75000
15.80000
35.00000
26.00000
20.66667
26.66667
22.66667
22.66667
27.33333
18.00000
36.50000
40.00000
23.00000
18.00000
27.33333
21.66667
24.00000
32.50000
24.00000
22.66667
31.00000
23.66667
22.66667
32.50000
23.00000
19.75000
34.00000
32.00000
34.00000
24.00000
19.25000
38.00000
35.50000
33.50000
26.33333
23.66667
34.50000
34.00000
36.50000
27.00000
25.66667
22.33333
27.33333
31.50000
17.75000
19.75000
27.00000
39.50000
26.33333
23.33333
40.00000
30.50000
26.33333
22.33333
24.66667
40.00000
26.33333
27.33333
25.66667
20.50000
22.00000
14.83333
18.50000
17.00000
20.50000
25.33333
20.66667
18.50000
21.00000
37.50000
21.66667
26.66667
25.33333
24.66667
24.66667
33.50000
34.50000
16.00000
21.00000
18.75000
19.25000
19.25000
27.00000
19.25000
16.25000
33.50000
34.50000
35.50000
41.00000
25.66667
26.33333
25.00000
35.50000
25.66667
23.66667
18.75000
23.33333
25.00000
18.75000
24.00000
39.50000
20.00000
19.25000
23.33333
22.66667
24.00000
18.75000
18.00000
42.00000
16.40000
15.20000
26.66667
20.50000
39.00000
34.00000
24.33333
23.66667
32.00000
24.00000
18.75000
21.33333
21.00000
16.00000
17.50000
22.66667
22.66667
24.33333
30.00000
21.66667
29.50000
25.66667
24.33333
22.66667
22.33333
19.25000
20.25000
22.66667
26.66667
25.66667
25.66667
24.33333
22.66667
27.33333
22.66667
20.75000
19.00000
23.33333
25.66667
19.00000
16.60000
21.00000
15.80000
20.50000
36.50000
26.33333
18.75000
21.50000
38.00000
40.00000
37.00000
39.50000
25.00000
27.00000
20.75000
28.33333
27.66667
22.00000
23.50000
29.00000
30.66667
28.66667
36.50000
28.00000
28.00000
22.75000
22.50000
17.20000
26.00000
25.66667
23.00000
26.33333
26.00000
13.66667
18.75000
17.00000
16.25000
14.60000
18.75000
23.50000
16.80000
25.33333
27.50000
22.33333
23.00000
26.00000
29.00000
26.00000
21.75000
29.00000
28.33333
40.50000
20.75000
15.60000
21.00000
16.80000
18.20000
38.00000
20.00000
16.00000
30.33333
17.00000
20.50000
20.25000
22.50000
17.20000
17.00000
21.50000
14.16667
21.25000
20.00000
30.00000
26.00000
18.75000
21.50000
27.66667
34.00000
31.00000
29.50000
34.00000
24.00000
23.00000
35.50000
39.00000
26.66667
24.00000
23.00000
38.00000
27.00000
24.66667
21.33333
24.00000
20.25000
20.25000
18.50000
37.00000
27.33333
25.66667
21.75000
17.50000
17.25000
17.25000
27.66667
26.33333
15.80000
24.33333
18.00000
24.33333
20.00000
24.66667
29.50000
20.25000
30.33333
24.00000
37.00000
25.33333
23.33333
30.00000
26.66667
19.25000
43.00000
35.50000
25.33333
20.25000
27.66667
25.66667
44.50000
18.75000
22.75000
27.66667
37.00000
20.75000
25.33333
26.66667
32.00000
25.00000
38.00000
22.66667
19.50000
16.40000
40.50000
41.00000
20.50000
29.33333
44.50000
20.25000
16.00000
28.00000
22.00000
21.50000
27.00000
27.33333
38.50000
38.00000
30.50000
22.33333
22.66667
31.50000
23.66667
18.50000
25.00000
25.00000
35.50000
32.00000
22.66667
23.33333
39.50000
19.25000
30.00000
22.66667
36.50000
15.60000
33.50000
18.50000
22.33333
21.25000
25.00000
22.66667
25.00000
18.50000
34.50000
19.75000
19.66667
14.40000
31.00000
30.00000
32.00000
23.33333
30.33333
24.66667
16.40000
21.66667
22.50000
43.50000
24.66667
26.33333
24.00000
44.00000
40.50000
18.75000
43.00000
42.50000
27.00000
28.33333
18.50000
17.75000
22.66667
21.33333
18.50000
25.00000
21.00000
19.33333
25.33333
15.80000
38.00000
30.00000
24.66667
26.00000
38.50000
27.00000
24.66667
23.00000
17.40000
20.33333
17.25000
23.33333
28.66667
21.00000
28.33333
18.00000
15.40000
38.00000
22.25000
25.66667
17.50000
19.00000
36.00000
39.50000
23.00000
40.50000
25.00000
27.33333
20.25000
26.50000
19.25000
40.00000
16.20000
29.00000
35.00000
26.00000
25.00000
26.66667
40.00000
23.33333
23.33333
19.25000
24.66667
26.33333
19.00000
37.00000
34.50000
39.50000
40.50000
25.66667
24.33333
18.50000
24.66667
40.00000
36.50000
40.00000
26.66667
25.33333
27.00000
16.75000
28.33333
27.66667
37.00000
35.00000
25.00000
22.50000
25.66667
15.00000
38.50000
19.75000
16.25000
19.00000
16.50000
18.33333
18.50000
23.00000
16.00000
12.20000
18.75000
20.25000
17.20000
14.50000
19.25000
15.20000
23.00000
18.50000
22.00000
15.00000
22.33333
19.50000
25.33333
22.00000
30.00000
15.60000
24.66667
39.50000
26.33333
35.00000
39.00000
35.50000
24.33333
28.33333
29.00000
25.33333
20.00000
20.75000
18.00000
21.00000
19.50000
31.33333
16.00000
27.66667
13.83333
42.50000
23.66667
20.00000
40.50000
28.33333
20.50000
20.00000
24.66667
21.00000
18.75000
20.00000
22.00000
22.33333
22.33333
16.50000
19.00000
25.00000
16.75000
17.75000
18.00000
22.33333
25.00000
30.50000
37.50000
21.50000
26.33333
28.33333
21.00000
22.50000
28.33333
20.25000
26.00000
46.50000
28.66667
21.25000
38.50000
19.00000
34.50000
16.40000
16.50000
29.00000
27.66667
27.66667
18.25000
24.66667
16.60000
27.66667
19.50000
32.50000
22.66667
17.75000
24.66667
31.00000
19.75000
38.50000
38.00000
24.00000
39.50000
34.00000
24.00000
33.00000
27.00000
36.00000
29.00000
21.75000
31.66667
19.75000
20.50000
15.00000
26.00000
17.60000
17.80000
29.33333
44.50000
46.00000
20.50000
16.60000
19.50000
15.80000
14.80000
18.50000
25.33333
14.60000
29.33333
19.50000
16.20000
21.50000
21.25000
20.50000
22.00000
44.00000
19.25000
22.50000
35.00000
25.00000
33.00000
22.00000
23.00000
37.50000
39.50000
15.80000
22.33333
15.00000
32.50000
21.50000
24.33333
36.00000
21.66667
25.66667
21.00000
22.66667
21.00000
33.00000
37.50000
36.00000
12.83333
22.00000
40.00000
24.25000
26.33333
26.00000
16.00000
16.00000
13.33333
19.50000
39.50000
30.00000
25.66667
25.00000
27.00000
15.80000
23.00000
16.00000
23.66667
24.66667
32.50000
34.00000
27.00000
22.00000
35.00000
22.33333
23.00000
19.75000
26.33333
24.33333
18.25000
30.50000
22.66667
23.66667
29.50000
27.33333
30.50000
33.00000
30.50000
19.25000
16.25000
20.00000
17.25000
22.33333
33.00000
23.00000
22.66667
25.66667
35.50000
32.50000
33.00000
34.00000
34.00000
23.33333
26.33333
20.75000
42.50000
25.00000
23.66667
21.66667
17.25000
34.00000
18.00000
24.33333
25.00000
24.66667
34.50000
35.00000
37.50000
34.50000
33.00000
22.33333
18.25000
18.25000
23.00000
24.66667
23.00000
25.66667
19.75000
25.66667
41.00000
15.60000
25.33333
42.00000
40.00000
34.50000
26.33333
38.00000
18.50000
21.75000
20.50000
23.66667
42.00000
27.00000
23.00000
16.80000
28.66667
36.00000
27.00000
22.33333
36.50000
27.66667
21.25000
26.00000
19.25000
29.00000
27.33333
19.75000
21.50000
25.66667
27.66667
19.25000
21.75000
13.60000
24.00000
36.00000
15.80000
23.33333
18.00000
26.00000
44.50000
23.33333
25.66667
28.00000
45.50000
18.00000
19.00000
39.50000
25.33333
28.33333
28.00000
39.50000
41.50000
40.50000
41.50000
37.50000
22.66667
28.66667
19.00000
18.50000
23.00000
41.50000
39.50000
28.33333
28.33333
39.00000
28.00000
27.33333
38.50000
38.50000
27.00000
30.00000
22.33333
37.00000
18.25000
36.00000
17.00000
20.33333
22.66667
32.00000
21.33333
25.00000
37.50000
25.66667
25.66667
36.00000
19.50000
26.33333
22.00000
28.00000
28.00000
36.50000
38.00000
19.00000
22.00000
26.00000
45.50000
37.00000
20.00000
24.66667
24.33333
27.33333
38.00000
36.50000
40.50000
26.00000
37.50000
26.00000
37.00000
38.50000
38.00000
23.33333
37.50000
35.00000
28.33333
26.00000
25.66667
26.33333
38.00000
34.00000
23.33333
32.00000
36.00000
19.25000
25.66667
39.00000
37.00000
37.00000
25.33333
23.33333
25.33333
36.50000
15.40000
25.66667
36.50000
38.00000
37.00000
22.66667
21.66667
22.66667
20.00000
21.25000
18.00000
25.33333
39.00000
25.33333
38.00000
39.00000
40.00000
41.50000
25.00000
17.00000
36.00000
33.50000
35.00000
24.33333
30.00000
23.00000
26.00000
19.00000
20.75000
20.66667
34.50000
21.33333
21.25000
18.75000
27.00000
35.50000
24.33333
26.00000
22.50000
41.50000
40.00000
22.33333
33.50000
32.00000
26.00000
20.25000
24.33333
29.00000
26.33333
16.00000
26.66667
23.00000
33.00000
25.66667
26.33333
30.50000
33.00000
32.00000
25.00000
14.80000
17.80000
21.25000
23.66667
31.00000
30.50000
20.00000
24.33333
25.33333
32.50000
25.00000
25.00000
19.50000
33.50000
35.00000
27.00000
27.33333
33.50000
22.33333
35.00000
33.00000
31.00000
34.50000
37.50000
26.00000
21.75000
18.00000
16.20000
17.75000
27.33333
26.00000
38.50000
23.33333
37.50000
39.50000
38.00000
21.66667
24.00000
32.50000
23.33333
26.66667
37.50000
38.00000
21.66667
23.00000
17.50000
33.50000
30.50000
29.00000
16.25000
22.66667
22.66667
33.00000
21.66667
26.33333
20.66667
21.33333
18.25000
17.25000
17.00000
32.50000
34.00000
37.00000
26.33333
24.66667
25.33333
34.00000
31.00000
20.50000
25.00000
25.00000
34.50000
24.33333
33.00000
23.66667
35.00000
36.50000
35.50000
35.50000
37.50000
26.33333
19.00000
21.50000
27.33333
41.00000
39.00000
26.66667
