45.50000
34.18577
36.05859
37.11544
38.47366
35.97530
39.50000
30.62679
34.56716
45.00000
22.60285
44.50000
28.41984
13.94931
33.08911
34.02940
28.14583
10.32392
19.38266
29.41513
32.78211
32.09707
18.17278
41.00000
41.50000
34.02940
29.53341
20.05617
24.01041
30.91206
36.52701
36.38070
37.00000
27.30728
20.31420
29.43956
30.40970
33.50000
30.55414
25.62591
27.04163
19.16664
33.71778
26.73741
41.50000
22.50000
37.79183
37.53221
21.26405
28.00335
12.07122
10.13931
15.74802
26.28093
16.98705
27.35365
31.84686
35.03649
20.69269
24.42719
21.58333
17.48828
28.56960
40.79488
30.76524
25.19300
28.87136
18.48892
21.37025
20.34109
18.42390
21.76603
34.09790
37.00000
24.14022
23.65772
30.05308
40.50000
29.84439
42.00000
20.29008
47.00000
38.00000
31.20397
39.00000
30.10814
34.09790
41.50000
29.31818
19.42936
23.43160
25.27227
34.23773
23.89328
24.79415
24.07670
24.66272
32.31443
26.24669
25.08984
33.50000
31.50000
32.22146
27.72484
28.11139
29.50424
25.62984
22.55364
22.25668
17.34820
18.70829
23.12920
27.47158
24.08780
23.75921
17.22643
24.34646
19.20124
23.74210
22.66054
25.46021
28.87136
24.46426
33.15955
44.00000
22.71915
38.43898
40.50000
31.75252
39.50000
40.50000
25.77251
22.19610
25.43005
27.65261
33.15955
33.90510
21.01190
27.01029
29.60105
24.43440
23.94133
22.81578
36.59083
24.21260
27.15797
24.71617
22.89651
19.85573
19.36205
23.38376
18.19231
14.19296
30.91206
31.84686
32.78211
26.61297
25.65151
23.30772
24.07396
26.48113
26.76752
32.00000
32.61901
33.00000
31.09484
35.50000
23.63657
32.06590
28.80201
33.00000
29.40899
34.50000
32.00000
25.50817
26.84937
27.65261
32.69047
29.95923
34.50000
24.91318
23.04751
27.65261
25.73300
27.38955
28.07530
27.10512
35.00000
30.81486
32.14896
24.72965
36.33486
31.28365
27.42604
28.28820
27.65298
28.94055
25.40177
28.08321
27.42604
18.81914
39.00000
31.84686
23.44014
33.00000
27.35365
31.50000
24.38237
28.94055
38.00000
38.00000
36.50000
35.00000
35.00000
35.50000
34.50000
41.50000
31.56299
32.16753
31.67894
31.08356
36.00000
29.40899
38.50000
27.32927
36.55437
22.89651
33.62869
33.50000
25.88899
24.12468
25.89764
18.80307
32.00000
28.94055
31.56299
36.50000
29.27266
35.00000
31.41479
26.61179
24.48346
46.50000
40.00000
36.17550
26.12829
27.33130
30.91206
24.84326
14.26324
25.32168
23.15707
10.39898
23.17758
26.61244
24.09703
22.85257
23.93045
25.31139
24.91318
27.47524
25.15287
21.73707
23.15572
24.22579
21.63331
24.91318
23.04886
23.92044
22.30471
30.26916
27.13342
24.22579
26.38602
29.13188
25.03775
40.50000
35.50000
24.52550
24.63511
15.83667
24.85067
20.70169
22.32846
26.54974
24.42335
32.06590
35.50587
26.48113
29.51083
27.09589
39.00000
29.22328
33.06895
23.46673
46.00000
23.84717
22.17403
29.87753
31.20185
26.10555
22.96432
23.36151
32.78211
24.47831
25.27227
23.47102
34.02940
25.17053
20.88636
25.06990
34.29610
34.09790
35.91038
38.50000
23.47871
26.13214
31.00000
27.53584
23.95177
20.88660
15.56438
30.50000
26.91963
34.00000
25.78113
32.50000
27.47524
30.26916
23.46673
34.50000
34.50000
32.50000
30.68478
31.20897
33.50000
30.26916
30.07029
28.59293
30.15884
23.58495
38.50000
28.12275
30.62679
42.00000
32.96800
28.66279
39.50000
33.00000
21.71405
21.78073
24.17126
28.70540
33.35666
36.00000
33.03870
35.31131
30.90128
20.95137
32.10746
24.46937
20.24253
23.14492
21.64919
23.05835
31.09484
27.04972
31.66842
24.23955
31.20897
37.00000
37.50000
38.50000
34.50000
34.50000
32.00000
30.07029
32.50000
24.63511
36.50000
29.22328
29.04403
35.50587
34.50000
26.49528
26.31856
29.51083
25.49510
20.66301
24.91318
23.84324
34.00000
34.15406
19.42507
29.69322
27.93743
29.27776
30.50000
31.94787
34.70831
31.56299
32.69047
24.13892
22.51419
29.60105
33.62869
27.98015
22.80838
32.31443
27.58170
31.50000
30.53959
34.96983
25.81182
20.94039
30.50000
22.95406
31.37232
26.41128
24.34475
29.00958
26.69582
25.90849
30.34283
28.94055
20.72890
26.13427
31.28365
25.63591
26.78723
34.50000
27.92052
36.00000
31.50000
23.73815
33.50000
29.00000
29.79933
33.50000
24.72965
22.91697
21.05350
27.45337
29.87753
33.29665
24.25258
20.85761
24.14022
28.66279
32.50000
35.50000
30.50000
31.00000
32.00000
31.50000
34.00000
29.50000
30.00000
31.15552
31.15552
34.00000
25.10423
22.41093
25.38153
30.50000
33.50000
30.00000
25.38153
28.94055
22.82630
34.00000
27.86076
26.81767
24.38579
22.42855
36.50000
30.00370
27.32927
29.23848
26.91189
37.00000
30.00000
29.42257
25.61250
33.50000
34.50000
36.17550
27.82086
25.10423
28.24103
28.87136
22.07374
30.15884
24.89352
28.39014
31.37232
37.00000
27.06782
29.80306
25.49510
26.78723
37.00000
35.00000
31.56299
27.47524
20.01666
31.56299
40.50000
28.00397
36.00000
30.73905
34.09790
27.53584
35.17891
30.94439
36.50000
23.28089
29.50000
37.00000
28.00397
24.56624
31.37232
28.57738
39.00000
31.47839
25.87832
35.50000
35.50000
26.84937
28.80201
18.98611
18.71330
21.79449
23.71049
36.50000
36.00000
37.50000
38.50000
28.75568
27.82086
32.41742
30.34615
26.54974
26.98148
36.50000
32.00000
34.50000
32.22146
31.84686
32.14896
35.50000
34.50000
32.88701
39.00000
29.69100
38.00000
25.86020
33.50000
28.68362
33.35666
36.64545
32.31443
40.50000
29.40899
30.21405
37.06151
36.00000
25.38153
26.71246
24.85067
25.78113
29.01724
36.50000
29.32955
25.97862
27.01029
28.94055
36.50000
32.50000
28.57738
12.69596
25.17053
32.14896
22.10204
30.53959
30.94439
40.00000
39.00000
39.50000
32.56788
27.69815
26.10555
30.34615
35.17891
28.85596
23.29998
21.28820
24.85067
24.39034
29.79933
35.70559
30.07029
34.09790
25.93582
28.19377
38.50000
25.46894
35.00000
28.47221
27.25599
29.32955
26.54974
35.00000
34.50000
36.00000
30.43025
24.71167
23.92117
34.02940
42.50000
28.94055
27.15797
33.50000
20.88593
36.50000
34.50000
34.00000
30.50000
35.50000
26.59300
31.28365
34.50000
31.15552
30.50000
31.50000
26.31856
26.95830
28.39014
26.71246
38.00000
33.50000
36.00000
34.49960
32.50000
32.14896
39.00000
26.78723
34.02940
40.50000
38.00000
33.08911
33.76718
35.50000
37.50000
40.50000
26.74883
40.00000
36.00000
30.53959
26.38602
40.50000
25.88127
22.12888
22.94864
32.50000
32.50000
41.00000
38.50000
36.00000
36.50000
37.50000
39.50000
39.00000
28.54626
23.09882
25.70344
25.95295
21.36586
24.71167
37.00000
30.62679
32.82614
29.17000
29.02872
40.00000
43.00000
43.00000
31.20897
29.22328
29.69100
21.94311
31.00000
23.82226
32.14896
22.09497
27.17842
25.92296
34.19877
24.07396
28.59293
37.00000
35.50000
31.09484
29.04403
29.53341
28.47221
31.00000
30.62679
29.81051
29.47315
30.81486
29.00958
30.15884
26.41969
35.50000
39.00000
27.53584
37.50000
27.18251
25.00000
27.17842
33.00000
33.00842
30.21405
30.00000
26.99537
34.00000
28.75568
29.40899
32.00000
35.00000
36.50000
34.49960
37.00000
35.50000
28.66279
33.03870
30.21405
25.57342
25.11349
29.50000
33.00000
25.38153
33.00000
29.04403
32.41742
35.50000
28.19377
24.91318
37.00000
26.48113
21.33659
23.54060
25.92296
24.37212
26.99537
34.50000
27.13342
21.83461
24.99778
25.95295
28.33137
34.50000
25.66450
29.04403
32.00000
34.50000
29.79933
34.50000
29.51083
26.04270
27.35365
28.40579
31.00000
37.00000
30.86530
26.71246
31.50000
27.45337
22.06717
26.69582
25.31798
28.87136
28.39405
24.39034
28.40579
34.02940
31.50000
26.78723
29.27266
28.94055
26.59992
26.08107
34.96983
31.28365
24.72965
29.04403
24.13892
24.84452
23.35594
29.13188
33.71778
25.24381
22.55410
26.66250
29.32955
22.91288
36.00000
30.26916
37.00000
32.22146
28.75568
28.26106
26.85493
34.00000
28.19377
29.06315
26.31064
28.57738
34.00000
32.50000
35.50000
23.60614
36.00000
39.50000
26.87006
40.00000
43.00000
32.69047
24.85961
32.88701
22.72796
28.19377
21.99290
33.50000
21.72004
36.50000
32.14896
31.28365
33.50000
33.50000
37.00000
34.19877
36.00000
30.26916
34.00000
23.58495
26.41969
31.88521
24.22579
31.56299
34.70831
26.05163
22.64705
23.32857
38.00000
39.00000
41.00000
39.50000
38.50000
37.50000
38.00000
26.23399
26.73741
42.00000
29.60105
28.24103
30.53959
27.01029
33.00000
34.50000
33.00000
25.45953
28.84874
24.44495
28.94055
23.37065
25.36840
29.00000
36.50000
16.58878
25.19700
21.60926
26.35693
26.54556
34.50000
31.67894
30.81486
25.11349
26.16295
25.19841
39.00000
34.50000
35.50000
21.32487
29.69100
28.56024
42.50000
38.00000
33.82635
34.49960
41.00000
36.00000
29.63423
28.85981
28.66279
32.00000
23.45608
22.07232
26.23399
35.40559
19.67232
24.51304
34.23773
25.15287
33.35666
21.36586
21.66218
19.62779
22.35369
30.62679
31.47839
18.81193
33.29665
21.64871
29.14940
35.50000
34.00000
20.03123
25.20417
25.78113
26.98148
22.52899
26.51205
27.31300
29.60105
21.24117
27.65261
24.41311
30.15884
24.10783
26.45161
35.50000
35.00000
20.73065
31.97167
38.00000
21.33659
39.41517
23.55136
25.82029
26.61766
22.18468
21.21762
35.50000
32.14896
19.94158
26.51886
41.50000
21.79880
39.00000
30.43025
31.00896
27.25599
21.44032
24.26245
38.50000
35.44009
38.50000
29.13188
28.66279
26.90144
24.10783
22.69912
25.38153
22.32011
32.00000
21.44032
26.53653
28.04015
38.50000
30.91206
26.39129
27.27063
26.59992
24.28348
34.50000
24.79695
22.00545
40.50000
32.88701
34.50000
25.00000
33.43651
27.64394
33.90510
24.41695
41.50000
22.44298
21.15863
31.20897
26.16295
28.19377
18.16150
19.31424
39.00000
27.01029
37.50000
31.47839
25.04995
34.56716
32.53716
29.32955
26.59992
31.03045
28.40579
31.16979
26.23333
22.63095
36.12017
28.75568
32.50000
30.07029
29.60105
32.49957
25.79123
28.85981
23.76973
22.72664
31.88521
32.61901
33.76718
34.76588
33.82635
34.76588
33.35666
37.50000
33.72767
27.82086
26.98148
26.78723
35.00000
28.00397
32.00000
35.00000
28.94055
34.50000
38.00000
34.50000
32.49957
38.50000
37.50000
32.61901
30.53959
24.07396
28.54626
23.82226
26.24669
27.17842
21.13764
21.00446
21.62406
28.11089
27.64457
18.88280
22.05992
46.00000
35.91038
31.28365
35.86394
22.22611
26.73741
20.47407
20.74849
18.41704
25.20293
21.44032
18.92584
22.59840
21.53340
25.00000
24.31435
25.66450
21.38340
42.00000
25.36840
38.50000
39.50000
24.25329
21.94311
24.85961
23.09882
23.36664
29.94810
39.00000
37.00000
36.00000
28.80201
31.56299
30.15884
39.00000
29.47315
23.15572
36.50000
34.00000
24.49872
22.55410
39.00000
37.50000
29.79933
34.00327
37.50000
36.50000
33.08911
40.00000
24.84326
28.82273
27.45337
23.35594
17.56132
19.44704
21.85606
21.64486
37.50000
29.87753
39.00000
31.16388
20.35092
26.04323
39.00000
38.00000
27.22132
34.84250
29.14940
23.58495
34.50000
28.40579
26.78969
33.29665
26.23399
25.42022
25.22276
28.47221
35.50000
31.47839
29.32955
34.50000
34.50000
31.59465
33.00000
33.00000
27.17842
38.50000
27.25599
36.50000
34.50000
25.26856
28.47221
27.57263
36.00000
27.01029
25.39070
24.53569
22.99456
25.78113
18.83315
29.13188
19.95551
25.78113
23.57456
33.00000
24.80000
44.00000
28.00397
20.18663
30.00000
19.33908
33.72767
17.58235
27.08667
26.49528
36.50000
20.74030
29.50000
31.88521
20.75958
24.44381
25.13961
30.34615
20.90903
23.62202
24.72965
32.78550
22.72664
32.61901
44.50000
28.24103
19.04731
25.95295
22.07232
27.06782
40.00000
29.32955
31.20897
36.00000
32.35566
29.69100
27.76126
26.41128
21.20142
25.67465
40.00000
26.48113
23.12228
28.70927
29.87753
38.00000
35.00000
26.24669
34.00000
37.11544
35.70559
31.75252
33.50000
30.07029
30.53959
29.69322
26.71142
30.73905
30.24380
32.96800
38.50000
35.50000
22.18530
23.77499
31.94787
24.60081
31.47839
25.39606
23.69716
24.25329
21.78732
25.03775
26.38602
39.00000
28.94055
38.00000
42.00000
37.85352
18.66119
19.03287
20.92098
27.82086
48.50000
22.53531
22.49861
30.50000
36.00000
28.28820
22.77471
37.50000
25.83710
40.00000
12.27355
19.60867
33.62869
21.69533
30.09983
35.39303
32.96800
23.50931
30.73543
43.00000
23.75336
24.42335
24.17988
19.45508
38.52560
27.17996
24.17988
35.00000
21.36914
25.19700
28.07530
23.04103
25.19700
28.27101
23.83799
28.43413
32.31443
33.95422
29.67638
39.50000
34.50000
28.59293
24.85067
30.50000
26.71246
29.74335
27.18251
30.53959
33.03870
36.50000
23.16652
21.79880
20.35927
23.84717
27.65261
22.53192
28.50000
28.39014
34.00000
22.14018
32.00000
24.87343
35.00000
28.00397
36.00000
32.00000
27.25599
26.71246
28.66279
23.94786
29.80306
31.00896
33.50000
24.44381
21.97271
30.53959
25.36114
36.00000
21.28380
35.50000
27.77689
37.50000
33.00000
31.41479
29.87753
34.02940
31.56299
30.47403
26.53653
32.72444
24.65766
25.06367
30.26916
32.41742
26.89215
31.49603
41.00000
26.47995
25.14458
16.15206
26.98495
18.61827
35.50000
20.74096
24.66146
28.01227
27.72484
26.51205
33.00000
29.69100
30.00000
31.20897
27.28553
27.35365
30.07029
29.22328
41.00000
20.62159
34.50000
34.23773
37.00000
33.15955
32.14896
31.59465
32.50000
17.93990
20.89402
30.55414
28.43707
32.82614
20.65188
27.27063
19.51282
29.00958
25.85537
33.43651
27.45097
24.44381
25.30316
21.02760
36.00000
26.38602
24.74369
24.85067
34.00000
30.53959
29.54657
32.22146
32.00000
19.25201
29.04307
21.54501
36.17550
39.50000
25.65151
37.00000
22.83759
34.84250
27.94973
27.45097
27.00000
28.94055
23.66960
31.00000
34.50000
34.96983
28.00397
33.55923
30.07029
36.00000
36.50000
29.93697
34.50000
31.50000
28.94055
33.50000
32.00000
38.00000
29.79933
28.54626
27.72484
32.14896
32.00000
21.59074
23.52127
28.20793
28.00397
29.51083
33.35666
32.31443
27.82086
31.20897
36.50000
39.50000
38.00000
34.45125
36.00000
28.00397
23.05835
22.29910
35.00000
34.50000
21.42866
21.08317
24.58997
24.45858
24.16609
17.92205
41.00000
42.00000
26.61244
18.30983
24.79695
24.26245
30.53959
23.93220
23.01494
20.26080
24.93366
23.49468
34.23773
35.50000
43.00000
41.00000
28.12917
22.46108
25.48638
24.14022
35.50000
31.94787
21.73845
28.19377
25.99399
26.61179
29.74335
26.54974
29.79933
21.00446
9.97196
33.50000
31.00896
28.59293
29.17619
33.76718
36.00000
27.01029
39.50000
35.00000
32.00000
26.19160
31.50000
32.00000
32.50000
34.00000
31.50000
30.26916
34.00000
31.50000
27.92052
35.50000
30.94439
36.50000
30.73905
35.50000
28.07530
22.17566
32.50000
29.53341
26.50000
33.00000
32.00000
31.50000
34.50000
32.00000
26.50943
25.38153
23.29463
28.31409
28.39014
21.76436
26.78723
27.35365
26.00000
19.26032
26.41969
34.45125
28.94823
20.09975
24.00000
29.74335
23.79542
23.62202
26.04270
24.57005
30.00370
33.00000
38.50000
31.00000
35.00000
36.50000
28.85981
32.49957
29.06315
27.92052
24.26245
22.22611
22.64398
11.58663
14.14876
23.27418
31.03045
34.96983
32.41742
19.51000
22.74863
30.40102
23.98437
32.61901
24.36300
24.39034
30.24346
17.61076
19.94593
34.50000
33.06895
21.06076
31.41479
21.76436
20.77709
33.35666
25.18308
27.47524
37.50000
25.61683
29.06315
25.36237
36.30733
22.52082
38.00000
39.00000
33.00000
34.00000
33.35666
20.52706
26.29045
27.47524
24.05203
25.61250
38.00000
31.32979
36.50000
21.14681
35.00000
16.41646
27.64507
29.22328
23.33988
43.00000
43.50000
25.70019
25.74663
28.97413
33.29665
32.61901
39.00000
34.50000
27.18251
38.00000
35.64953
21.05802
20.87678
20.40980
27.65261
23.56905
27.94973
36.33486
28.86499
23.61261
25.62984
25.62984
39.00000
25.84999
23.60482
28.85981
34.96983
25.86020
32.22146
31.75252
35.00000
37.50000
34.00000
31.00000
23.79542
21.86893
26.04270
30.15884
38.00000
27.92052
22.96606
22.85826
22.32011
25.04371
38.00000
36.50000
28.40579
35.00000
36.50000
27.17842
22.46525
31.75252
31.28365
31.00000
27.47524
37.00000
28.44293
27.53584
22.29770
24.03513
21.44032
36.44478
27.01029
20.26820
27.35365
27.47120
37.00000
31.09484
29.97777
26.70880
38.94440
33.50000
28.24103
29.60105
23.48404
24.91318
21.56821
22.05045
22.84048
24.07156
23.89328
35.50000
27.13342
30.00000
38.00000
26.88659
37.50000
27.14199
31.62629
28.54626
31.37940
29.60105
30.53959
32.00000
31.47839
38.00000
35.00000
34.50000
31.20897
29.80306
35.00000
37.50000
36.00000
29.32955
27.18251
28.00397
35.50000
27.31300
28.50000
23.71049
29.97777
27.25599
31.50000
34.00000
31.00000
28.39014
31.50000
32.50000
27.72484
27.65261
30.00000
32.00000
35.50000
29.00958
33.50000
27.25599
35.00000
35.00000
35.00000
21.52580
33.00000
28.75568
26.87006
27.19477
30.81486
28.80201
28.66279
28.40579
23.22041
24.34475
26.54556
30.00000
22.37558
21.64919
26.10555
25.24986
26.24286
29.40899
29.48823
23.79542
20.45874
20.02598
23.42363
21.24265
20.94039
28.85981
21.18372
26.78723
27.92052
22.94967
27.06782
23.68016
21.23414
28.39014
25.70019
22.72114
22.07623
23.59423
25.48638
23.61261
21.46363
32.31443
29.13188
34.96983
32.00000
30.18094
24.10783
32.42770
22.72664
23.22714
24.33490
30.91206
20.70749
33.50953
42.00000
28.24103
25.45953
29.87753
30.20244
32.50000
39.00000
24.31954
19.45867
29.74335
35.00000
22.76373
35.00000
25.31139
30.98790
27.61680
25.62226
26.24669
27.39018
26.08040
29.22328
25.03775
27.94041
24.85639
30.50000
29.27266
25.51838
32.50000
33.15955
38.50000
35.00000
40.50000
29.04403
21.15420
20.81730
25.84999
18.39565
33.08911
29.50000
29.63106
33.55923
23.41340
28.75568
33.00000
36.00000
24.08838
20.51828
27.06782
32.56788
26.71246
39.00000
30.73543
38.50000
30.73543
28.85596
26.83696
31.47839
30.94439
36.00000
41.00000
30.81486
35.00000
26.78723
33.50000
31.00000
29.80306
24.76262
26.84937
44.50000
33.90510
21.59259
25.23267
22.45529
21.08317
23.58495
25.84999
21.14681
23.44260
24.51913
30.07029
28.20018
27.82086
24.85067
32.50000
28.51644
27.47524
21.16034
36.50000
36.50000
29.04403
21.36586
24.58780
38.00000
26.23399
25.06367
33.00000
18.92584
19.97398
22.13052
27.36786
27.30728
23.09882
25.76820
16.84653
28.00397
32.61901
35.23571
23.14087
29.08608
21.63701
28.38133
31.50000
34.96983
32.14896
36.44478
24.51913
31.49603
29.05168
27.82984
26.84937
35.50000
25.47916
22.34950
42.50000
27.45337
31.03045
34.42222
29.32955
36.50000
35.44009
28.53458
23.86420
29.53341
36.55437
35.50000
36.00000
40.50000
26.28054
20.35927
24.85067
37.53221
24.23955
37.00000
26.41969
23.79075
22.50000
37.50000
38.00000
18.96945
24.13892
30.73905
43.50000
24.18595
31.75252
26.11992
20.21138
25.31578
26.87006
39.50000
21.24117
30.73905
21.56386
32.00000
31.62629
26.28093
33.50000
25.27227
30.62679
24.25258
29.22328
34.00000
29.69100
33.03870
29.47315
37.00000
35.00000
33.29665
37.50000
38.00000
39.00000
42.00000
31.75252
33.35666
34.37376
32.09707
35.50000
36.00000
30.94439
39.00000
40.00000
25.43005
35.00000
34.00000
36.00000
28.00397
34.50000
37.00000
34.00000
34.00000
34.96983
38.50000
33.00000
25.38153
31.00896
36.50000
