41.50000
19.35200
13.60294
20.44963
12.48038
9.46338
14.75824
40.57366
14.97465
35.64953
33.71778
29.47315
35.50000
9.55824
29.04403
20.37768
17.69887
23.83799
26.45161
38.00000
41.50000
32.49957
29.52118
24.25329
26.13427
21.55806
31.37940
42.00000
35.44009
36.64545
39.00000
37.00000
36.00000
31.67894
23.78419
24.49872
30.47403
36.44478
27.79726
39.50000
39.50000
17.33229
16.75311
20.98190
21.80023
20.02598
25.18308
33.29665
27.11434
32.86673
37.65634
33.15955
30.94439
28.39014
24.53951
26.89215
18.52926
29.13188
26.98148
24.16609
34.00000
29.51083
34.50000
31.00896
32.00000
33.72767
19.69772
23.88907
35.00000
35.14099
27.06782
32.41742
34.00000
28.28820
40.50000
28.09248
30.81486
27.82086
35.23571
35.64953
33.29665
25.49877
25.90152
26.69582
26.71246
26.38602
24.26245
34.23773
25.61616
30.62679
25.46021
25.55753
38.00000
32.50000
26.59992
24.58093
22.83759
36.00000
22.72664
24.80423
24.70197
24.55988
23.90607
26.24246
24.01041
23.39204
23.84324
27.62044
29.47315
26.87006
31.00000
26.93859
28.94055
22.64398
37.00000
37.50000
30.62679
24.20098
26.08107
39.50000
34.45125
28.80201
38.50000
20.00555
35.00000
20.74030
37.50000
23.80126
24.09703
21.77154
34.50000
25.17315
32.09707
24.31435
31.47839
24.23840
31.28365
19.83683
22.00505
24.41766
22.80899
23.71181
26.37589
16.00750
35.50000
31.47839
39.50000
30.26916
41.50000
27.58170
38.50000
25.42022
26.38602
35.00000
38.50000
21.85177
29.87753
28.28820
27.17842
35.50000
27.47524
26.87006
28.54626
28.24103
30.44485
29.17000
29.40557
30.00000
23.04886
36.00000
29.27266
29.22328
33.00000
31.41479
30.00370
35.50000
28.19377
29.13188
34.50000
30.68478
31.67894
33.50000
35.50000
29.22328
38.50000
33.50000
35.50000
25.75243
39.00000
26.72078
38.50000
29.79933
38.00000
32.50000
30.34615
29.87753
25.78113
25.11349
22.85279
31.41479
26.24286
34.49960
21.98153
28.47221
34.50000
21.40093
33.95095
25.18432
34.89349
32.53716
27.47120
22.32011
30.09983
40.00000
36.64545
31.88260
28.31409
41.50000
41.50000
32.49957
43.00000
43.00000
41.50000
24.48852
21.21910
31.75252
40.50000
21.65064
27.86076
20.83267
21.42866
24.89352
31.63332
30.15884
35.91038
19.41546
21.35855
34.56716
38.00000
28.87136
37.50000
42.50000
32.89377
41.50000
32.25937
26.23399
41.00000
23.51064
38.00000
29.47315
42.50000
38.00000
42.00000
39.50000
20.41241
23.79075
27.82984
45.50000
38.00000
42.00000
42.00000
29.80247
23.21099
22.19234
42.50000
35.00000
31.50000
34.29610
25.15287
29.32955
31.28098
27.06782
11.38804
23.27418
27.25599
23.28089
33.43651
32.22146
41.00000
26.31856
32.14896
38.00000
21.76436
37.50000
29.06028
41.00000
25.27350
24.28662
28.19377
24.91318
22.92788
35.23571
24.13892
27.45337
24.34646
30.09983
26.13214
18.08007
32.44226
24.94438
29.60105
32.69047
26.78723
39.00000
16.45955
17.00588
21.43269
20.08731
24.68299
25.91693
40.50000
39.00000
27.35365
22.69361
28.75568
37.50000
23.03801
24.37212
18.54292
21.76006
23.49468
38.00000
25.70344
28.11089
31.88260
24.19711
27.88369
28.94055
34.00000
32.82614
31.37940
22.43184
25.67465
32.00000
36.50000
25.42022
24.23324
26.71246
27.45097
34.50000
27.64507
26.41969
24.76388
29.42257
37.00000
36.91432
31.00896
41.00000
39.50000
32.49957
28.33174
25.46021
35.00000
39.00000
32.50000
28.59293
24.23955
22.91697
22.63156
37.50000
40.50000
27.15797
27.64457
29.51083
38.00000
31.41479
29.31818
32.88701
27.17842
21.61597
22.83759
28.19377
22.74313
26.59992
30.53959
20.60340
28.00397
27.01029
23.21099
26.71142
29.80306
27.48181
26.29045
29.95923
34.37376
29.00958
32.31443
27.01029
40.00000
41.00000
32.69047
30.53959
32.96800
29.13188
28.07468
26.56478
28.57738
31.75252
32.89377
38.00000
31.94787
36.50000
39.00000
35.39303
32.35566
29.11507
38.00000
30.07029
34.00000
32.53716
29.79933
31.41479
32.50000
23.88907
26.13214
23.20022
27.35365
32.50000
33.55923
29.00000
29.87753
30.15884
27.53584
21.92459
23.29998
33.50000
33.08911
34.00000
37.00000
37.50000
35.00000
34.00000
32.41742
31.62629
25.51838
28.75568
29.00958
27.35365
30.50000
35.50000
27.25599
35.50000
32.78550
32.88701
25.01999
28.75568
39.50000
38.50000
29.06315
39.50000
40.00000
34.50000
26.13214
26.78723
38.00000
30.53959
28.59293
36.50000
28.80201
27.72484
26.88659
27.01029
21.50000
22.69116
27.00000
24.39034
24.25329
28.00397
28.39014
39.00000
35.39303
42.50000
28.43413
20.98190
20.47492
25.85053
19.15620
21.02825
28.85981
33.50000
30.43025
31.37232
31.50000
36.00000
31.75252
35.50000
30.07029
22.86190
26.91963
21.67227
35.50000
30.47403
32.69047
25.36840
26.93047
34.29610
22.84048
37.50000
24.72965
23.90084
24.52663
27.25599
25.42022
27.92052
28.85981
22.73076
24.89352
31.41479
26.67747
28.39014
26.41128
26.44911
25.48638
21.31103
32.03123
29.67638
33.08911
42.00000
35.00000
19.00493
43.00000
39.00000
32.61901
31.20185
44.50000
26.09957
25.67465
32.69047
27.45337
30.73905
32.00000
30.56505
32.50000
34.49960
24.23955
25.96512
24.14309
22.21908
25.58686
29.63106
38.00000
24.32463
23.25224
20.32701
21.33512
35.00000
34.00000
23.01494
32.69047
26.24669
23.44014
34.50000
38.00000
37.00000
35.50000
39.00000
34.50000
29.53341
34.50000
27.15797
22.61084
23.37734
25.75849
22.19234
23.61261
26.04270
23.41340
25.30261
22.55364
25.03775
29.60105
22.68920
24.46426
30.90128
35.50000
30.15884
27.72484
31.37232
27.17842
23.28089
30.00370
34.49960
31.66842
22.30471
29.22328
29.06315
38.50000
40.00000
31.03045
25.38085
26.38602
28.12275
27.86076
33.50000
31.94787
32.78550
34.50000
27.35365
29.04403
22.49861
25.62984
29.27266
28.00000
31.20897
25.32291
22.20923
33.43651
32.49957
27.41350
36.50000
36.50000
23.79542
34.00000
25.48638
21.13764
32.49957
28.66279
32.41742
25.48638
28.83032
28.65746
31.67894
25.66125
32.56788
31.00000
28.07530
23.74532
31.20897
27.25599
31.28098
38.00000
26.56478
25.14458
29.47315
40.50000
39.50000
37.00000
39.00000
32.14896
33.35666
24.68918
32.49957
28.00000
31.41479
25.84999
35.50000
30.26916
29.80306
34.00000
23.76315
25.66450
29.40899
32.00000
32.50000
28.26106
30.47403
29.32955
30.18094
28.04015
28.46928
26.41969
22.66468
24.49872
27.47120
26.54556
23.50931
25.31139
41.00000
41.00000
40.50000
41.00000
34.50000
31.67894
35.50000
23.36664
32.13513
24.96372
27.35365
26.98148
21.24117
36.00000
20.94636
27.17842
26.78723
28.33137
36.50000
25.85053
36.00000
35.00000
34.00000
34.00000
36.00000
38.50000
31.75252
39.50000
43.50000
38.00000
30.73905
23.92117
40.50000
27.15797
26.38602
18.42824
27.98015
24.68805
29.33712
41.00000
27.31300
20.80865
21.77585
22.75961
22.21486
23.78024
26.16653
25.19921
24.62214
28.66279
30.07029
32.41742
36.00000
22.34950
38.50000
28.87136
23.97684
31.50000
37.02552
24.25329
25.34142
24.22579
22.37558
21.51017
24.15574
27.47120
25.97475
33.50953
22.10204
23.15572
31.50000
37.50000
31.56299
20.40196
29.38112
23.32783
20.98190
28.38133
34.50000
30.18094
37.50000
39.00000
32.31443
30.81486
31.67894
23.90607
22.93878
31.50000
26.98148
23.28089
24.20098
30.07029
38.00000
41.50000
33.50000
34.50000
15.32609
34.50000
40.00000
28.75568
33.00000
26.53653
22.37558
24.58093
18.43475
21.75431
21.94174
27.01029
29.02047
21.38598
28.11089
32.31443
33.35666
35.50000
26.98495
24.91318
28.70927
32.41742
26.84937
29.33712
27.77689
32.41742
24.53569
24.55380
26.78723
23.09085
25.31139
24.99778
31.94787
28.24103
25.93582
24.22579
25.27227
26.54556
27.62044
37.00000
27.77689
26.84213
28.54626
23.92117
27.31300
31.75252
25.73300
31.09484
26.97221
27.94973
35.59026
29.22328
20.78912
26.08107
31.00000
32.00000
34.00000
34.09790
26.71246
24.55988
42.00000
34.56716
28.33137
29.79933
34.00000
24.58997
28.28820
27.93246
31.50000
25.49877
25.19300
27.77689
21.89749
31.20185
32.79768
40.50000
31.15552
33.25658
28.80201
23.33854
29.00000
23.71049
25.95295
29.50424
31.28365
24.03513
19.66596
30.09983
23.69716
31.15552
30.26916
26.23399
28.19377
23.97684
25.45953
29.73529
29.67638
36.38070
25.82419
22.62051
24.33490
31.50000
33.50000
29.23848
34.00000
27.72484
27.86076
31.56299
25.01999
25.84999
35.00000
30.90128
24.56737
28.28820
38.00000
33.62869
37.50000
21.21910
30.44485
30.56505
37.11544
20.74247
28.08358
30.47403
20.91052
31.94787
29.85381
23.14087
32.22146
43.00000
23.37065
28.11089
34.00000
22.69912
29.80352
34.76588
37.50000
23.56242
17.18102
22.55549
21.99290
24.13892
25.48038
28.20018
25.66450
36.50000
33.50953
32.96800
36.00000
32.50000
27.17842
26.47050
21.18224
27.35365
26.12829
39.50000
24.10783
24.69185
20.57152
25.01679
30.26916
39.00000
19.27578
24.84326
22.96606
24.19065
21.59138
31.20185
23.33988
16.73076
34.00000
44.00000
31.79448
27.31300
30.40102
38.00000
25.27227
26.03843
25.59663
19.26623
25.11349
28.00397
22.57626
38.00000
27.17842
34.50000
34.00000
24.99778
26.08107
25.52450
27.47524
27.01029
26.54556
25.57342
30.00000
28.75568
26.78723
30.47403
30.00000
40.00000
40.50000
23.08002
34.89349
28.39014
28.94823
31.00896
24.63511
33.00000
32.00000
36.00000
26.59992
36.00000
29.40899
40.00000
36.00000
36.00000
31.94787
36.50000
24.25258
22.43184
33.00000
34.50000
24.55988
25.01999
26.46224
30.00370
28.85981
31.00000
28.00397
27.47158
30.53959
28.94055
42.00000
30.15792
32.41742
41.00000
25.78113
32.50000
33.50000
23.12331
25.77251
30.53959
33.29665
26.56478
32.82614
31.56299
25.79123
34.50000
20.57912
25.75243
30.34615
36.50000
33.72767
22.32011
21.11871
34.23773
21.57979
20.78912
20.56794
23.78419
23.79075
26.51205
18.92512
27.19477
24.52932
32.49957
20.22838
21.05202
21.46363
25.50817
29.33712
24.72965
30.26916
26.47995
30.62679
26.13214
31.00000
32.00000
27.31300
30.53959
33.55923
24.81305
41.00000
19.82896
37.50000
36.00000
36.50000
27.15797
28.87136
22.12888
36.50000
26.24246
28.11089
22.43184
28.85981
19.20720
30.00000
38.21867
35.97530
22.06241
24.49872
32.60198
33.29665
38.50000
41.00000
42.00000
34.23773
31.00000
26.08107
36.00000
27.82086
28.57738
35.00000
29.13188
32.50000
22.58871
25.57342
25.42145
33.00000
25.97475
36.00000
28.86499
30.81486
19.10393
32.50000
29.32955
30.50000
36.50000
38.50000
36.00000
35.50000
29.79933
29.51083
27.64457
25.03775
27.01029
35.00000
33.08911
26.84937
31.88521
29.53341
35.00000
35.00000
28.94055
29.60105
29.97777
19.91381
24.03513
29.87753
24.11431
25.82029
22.94967
23.31309
36.00000
24.87343
22.17205
28.50000
25.84999
24.44495
25.84999
27.18251
31.00000
33.00000
38.00000
28.00397
32.00000
30.50000
28.94055
36.00000
30.50000
29.50000
35.50000
29.53341
32.50000
36.00000
34.76588
38.26225
29.13188
22.27527
23.76047
26.37589
26.01442
34.29610
36.50000
34.29610
29.32955
21.96019
22.03406
30.00000
24.18677
23.29998
22.53192
22.24770
24.62214
21.59138
13.93512
31.50000
29.95923
31.67894
33.08911
38.50000
37.00000
23.09221
30.94439
37.49667
25.36840
30.62679
25.81666
26.69582
31.67894
29.74335
29.24466
28.28759
33.00842
31.47839
38.50000
30.81486
23.76272
33.76718
39.00000
36.00000
42.50000
37.00000
35.50000
24.08780
22.96193
24.85067
33.50000
35.00000
26.16295
39.50000
32.09707
33.50000
30.00000
25.78113
30.94439
34.50000
32.50000
33.00000
36.50000
29.00000
24.16997
25.38153
28.57738
33.00000
29.40899
28.00000
27.92052
30.15884
35.50000
24.70324
18.53213
31.88521
33.29665
38.50000
27.72484
28.70540
27.06782
27.64457
30.50000
31.94787
33.50000
34.00000
39.00000
36.50000
20.60744
39.00000
39.00000
33.08911
18.43061
40.00000
30.53959
28.50000
20.89707
21.54646
31.50000
25.61683
30.00370
32.78550
25.75243
27.77689
33.50000
27.06782
31.94787
24.81305
28.11089
28.24103
28.75568
29.87753
30.50000
30.34615
29.43956
29.53341
38.50000
25.62226
31.28365
33.00000
32.03123
35.50000
31.67894
35.00000
39.50000
29.60105
25.48638
27.06782
34.00000
35.00000
33.50000
28.66279
27.86076
29.00000
38.00000
37.00000
30.53959
29.79933
23.89328
21.54501
22.83331
24.76388
25.01999
26.05163
31.84686
32.50000
26.49882
25.19921
34.00000
38.50000
33.03870
31.84337
35.50000
35.50000
24.74242
37.00000
31.00896
27.92052
30.50000
34.00000
29.54657
43.50000
31.62629
38.50000
37.00000
37.50000
31.56299
41.50000
41.50000
39.00000
21.29413
31.56299
43.00000
17.72710
22.98309
23.36664
21.49855
26.51339
24.79415
20.74247
21.96968
34.00000
34.50000
37.50000
26.04270
22.19369
27.56243
35.00000
24.32077
29.51083
32.49957
28.59293
24.94438
34.50000
17.50873
23.79075
25.10423
24.14022
28.59293
23.75921
25.31578
22.59840
27.92052
24.55380
24.39034
27.53584
24.53569
34.00000
24.99375
24.37212
26.71246
27.64457
27.06782
25.36237
28.57738
24.36570
25.49510
30.44485
26.67747
23.99349
21.03901
39.50000
22.35369
26.28093
28.94055
27.39018
20.76536
37.00000
39.00000
37.00000
15.74039
29.60105
29.22328
26.81767
22.55549
21.10095
34.45125
21.98153
27.27636
31.63332
37.00000
27.88369
38.00000
22.23033
37.00000
18.44560
25.37400
35.00000
33.50000
32.61901
37.50000
39.50000
21.48384
42.00000
43.00000
41.00000
35.50000
34.50000
34.50000
39.00000
25.82419
41.00000
33.08911
35.50000
33.25658
34.02940
28.94055
29.40899
37.00000
36.00000
32.69047
35.03649
28.07530
36.30733
33.98039
34.50000
37.50000
37.50000
31.50000
29.87753
28.85981
32.00000
36.50000
27.45097
31.00000
32.50000
29.87753
33.25658
30.15884
36.00000
34.70831
36.00000
29.51083
23.26714
26.33439
24.11970
38.00000
27.15797
24.91486
34.50000
25.14334
39.50000
37.00000
28.00397
24.68918
26.51205
30.00000
34.50000
36.50000
27.64457
27.06782
31.41479
37.00000
37.00000
30.26916
30.07029
39.00000
32.31443
38.50000
37.72120
39.50000
26.74883
25.70384
25.75243
28.70540
27.25599
26.59992
32.00000
35.50000
39.00000
27.92052
23.65772
33.55923
31.84337
20.32701
20.91507
19.62619
34.76588
32.82614
30.26916
29.00000
29.87753
32.50000
30.07029
27.65298
38.00000
32.61901
38.50000
28.75568
36.00000
30.47403
28.66279
24.55380
21.86893
26.38602
26.04803
26.54556
22.24157
22.92788
32.78211
39.50000
30.34615
34.00327
26.84937
25.84999
20.96282
33.43651
26.83696
22.17403
21.95085
18.11595
25.95295
21.31249
18.08204
29.40899
29.40899
29.63423
33.76718
25.59785
32.13513
34.49960
28.57738
30.44485
21.12315
37.79183
25.07987
23.90999
43.00000
23.79601
33.90510
24.74242
28.08321
18.60611
23.37734
45.00000
46.00000
24.26288
28.70540
25.45953
20.98190
24.10809
18.19856
31.20897
42.00000
32.96800
34.56716
35.91038
37.50000
29.80306
26.71246
29.50000
15.40089
30.07029
41.00000
16.87454
35.00000
40.00000
34.50000
40.50000
30.73543
32.22146
40.50000
35.50000
22.82953
21.32041
26.95830
21.95877
16.70745
22.99275
38.00000
32.78211
32.22146
29.13188
28.60398
38.50000
21.02974
12.14249
26.76168
21.93262
22.49089
24.65132
32.14896
41.00000
28.87365
35.91038
34.37376
37.50000
37.49667
26.91138
25.20293
17.49821
18.34121
26.71246
18.25815
27.45097
22.78947
31.75252
33.03870
38.50000
32.03123
48.50000
30.43025
34.50000
26.65521
31.00000
38.00000
33.82635
30.47403
21.47528
26.94851
30.09245
23.84717
33.29665
30.00000
23.97684
25.88919
18.63297
28.39014
25.51838
26.14742
28.59293
37.00000
30.94653
43.00000
37.50000
39.00000
36.50000
37.50000
30.40970
37.50000
25.19700
24.12468
25.06990
22.59978
35.50000
37.50000
21.87893
18.76832
26.24669
22.73030
27.65261
36.91432
30.81486
42.50000
34.37376
23.44542
42.00000
28.87136
23.28492
28.43413
31.75252
23.37734
16.63250
23.79542
19.84156
23.13547
35.00000
25.61683
23.55313
22.04541
29.00000
28.19377
32.35566
36.50000
34.00000
32.50000
31.53966
23.17086
26.61244
31.09484
36.00000
24.84452
23.60614
28.11089
23.52127
22.62051
29.40899
26.13214
28.59293
25.38153
25.50858
40.50000
31.00896
28.75568
27.82086
34.50000
33.50000
35.00000
34.96983
20.01599
25.13961
27.37700
19.35200
44.00000
28.24103
24.58997
26.38602
20.14944
37.53221
33.62869
23.61261
32.41742
33.95095
32.09707
30.81486
27.17842
27.50795
18.78534
35.86394
29.40899
29.47351
22.78947
31.00896
21.73845
27.15797
19.07249
23.08002
20.30394
20.47407
23.29998
24.23195
33.29665
25.46021
24.73232
32.49957
42.00000
31.67894
23.25269
31.67894
28.33137
17.61377
30.97176
34.29610
23.71049
22.19910
35.00000
27.17842
24.03513
29.33712
28.57738
26.23399
25.49510
36.00000
30.21405
37.50000
30.34615
28.85596
29.79933
30.81486
31.00896
28.25221
29.32955
33.62869
30.26916
26.61179
28.24103
41.00000
28.76956
21.45198
22.88134
29.00958
30.53959
21.57979
44.00000
29.48823
30.07029
28.80201
29.32955
25.54408
28.20793
30.50000
26.24246
24.36570
21.78073
31.00000
37.50000
24.76388
32.50000
33.50000
21.46363
23.98958
25.32168
26.41969
23.97165
18.70187
31.67894
31.50000
38.50000
27.13342
35.50000
24.55380
31.28365
25.43005
28.19377
29.79933
29.13188
23.83799
28.57738
34.00000
29.33712
26.24669
32.09707
34.00000
28.08321
35.00000
32.50000
37.00000
34.42222
37.00000
33.50953
28.47221
37.50000
33.50000
36.00000
29.50000
25.92296
34.50000
31.94787
23.37065
29.79933
27.72484
31.59465
38.00000
25.19700
28.12275
24.74369
28.11089
31.50000
23.54060
33.55923
29.60105
30.50000
40.00000
39.00000
29.30444
38.50000
29.40899
30.81486
26.54556
25.17053
24.53569
25.77251
25.48638
37.50000
20.75958
25.03775
28.70540
30.40102
29.48199
35.70559
32.82614
26.24881
28.54273
26.52711
24.68299
29.27266
36.00000
25.92296
26.78619
28.28820
27.95532
17.23772
21.79880
22.70875
23.15572
22.89590
23.71181
22.64398
26.41128
23.76272
28.75568
24.55380
23.67884
32.82614
38.00000
22.90742
25.44602
19.87964
22.82542
30.81486
26.08107
31.20897
26.48113
27.53584
31.00000
30.00000
28.59293
25.20417
37.50000
19.18333
24.85067
25.62591
20.94636
19.76582
27.77689
24.85067
24.37212
27.15797
22.23870
33.00000
32.00000
33.76718
30.00370
33.50000
33.00000
33.50000
24.26245
37.00000
30.07029
35.00000
35.00000
28.54626
35.00000
31.56299
29.51083
22.70875
29.50000
26.98148
28.50000
25.94010
24.49872
32.03123
36.50000
26.33795
34.45125
37.00000
30.81486
29.48823
23.04886
27.01029
25.97475
34.50000
26.54556
28.33137
27.53584
36.91432
27.04163
32.14896
13.42469
22.57078
30.51639
45.00000
45.50000
36.71815
45.50000
43.50000
29.06315
25.92658
29.70971
29.22328
25.57342
38.00292
29.63423
30.15884
36.50000
32.22146
38.00000
23.87860
33.82635
25.85053
25.39029
28.11089
40.50000
21.15278
33.08911
32.03123
29.53341
32.41742
23.33988
24.61707
32.06590
26.84937
22.20923
28.12275
25.01999
23.28089
26.54556
31.00000
26.71246
25.53919
22.69361
36.50000
29.50000
34.50000
31.20897
36.50000
39.50000
38.00000
37.00000
33.15955
37.00000
34.47060
26.41969
25.24876
21.93741
29.32955
27.25599
23.58363
30.09983
38.00000
