41.50000
19.35200
19.49840
15.84890
17.19767
23.11363
30.44485
26.80485
38.94440
31.96178
38.00000
26.71142
30.44485
20.60946
19.17029
34.12070
24.35077
30.09983
21.22940
23.20022
21.42522
19.33908
23.33238
25.36840
38.50000
28.24103
26.54556
41.00000
43.00000
37.49667
21.07576
27.45097
29.48823
27.98015
42.50000
32.25937
33.82635
32.56788
31.62629
20.94487
27.28553
32.49957
24.91318
23.15647
22.87007
21.65641
29.87753
44.50000
32.22146
31.50000
28.50000
32.50000
32.50000
14.55472
29.79933
24.81612
28.00397
34.02940
30.53959
28.57738
28.59293
35.50000
26.91073
33.50000
23.94133
21.23582
23.22714
27.35365
26.54974
35.00000
36.00000
33.00000
31.50000
29.00000
32.00000
39.00000
26.40549
35.36477
24.25329
28.12275
32.78550
28.85981
39.00000
36.00000
35.00000
31.00000
35.50000
33.50000
31.00000
26.41969
25.30316
38.00000
41.00000
20.04595
41.00000
17.74824
16.88194
39.00000
38.00000
34.50000
21.64486
25.95295
27.92052
36.00000
38.50000
39.50000
30.73543
36.00000
37.50000
19.60230
20.32732
24.07670
27.17842
24.45787
26.71142
20.95328
25.30261
27.06782
30.62679
27.23394
27.65261
26.41969
25.67465
34.50000
24.07396
29.50000
23.37065
22.50972
30.00000
25.57342
27.62698
43.50000
39.00000
24.89352
20.52285
24.57005
30.44485
23.25403
26.49528
25.27227
24.99778
32.61901
43.00000
29.31818
25.67465
32.41742
29.95923
28.24889
33.00000
31.24900
33.50000
30.50000
24.60056
30.00000
32.82614
27.93743
28.28759
36.50000
38.00292
26.96757
22.99275
24.55380
24.84326
27.33130
27.17842
24.21260
26.42442
30.53959
36.00000
37.50000
28.85981
32.14896
29.78068
29.51083
32.25937
30.91206
21.85304
25.36840
38.50000
19.87932
27.17842
24.08780
26.23399
35.50000
34.50000
35.00000
33.35666
33.98039
26.78723
28.70927
26.78723
31.09484
38.00000
32.42770
32.00000
29.79933
27.35365
40.50000
33.08911
41.00000
37.00000
37.00000
39.50000
24.79415
19.92834
17.96218
25.06990
40.50000
30.53959
37.00000
41.50000
33.25658
34.00000
30.53959
30.51639
21.73131
32.60198
30.91206
36.00000
33.08911
21.17192
20.27215
31.47839
24.03513
21.71837
34.70831
34.00000
23.00408
23.69716
26.16295
20.41960
22.87466
44.50000
23.97684
24.14309
38.00000
25.48638
24.53951
22.66054
40.00000
34.50000
19.15829
22.63156
34.47060
37.50000
28.08321
29.60105
32.03123
39.50000
28.47221
39.00000
21.79880
33.50000
32.50000
33.00000
28.28820
26.06722
35.00000
36.50000
33.00842
33.47968
28.00397
26.24669
31.75252
28.11089
26.32489
27.72484
25.36237
23.17731
28.54273
30.26916
26.40549
27.45337
23.90999
37.00000
23.47102
29.04403
25.03775
17.07337
26.08040
21.30728
37.50000
34.00000
33.95095
29.47315
26.38655
37.50000
32.49957
35.00000
23.47738
37.50000
43.00000
23.98437
26.88659
23.75921
27.51818
29.33748
27.32927
25.20417
25.98557
22.43184
26.73741
25.49510
30.86530
24.93102
26.26785
41.50000
44.00000
41.50000
24.58997
21.64871
23.32857
37.11544
25.08984
31.47839
39.00000
41.00000
33.00000
22.15852
25.59080
40.50000
35.00000
25.95295
36.00000
39.50000
32.69047
27.01029
31.94787
42.00000
39.50000
43.00000
25.36840
29.40899
35.50000
27.53584
38.50000
28.20018
34.56716
37.50000
26.54556
30.09983
19.15620
26.03243
32.41742
21.15656
30.15884
30.26916
27.82086
25.52450
30.81486
26.41969
36.00000
34.50000
31.20897
27.82086
34.00000
34.50000
35.50000
31.50000
29.13188
25.84999
31.88521
25.75243
38.50000
29.17000
27.39018
34.29610
42.00000
27.93246
36.08324
25.22276
28.40579
23.05835
37.00000
39.50000
28.11089
25.75849
37.00000
35.44009
35.70559
23.16652
33.00000
37.00000
36.00000
39.00000
32.09707
38.50000
40.00000
39.50000
25.08984
40.50000
45.00000
43.00000
42.00000
41.50000
42.00000
39.00000
36.80580
38.00000
39.00000
37.00000
21.64871
17.84579
21.92411
33.76718
29.79933
36.50000
31.15552
37.00000
29.74335
33.15955
37.50000
26.98148
43.50000
36.00000
26.23399
34.37376
33.00000
24.70197
25.46021
31.15552
23.15167
17.92345
20.15564
30.00370
30.00000
26.66250
24.23955
32.13513
27.39018
31.75252
29.23848
34.70831
40.00000
40.00000
26.83696
34.02940
36.50000
39.00000
33.35666
34.23773
28.89961
29.69100
30.00370
37.50000
38.50000
36.85105
27.53520
34.76588
27.28858
40.00000
26.38602
22.09575
23.69995
35.50000
29.50000
27.77689
37.50000
31.47839
40.00000
27.15797
32.78550
36.50000
22.69912
36.50000
24.58093
38.50000
36.50000
32.14896
33.50000
27.31300
32.14896
33.25658
36.08324
25.74393
25.03775
23.53720
25.67586
21.66795
27.17842
21.79880
23.69716
23.17086
21.16034
23.20022
28.08321
26.54974
27.57263
26.61179
25.97862
30.15884
40.00000
39.00000
29.79933
33.50000
33.55923
25.31578
29.06315
26.88659
27.60435
35.03649
34.50000
21.50907
26.51205
23.46673
23.27015
26.88659
28.12275
28.66279
30.47403
26.88659
26.84937
27.92052
36.00000
26.24669
31.00000
22.51111
30.94439
28.59293
32.00000
24.95496
23.09632
26.15764
22.89590
29.50000
27.45097
27.92052
30.00000
32.50000
25.48638
22.22611
21.99290
28.40579
24.64752
31.66842
34.49960
39.50000
30.62679
28.66279
29.55503
31.15552
31.15552
31.56299
27.55903
32.42770
33.24990
37.00000
29.87753
34.00000
28.66279
22.49444
29.17000
26.18205
23.63657
33.00000
21.89178
21.17044
33.55923
23.42363
23.96221
26.24246
25.81182
34.29610
23.27015
22.92788
22.56901
30.50000
29.06028
24.55380
33.50000
29.33712
30.44257
15.27048
24.04553
26.13427
33.90510
36.00000
35.97530
42.50000
44.00000
41.50000
41.50000
30.81486
33.55923
31.08456
27.45337
28.65746
29.19225
18.92749
25.03775
24.22579
23.93045
22.92788
29.79933
21.85177
18.81914
27.72484
22.11425
26.88659
27.06782
28.28820
25.15287
22.70875
26.37589
31.75252
34.29610
40.50000
30.68478
33.50953
35.97530
38.50000
26.08107
28.47221
27.13393
37.50000
32.96800
37.00000
33.47968
26.61297
26.84937
30.91206
20.53047
36.00000
29.79933
31.50000
29.69100
25.19700
32.00000
27.06782
25.12966
25.11349
22.30695
23.20022
22.19234
24.81305
29.51083
19.72784
21.84125
22.30471
24.38237
30.00000
28.66279
33.50000
26.98148
36.50000
27.01029
39.50000
35.50000
40.50000
36.50000
27.77689
30.34615
23.33854
25.84999
27.72484
28.75568
26.18564
25.38153
26.54556
35.00000
29.53341
30.73905
31.50000
27.39018
29.32955
28.11089
25.38153
30.26916
37.00000
27.25599
21.05612
31.47839
33.29665
34.50000
35.00000
39.50000
31.47839
36.00000
29.32955
32.00000
28.39014
27.50795
29.69100
25.31578
41.00000
36.50000
27.17881
34.00000
27.92052
37.50000
32.14896
35.00000
35.50000
32.00000
27.04163
27.32215
27.53584
27.53584
29.79933
36.00000
38.50000
36.50000
35.00000
41.50000
34.50000
29.00000
30.26916
28.28820
29.80306
30.00000
23.39204
31.50000
34.00000
32.56788
23.88907
41.00000
37.50000
37.50000
26.93047
35.50000
24.85067
21.51485
26.51205
31.41479
24.46426
35.50000
36.08324
21.44032
33.50000
25.66450
32.61901
32.09707
39.50000
34.50000
38.50000
27.64457
26.73741
30.44485
24.39034
15.38465
27.35365
42.00000
29.66795
27.22132
29.32955
28.28820
38.26225
25.11349
21.22940
35.78019
40.50000
41.00000
30.53959
28.19377
32.22146
21.31314
24.25902
28.47221
24.74242
28.87136
31.50000
37.50000
31.28365
36.85105
30.58901
31.82766
37.00000
24.74369
32.09707
36.00000
29.87753
33.50000
25.52817
28.00397
30.07029
28.94055
26.18205
26.10555
27.04163
25.92658
24.77272
29.22328
27.35365
28.47221
29.60105
24.19065
31.50000
31.75252
37.00000
34.00000
34.92214
31.47839
30.49898
31.62629
25.57342
27.06782
32.50000
32.61901
40.50000
27.01029
30.91206
31.50000
30.00370
28.66279
27.45097
23.28089
23.31309
32.00000
24.22579
25.61683
29.50000
28.50439
35.44009
24.76262
27.07859
29.51083
18.73393
18.29086
23.73157
35.97530
23.37734
25.00080
27.13393
24.85067
19.57141
19.03260
37.50000
20.63589
29.80306
33.50000
29.22328
30.50000
25.00000
28.47221
26.49528
21.45198
24.64117
34.19877
26.18205
36.50000
32.31443
21.32340
23.04344
30.55414
21.02760
25.74272
24.55380
25.78113
22.24770
24.17437
25.38153
28.94055
31.00000
27.77689
38.50000
28.87136
18.47126
19.86832
27.47120
34.84250
22.89590
22.22611
25.95295
26.88659
22.37558
26.71246
25.31139
36.00000
35.00000
27.13342
26.04270
28.81297
31.28365
28.19377
24.52264
28.94055
39.00000
30.00370
34.50000
31.94787
35.00000
33.98039
39.00000
39.00000
35.86394
29.93697
29.32955
38.50000
39.50000
33.65511
21.00595
42.50000
41.50000
35.50000
33.08911
29.13188
38.00000
38.00000
29.97777
22.86236
33.62869
31.09484
33.29665
33.95095
33.06895
35.00000
31.75252
25.36114
22.50000
20.40980
26.98148
24.68918
25.38153
23.68016
31.94787
29.33712
19.81792
30.86530
22.52221
23.15647
24.38579
25.17315
25.20417
36.00000
30.47403
21.45198
19.35562
33.00000
26.42442
24.26245
26.11992
23.56242
30.68478
28.39014
28.43413
35.14099
26.08107
29.87753
41.50000
30.07029
29.79933
25.06990
27.17842
27.92052
35.50587
23.28492
23.33809
26.19160
22.61084
27.53634
25.57342
29.60105
19.25617
31.75252
20.36388
24.17126
25.11349
22.18107
25.00000
24.41311
26.51205
26.59992
18.34318
17.78967
26.93047
30.53959
29.13188
31.00000
27.65261
43.50000
32.41742
31.56299
29.06315
23.30638
34.50000
30.53959
24.79415
33.43651
31.00000
25.17053
31.67894
26.41128
25.38153
26.87006
32.50000
30.50000
33.82635
22.99456
22.04178
29.50000
29.32955
25.88919
25.62984
37.00000
32.00000
35.00000
34.00000
31.00896
28.33137
28.51644
44.50000
32.42770
32.13513
32.22146
31.56299
25.61250
33.00000
19.82896
32.88701
28.75568
26.28093
23.42008
21.07576
30.50000
27.86076
28.59293
27.92052
33.00000
33.00000
25.78113
27.79726
31.47839
35.50000
36.00000
37.50000
25.38153
36.00000
35.50000
34.50000
24.99375
29.40899
33.50000
24.85067
33.53605
30.44485
34.00000
12.94604
41.50000
42.00000
36.00000
34.45125
37.00000
33.55923
28.08321
41.00000
38.50000
24.05549
40.00000
40.00000
25.09095
26.83696
35.00000
35.00000
20.96282
33.35999
24.61707
40.00000
34.00000
21.31249
25.39070
26.71246
24.44381
19.18821
19.30458
21.11871
22.64705
22.00505
24.58997
36.00000
27.19477
26.41969
24.38237
27.35365
29.32955
35.00000
33.00000
25.17315
28.75568
40.00000
33.55923
26.71246
29.24466
24.19065
27.18251
25.49510
31.37940
26.57536
35.61211
42.50000
42.00000
31.20185
41.50000
39.00000
28.40579
40.00000
35.39303
30.73905
23.89328
24.58093
25.62226
24.85067
19.87360
21.85177
20.26080
28.59293
22.36565
22.36487
28.33137
24.38579
22.60946
38.50000
28.87136
24.75379
27.39868
33.00000
28.85981
14.50517
30.15884
17.53169
32.22146
34.96983
13.09351
32.41742
14.44991
20.52706
24.55988
28.47221
33.62869
19.09679
27.94041
32.88701
31.28365
20.81346
32.03123
25.48638
19.87360
20.93418
17.95104
17.93990
23.78419
25.49510
25.02998
22.88422
40.00000
39.50000
24.74874
21.82109
25.12469
21.33512
22.39838
26.84937
40.00000
24.61707
27.47524
34.50000
29.00000
29.53341
24.30535
33.55923
37.11544
34.76588
32.78550
33.50000
40.50000
21.11871
31.20897
32.35566
28.12917
45.50000
24.78351
29.19225
28.11089
28.47221
29.69100
31.56299
29.22328
26.35693
20.53874
26.41969
26.71246
31.20185
27.02314
27.15797
24.46426
37.00000
38.50000
38.50000
25.32291
23.47738
28.57738
23.79542
22.74863
27.35365
37.00000
24.81305
33.00000
31.94787
27.35365
24.79695
31.94787
31.00000
28.44293
28.94055
34.50000
36.00000
29.22328
31.94787
29.97812
33.62869
28.50767
37.50000
31.03045
30.15884
35.50000
28.85981
36.50000
27.94041
40.50000
36.50000
40.00000
35.50000
32.69047
30.53959
31.47839
28.85981
26.18564
28.19377
28.70540
32.82614
32.14896
35.00000
31.00000
25.78113
28.47221
37.50000
32.09707
32.78550
41.00000
29.60105
30.53959
34.09790
33.00000
32.03123
29.32955
34.18577
31.09484
31.66842
30.62679
32.41742
39.63164
29.26175
19.76582
27.63251
27.45097
25.11349
22.69912
23.68940
36.00000
23.28492
28.87136
24.65132
25.06990
25.19300
13.07823
28.28820
27.91393
19.97599
26.31856
27.82086
21.12818
20.04395
33.00000
24.55380
28.33137
21.24117
29.95923
22.80877
29.50000
27.72484
22.42209
24.22579
33.00000
28.00397
36.50000
26.99537
21.95085
21.40531
27.25599
22.84382
29.17000
38.00000
31.00896
26.06722
19.06568
19.30512
21.01636
25.84999
25.98557
28.39014
38.00000
32.00000
37.00000
31.00000
22.71976
40.00000
28.87136
21.64486
23.15167
22.20783
34.50000
22.16980
34.50000
26.98148
25.70384
35.50000
31.94787
26.88659
29.27266
26.22022
27.47524
30.00370
28.19377
27.28858
23.98958
28.00335
27.08667
41.00000
38.50000
26.98148
30.73905
21.97157
25.95295
32.00000
23.79542
27.94041
26.66250
25.77251
23.61261
29.23848
29.50000
30.53959
35.00000
29.06315
21.09028
26.95830
22.84048
24.64117
35.50587
25.84999
16.33401
25.61683
26.51205
25.77251
26.69582
25.11349
25.77251
26.71142
22.74863
21.93741
24.48852
30.21405
25.92658
26.59417
27.45097
26.41969
31.00000
34.50000
32.50000
31.50000
25.30261
31.41479
27.10512
36.00000
20.97999
22.00568
24.91318
21.37171
26.71246
21.24853
19.72308
31.28365
25.31181
24.47831
25.48638
20.81730
31.20897
24.38237
25.66450
31.00000
25.95188
35.44009
28.20018
27.78889
24.99778
31.15552
21.29554
24.72965
27.01029
28.24103
26.24669
22.00568
27.10166
25.73300
24.12468
32.09707
38.50000
31.75252
29.22328
29.79933
31.20897
29.32955
32.50000
33.00000
27.64457
25.92296
33.02524
26.41377
23.26714
26.13214
28.39014
32.00000
22.51577
25.15287
27.72484
36.00000
22.23111
26.87006
28.85596
22.19610
24.87343
29.00000
32.00000
30.26916
28.47221
26.52711
33.00000
32.00000
29.74335
24.72965
29.00000
31.00896
30.62679
31.50000
25.70344
37.00000
34.23773
28.47221
34.00000
35.00000
34.00000
29.12366
27.15797
24.46426
40.00000
40.50000
22.09575
35.50000
26.29045
33.00000
30.00000
30.50000
23.74210
31.00896
27.14199
26.84937
19.42132
23.20560
21.81192
24.83277
25.39193
25.17315
29.72688
20.52285
37.00000
33.55923
32.69047
25.75849
37.00000
24.94995
30.07029
32.22146
32.61901
33.15955
32.50000
25.01999
27.25599
30.86890
28.19377
25.46021
21.63844
29.50424
29.06315
24.95371
26.08959
22.94967
26.78723
30.07029
25.38153
28.65637
24.72965
26.84937
25.00000
21.18175
30.50000
34.00000
29.38005
32.50000
30.21405
27.25599
33.50000
27.02314
30.50000
24.32463
25.19700
21.05202
26.04270
32.22146
33.50000
29.24466
29.60105
35.00000
36.00000
33.50000
23.01207
37.38389
30.46720
15.57509
25.12966
18.24719
29.69100
33.76718
24.57005
31.50000
32.00000
29.87753
26.52711
22.15147
35.00000
38.50000
38.50000
24.23324
40.50000
21.18372
24.81305
31.20897
22.58871
36.55437
28.71846
31.47839
25.97475
26.23928
27.47524
25.66450
28.11089
35.00000
33.50000
30.26916
31.50000
28.12275
29.51083
26.41969
22.99321
30.50000
35.00000
37.00000
30.26916
34.50000
39.00000
33.50000
34.00000
25.92296
34.50000
30.68478
35.23571
33.98039
31.49603
33.43651
24.58771
27.14199
36.50000
30.81486
36.00000
34.50000
33.76718
38.00000
37.50000
31.94787
39.50000
26.91073
28.43413
24.76388
27.34045
26.71142
29.40899
33.82635
22.51577
39.50000
24.34132
38.50000
22.12590
37.27674
25.77305
38.00000
40.50000
25.75849
25.85053
27.17842
26.44911
24.13892
35.50000
34.50000
34.00000
31.67894
26.09957
27.59529
34.96983
28.54626
42.50000
24.63511
22.77608
30.26916
36.50000
22.50555
27.77689
25.04496
20.07209
34.23773
20.79062
26.12829
24.34475
27.53584
35.00000
26.87006
30.68478
27.71620
21.95877
23.69599
22.28228
38.00000
29.48823
28.59293
25.95295
33.24990
32.60198
24.34475
40.00000
36.50000
34.50000
27.86076
33.50000
33.50000
23.83799
21.74601
21.54066
43.50000
32.60198
24.41695
23.71049
30.15884
42.00000
32.61901
39.00000
26.13214
35.00000
33.24990
29.26602
34.49960
20.49932
25.57342
25.36840
22.59425
17.54102
20.63220
22.50000
21.22499
36.80580
24.71617
43.00000
31.37940
42.50000
29.22328
41.50000
27.52373
27.32927
30.15884
29.97777
31.03045
33.08911
29.31818
45.00000
16.95170
29.47315
22.06556
22.64705
21.33659
22.14723
22.00505
19.67130
22.29798
24.10394
21.32487
29.44805
42.00000
34.49960
27.40235
39.50000
24.22579
31.63332
30.40102
19.10988
33.82635
31.84686
30.62679
28.23451
27.71620
20.48102
23.89644
24.48852
26.61297
28.40579
22.93953
23.62202
23.36664
26.49528
35.44009
22.86236
43.00000
34.70831
23.79542
32.35566
36.85105
30.21405
21.51162
26.08959
40.50000
24.95371
22.54378
31.66842
21.74601
25.62984
30.07029
34.56716
28.47221
29.87753
34.00000
22.61084
27.14199
32.09707
34.50000
33.00000
32.22146
23.41340
24.01041
29.29590
32.61901
33.35666
27.82984
35.50000
25.42022
33.50000
32.50000
25.66450
34.00000
28.39014
33.50000
28.47221
28.12275
32.50000
29.74335
39.00000
41.50000
26.98148
32.50000
38.00000
32.06590
31.00896
35.50000
28.66279
23.77499
34.09790
30.47403
35.00000
35.00000
38.50000
31.20897
37.00000
39.50000
31.00000
31.50000
35.00000
34.00000
33.29665
33.00000
29.32955
30.00000
32.00000
30.00000
29.53341
28.87136
37.00000
38.00000
38.50000
39.00000
39.50000
42.50000
43.50000
39.00000
28.47221
39.50000
36.00000
27.42604
31.41479
35.03649
36.59083
29.80306
41.50000
39.50000
30.07029
35.14099
35.23571
30.00370
23.62599
35.00000
33.00000
33.00000
31.50000
34.00000
28.50000
25.46021
24.68918
30.00000
25.38153
26.16295
29.00000
21.56293
24.55380
25.18432
33.00000
36.50000
29.04307
26.12829
39.50000
28.68362
23.55929
36.50000
30.62679
31.75252
28.47221
27.00000
25.79244
37.00000
23.99349
21.76436
34.50000
34.23773
35.50000
29.63481
32.49957
41.00000
25.11349
35.83605
40.50000
35.31131
43.00000
43.50000
30.09983
41.50000
41.00000
36.50000
33.29665
32.50000
27.40235
38.00000
24.13892
28.47221
28.94055
29.33712
33.00000
26.23399
35.50000
30.65217
31.50000
25.38153
31.50000
26.71246
17.56891
16.35543
15.96524
14.36663
25.06367
29.13188
32.00000
29.50000
33.50000
19.15434
16.26346
28.11089
29.87753
37.50000
33.00000
31.28365
39.00000
21.63701
25.99399
39.50000
38.00000
33.00000
36.50000
26.08107
27.94041
24.25902
26.73741
28.75568
34.00000
34.50000
34.00000
28.11089
30.53959
34.50000
27.18251
26.31856
26.51205
36.00000
36.00000
26.24246
18.15673
25.59080
22.63156
40.00000
23.45682
19.88366
30.94439
33.25658
19.18821
26.28054
33.24990
21.35416
37.50000
27.01029
19.10988
29.40899
33.50000
44.00000
26.39129
32.41742
38.50000
38.50000
36.00000
39.00000
29.04403
40.00000
27.78889
41.50000
39.50000
36.00000
38.00000
38.00000
33.15955
27.96762
29.22328
32.88701
32.69047
26.84937
35.23571
28.11089
35.70559
27.15797
43.00000
35.00000
39.50000
43.50000
44.50000
40.50000
38.50000
22.09072
42.00000
37.00000
23.71181
42.00000
40.00000
28.70540
32.89377
34.23773
35.23571
16.16663
44.50000
44.00000
28.72281
39.50000
18.64638
22.49861
23.67488
22.51755
25.31578
26.54974
23.47738
22.39420
19.31839
20.30240
23.15707
