44.00000
21.79195
16.52838
35.44009
32.13513
29.93697
15.63330
34.37376
22.67708
19.07059
13.80896
20.12461
30.26916
16.56985
46.00000
19.44704
21.52766
40.50000
28.00335
20.51067
36.44478
20.69396
21.98153
34.60040
31.84686
38.00000
30.26916
30.44485
45.00000
19.56936
19.56936
17.22092
23.18809
17.91536
24.10394
25.74663
24.22579
22.22611
27.77689
37.50000
23.97684
21.07576
22.67157
30.40970
18.23623
24.49943
25.32291
28.11089
29.04307
33.15955
31.75252
19.91381
28.99138
31.28365
21.98863
32.41742
32.22146
26.84937
21.29684
41.00000
23.71049
21.77585
25.15287
30.07029
22.90327
31.28365
25.46021
23.56905
23.07054
18.08425
34.49960
19.46279
16.87128
26.32489
19.81918
27.01029
28.43707
27.06782
26.37589
23.20560
23.73815
38.00000
33.76718
30.15884
22.49089
21.33659
23.77730
40.00000
21.68525
37.50000
25.59785
22.40954
26.69582
40.50000
28.08321
34.49960
33.29665
26.94787
32.88701
25.46021
23.76447
29.40899
22.80351
33.00000
31.00000
32.50000
32.00000
32.22146
27.10627
30.94653
32.89377
29.35227
43.50000
26.84937
22.40179
25.95295
27.92052
24.89352
35.23571
31.00896
23.46572
19.33100
42.00000
34.00000
24.25258
16.65653
21.17192
28.14694
24.70324
18.75527
20.63977
18.26034
26.50000
25.61683
29.69100
28.59293
27.64457
25.38153
24.38237
32.82614
21.56128
29.63481
28.76727
39.50000
31.00896
32.60198
25.19921
37.50000
42.50000
28.87136
40.00000
41.00000
24.78351
40.50000
26.84937
22.09575
25.41038
29.33002
23.37734
29.69100
31.28365
26.04611
20.65914
20.40980
13.20000
28.75568
21.57979
25.51838
25.66450
32.50000
27.60435
27.18251
19.46279
21.92350
18.66976
30.00000
28.94055
31.67894
26.03243
39.00000
29.40899
31.28365
34.00000
26.59992
34.92214
32.14896
37.50000
20.40067
25.57342
32.25937
20.36271
23.51064
28.00397
26.41128
27.72484
26.18205
23.01825
30.00370
34.96983
27.47120
23.35594
27.47120
40.50000
14.18626
38.50000
40.00000
19.77473
26.57536
30.44485
28.09270
24.41695
37.00000
28.84874
30.00000
29.60105
28.39014
33.00000
31.75252
29.79933
34.56716
22.69116
26.24286
30.26916
35.50000
33.55923
39.00000
29.60105
27.35365
39.00000
32.50000
29.79933
30.50000
27.92052
29.87753
20.54720
21.89178
27.28553
22.42209
23.79542
27.53584
33.00000
36.50000
32.41742
25.66491
32.88701
26.69582
31.96178
29.69100
32.60198
40.00000
29.93697
28.57738
29.62263
23.60508
21.02974
27.25599
31.00896
28.70540
26.59992
28.47221
36.50000
25.66450
29.22328
31.50000
33.00000
35.00000
33.00000
39.00000
39.50000
37.00000
31.28365
37.00000
27.06782
22.53192
34.00000
32.54516
21.37849
35.61211
29.06315
37.00000
33.08911
31.00896
31.88521
28.47221
31.88521
35.00000
30.34615
31.88521
26.50000
28.00397
27.92052
26.50736
30.26916
28.12275
21.21762
23.75710
15.74293
21.09597
20.27215
25.07364
17.27889
24.21260
18.44285
19.45867
22.56103
41.50000
26.28054
29.74895
21.85304
22.29770
28.59293
32.56105
26.54556
30.34615
26.65033
39.20317
30.81486
26.14742
18.54724
18.14828
29.69100
21.48384
33.95095
18.28004
25.03775
21.00595
31.94787
25.08984
21.85304
41.00000
26.89215
33.35666
22.17205
31.20897
35.00000
34.56716
33.50953
34.50000
30.00370
32.00000
28.00397
33.82635
19.91582
28.50000
33.18969
23.35594
30.73543
28.75568
24.76388
35.50587
33.29665
32.96800
38.00000
42.00000
27.92052
24.58093
27.45097
23.68016
30.26916
28.56960
24.94995
32.88701
32.56788
30.65217
29.51083
26.95830
26.93859
23.92044
23.56905
28.00000
23.92117
29.11507
36.00000
26.84937
35.50000
23.28089
28.59293
30.53959
35.00000
29.79933
29.97777
28.57738
31.47839
34.70831
28.64001
35.00000
34.50000
30.94439
36.00000
23.22834
30.00000
17.24980
26.86075
29.74335
31.67894
29.97777
26.23399
25.31578
34.02940
38.00000
29.60105
34.50000
35.00000
32.78550
21.77585
20.45116
24.68918
27.01029
19.94593
27.94041
26.14742
29.22328
23.31309
21.55226
23.56905
24.78351
20.22838
23.69716
24.19065
34.50000
29.79933
24.89498
24.94438
22.22611
26.66250
36.00000
44.50000
38.00000
43.00000
26.54974
18.43909
40.00000
29.27776
42.00000
31.50000
47.00000
37.00000
15.21052
33.35666
24.79415
25.31798
17.67031
30.67572
20.63977
21.31168
21.93262
17.90251
39.50000
22.37558
19.22383
20.54805
22.63156
43.00000
34.65384
35.00000
30.53959
19.09679
26.54556
18.03469
19.00493
28.66279
37.06151
28.44293
28.12275
25.82419
26.35693
30.34615
30.63495
24.10783
32.35566
27.23394
24.19065
22.76373
21.64919
24.01432
27.72484
18.88121
28.08469
37.06151
31.56299
32.41742
38.73270
28.31176
25.62226
17.12272
22.09638
15.27048
26.05163
26.13214
31.75252
20.47407
20.08109
20.41786
33.50000
20.39608
27.91393
42.00000
21.40093
26.91073
25.15287
29.80306
22.50000
23.74210
15.86050
22.19657
23.21398
18.74000
25.45953
18.26034
14.27118
27.35365
22.81858
21.50581
27.13393
40.50000
22.77718
28.47221
24.63230
25.17053
30.68478
38.00000
28.52192
24.62088
15.07274
24.13892
19.39691
25.51838
19.97968
19.12694
20.89258
11.91638
29.22649
28.54626
20.34109
29.11507
34.75949
31.62629
26.12829
30.24380
25.86020
20.15564
30.11125
23.02173
23.29292
29.50000
32.50000
25.84999
33.35666
20.27776
30.84943
28.50767
25.65151
27.36786
24.75964
36.00000
27.47524
35.64953
39.50000
27.82984
22.10520
26.78723
28.00397
24.48852
33.06895
26.67396
26.13214
23.97684
33.25658
25.42022
33.62869
38.50000
26.52711
33.00000
36.50000
25.19300
20.75301
34.50000
31.20897
31.20897
29.27266
25.27350
27.82535
34.50000
27.86076
20.60795
23.27015
39.00000
32.50000
40.50000
29.06315
33.00000
34.50000
27.72484
24.77272
39.50000
30.50000
27.60774
25.45953
24.71617
25.19700
34.70831
32.78211
21.13498
28.33174
19.64281
19.03506
21.81192
31.84686
21.24265
28.54626
22.49861
28.66279
29.63106
31.47839
30.15792
19.93389
31.94787
35.50000
27.62044
40.50000
29.97777
31.50000
26.52711
25.54775
37.00000
29.60105
34.29610
35.00000
34.00000
23.76272
31.50000
30.68478
29.00862
22.65745
26.22022
29.80247
29.97777
28.40579
42.00000
22.84048
28.47221
30.07029
20.42939
24.39034
19.68502
26.54974
16.90680
28.70540
38.50000
27.35365
28.00000
33.00000
34.00000
34.09790
27.89601
25.77251
19.07249
36.00000
24.66146
26.59992
28.54626
38.50000
29.93697
17.91647
40.50000
26.16295
32.00000
24.84452
29.80306
36.50000
29.32955
32.88701
23.16652
28.19377
24.59675
19.42782
24.39775
26.41969
16.08571
23.93045
24.58023
30.86530
27.24885
26.22022
33.17630
27.93246
20.50610
27.18251
31.47839
31.50000
27.10512
27.72484
29.32955
29.27266
33.00000
22.94559
33.02524
24.42949
25.53919
24.79695
23.46274
28.14694
43.50000
30.09983
34.09790
38.00000
24.21074
20.99143
31.79448
27.35365
33.72767
28.51644
26.69582
22.19234
29.51083
22.44298
28.39014
29.06315
36.30733
34.50000
25.95295
34.00000
31.47839
32.35566
21.67227
30.50000
23.62599
27.25599
24.53569
28.28820
24.99000
31.15552
28.76195
26.80485
33.76718
22.09575
34.50000
34.29610
24.34475
19.88567
26.53653
39.50000
32.50000
30.73905
25.66450
28.81297
33.76718
27.17842
27.01029
22.23870
33.03870
34.23773
31.37232
16.88313
33.62869
22.15852
25.11095
22.96193
22.50000
29.00000
24.94995
29.50000
30.09983
37.50000
33.50000
20.88636
25.56365
18.68261
38.00000
30.62679
33.08911
28.28820
27.68009
28.00000
38.00000
18.70187
30.09983
26.41128
26.93047
32.14896
25.71478
28.40579
40.00000
32.78211
35.91038
44.50000
43.50000
24.57005
29.42257
36.59083
28.14694
27.17842
31.62629
42.00000
27.60774
29.40899
29.69100
30.26916
31.67894
37.00000
29.47315
33.55923
27.18251
22.44994
33.00000
28.00397
35.50000
18.83189
25.60273
24.99778
30.43025
32.50000
31.41479
31.00000
21.92459
27.72484
26.93859
36.00000
34.49960
23.37065
35.00000
27.93743
35.50000
26.98148
26.59992
32.41742
29.53341
26.84213
24.84326
32.61901
27.35365
37.00000
32.69047
36.00000
34.50000
33.50953
30.56505
26.82238
24.53569
28.12275
21.01190
26.56478
28.28820
25.36840
28.11089
28.12275
30.34615
37.00000
35.00000
33.03870
39.50000
35.50000
28.75568
31.56299
14.99867
11.03656
35.50000
27.69928
20.53503
20.68061
24.85067
21.37171
20.02967
22.36565
23.19887
33.98039
33.50000
28.94055
24.96372
21.98727
28.94055
34.50000
34.00000
19.41546
29.04403
23.69304
22.93818
27.23394
23.50830
45.50000
19.06410
25.36840
24.74369
22.72114
26.24286
22.52776
22.30471
29.07211
24.68299
26.43270
22.84048
28.80201
34.96983
34.50000
39.50000
32.50000
29.27266
28.11089
27.45097
27.62044
24.00463
23.28089
22.30595
23.55136
21.89178
22.50000
28.19377
29.80306
30.15884
29.40899
24.21260
33.62869
30.73543
25.94706
26.78619
30.34615
36.50000
35.61211
29.22328
27.37700
32.22146
25.30316
32.56788
27.14199
22.72664
23.12228
33.50000
35.86394
32.03123
35.03649
25.42145
25.17315
25.69411
22.72664
20.38235
24.03513
18.18351
23.15707
34.00327
24.19711
21.20755
25.51838
30.47403
26.78723
20.64946
28.85981
24.37212
20.82517
26.04270
26.78723
29.33712
26.59992
29.79933
36.12017
33.76718
18.60779
32.78211
27.62044
31.88521
28.85981
37.11544
39.50000
31.28365
24.30535
22.28228
31.47839
33.72767
24.81305
28.40579
23.60614
23.35594
21.03331
30.34615
27.34045
26.86075
24.45077
28.61272
35.00000
22.60619
35.17891
33.72767
37.50000
27.01029
35.14099
39.00000
30.41792
32.13513
31.41479
37.53221
24.35672
25.62984
26.28054
28.75568
29.40899
24.34132
30.50000
25.23391
31.94787
42.00000
38.73270
40.00000
25.22276
26.08959
29.22328
29.87753
36.50000
27.92052
30.21405
37.50000
23.62202
32.88701
22.07232
38.50000
32.03123
23.98958
17.74260
20.18044
23.38033
34.49960
28.19377
17.67031
17.80839
28.31176
35.50000
18.61827
34.65384
20.38842
33.82635
33.43651
23.69599
24.47831
23.29807
35.70559
41.00000
26.59992
23.24193
24.30535
22.73076
22.74313
19.87360
19.55121
18.59585
22.82953
31.15552
24.89352
33.55923
37.50000
34.09790
20.84866
19.24838
22.32011
25.71964
34.29286
34.29610
26.88659
23.20964
30.09983
31.37940
19.92956
31.28365
31.84686
31.67894
25.10423
28.66279
26.35693
30.74085
31.56299
27.45097
24.11431
31.94092
19.42132
23.73815
30.12474
38.05552
39.00000
24.31954
24.94995
30.44485
26.71246
21.50907
37.50000
24.21260
31.41479
38.00000
40.00000
40.50000
39.50000
34.76588
26.98148
30.91206
43.50000
22.99275
26.15764
29.80306
21.34854
25.48638
28.39894
29.74335
32.50000
23.65772
29.27266
24.68299
28.14694
21.09597
15.10497
20.89258
27.17842
30.50000
29.79933
24.49872
26.10555
29.79933
29.48823
26.52711
32.14896
38.50000
25.78113
29.97777
22.24672
31.28098
31.28365
29.87753
29.63481
34.50000
30.07029
36.00000
27.15120
25.89764
29.17000
18.97861
19.26623
24.32463
20.94636
17.78166
37.50000
30.26916
20.51926
28.59293
22.74863
27.50000
24.16609
24.87971
25.40177
26.28093
31.84337
24.25258
21.66472
19.56119
15.86695
23.82226
20.79808
30.00370
24.92990
22.41963
24.19065
26.44911
24.85067
21.51017
41.50000
31.20185
24.06761
21.57979
32.53716
27.06782
24.21260
23.39204
23.76272
20.07209
27.25599
35.50000
31.00000
24.68918
28.29605
24.55380
27.47158
30.26916
21.79449
18.59677
25.39193
21.08317
25.19700
40.50000
25.75243
27.77689
18.37269
21.33659
33.55923
25.24986
25.36114
22.99275
25.49510
35.50000
35.00000
33.03870
27.92052
34.50000
37.00000
28.39405
33.50953
38.00000
41.50000
34.50000
33.00000
29.32955
40.00000
32.35566
36.50000
15.29433
34.09790
29.60105
30.15884
38.00000
28.65746
30.24346
32.61901
33.08911
35.00000
19.12694
18.76832
41.00000
32.88701
26.35811
43.50000
26.59417
39.00000
29.00958
29.40899
39.00000
21.49977
29.17512
39.50000
23.76447
22.44994
23.29998
24.05203
22.75961
22.00505
25.31139
16.55714
22.09575
22.34950
27.35365
27.35365
36.33486
39.00000
34.50000
38.00000
26.71246
28.66279
28.00397
26.04270
29.74335
29.50000
35.50000
28.54626
42.00000
26.62236
30.86530
39.00000
29.13188
26.02283
35.00000
13.69306
13.60147
28.01227
33.82635
25.66450
45.00000
31.34486
41.50000
15.60256
39.50000
32.25937
25.17315
11.21784
44.50000
22.60619
27.85678
27.35365
31.75252
39.00000
31.94787
40.50000
34.02940
40.00000
44.00000
27.94041
15.97568
27.24885
25.11349
26.19160
30.26916
30.26916
26.50943
25.46021
22.39420
21.41650
22.62051
22.75961
21.19434
24.64117
26.88659
32.00000
40.00000
33.71778
36.16014
29.69100
30.07029
27.57263
23.54119
39.00000
26.84937
35.50000
31.00896
36.00000
23.64847
30.62679
24.49943
29.63481
34.66987
29.80306
36.55437
37.00000
30.00000
32.50000
29.87055
24.44381
32.88701
29.79933
33.00000
33.15955
19.00493
30.21405
31.15552
32.00000
28.81297
36.00000
32.50000
31.75252
36.17550
22.96606
31.59465
33.06895
36.00000
38.50000
34.29610
25.02998
24.38579
26.47168
29.32955
36.50000
27.72484
19.72942
33.15955
34.19877
39.00000
36.85105
34.23773
38.00000
29.53341
31.20185
28.54626
27.28858
22.85826
27.74086
29.63481
30.40833
28.54626
20.40588
28.08358
28.76195
35.97530
25.02998
35.64953
28.75568
27.45097
31.75252
33.25658
30.47403
29.60105
28.94055
27.35365
30.50000
25.92778
30.68478
24.21260
22.97145
35.50587
28.51315
44.00000
30.09245
28.11089
22.72664
21.69533
36.50000
21.08317
21.44388
23.54119
37.50000
31.84686
22.57211
42.00000
21.32487
23.04431
24.53951
33.72767
27.21557
27.01029
29.40899
32.22146
34.18577
34.65384
34.37376
34.65384
32.82614
27.36215
35.50000
32.22146
22.99275
40.00000
23.13547
22.20923
22.14018
23.95177
35.00000
34.50000
28.00000
36.00000
36.50000
38.00000
35.50000
35.50000
29.40899
37.00000
39.00000
37.50000
36.00000
35.83605
32.50000
34.02940
38.00000
31.41479
34.00000
40.50000
33.29665
34.23773
34.50000
34.45125
21.09597
20.06589
34.37376
24.15057
29.63481
23.66960
26.78723
22.92788
31.97167
24.00500
19.86957
28.52192
26.24286
41.50000
40.50000
27.38955
36.50000
27.52272
23.92044
23.64847
23.88514
20.79808
24.99778
24.07396
19.45867
29.93697
36.50000
26.38602
31.47839
24.49872
21.37171
21.17044
32.50000
36.50000
28.28820
33.15955
33.62869
31.40362
28.12917
42.00000
32.60198
33.18969
36.00000
24.85067
33.03870
18.30983
20.17889
29.22328
21.63844
21.59861
21.80023
17.75352
20.57912
21.01190
18.81914
21.46363
31.00896
23.87860
21.74396
28.19377
23.32783
24.64117
25.18432
21.83941
29.51589
28.57738
25.71357
24.09357
23.03666
36.64545
28.24103
32.49957
19.90603
19.94593
20.68236
29.13188
28.19377
25.66450
28.59293
29.53341
26.38602
23.93045
36.00000
42.50000
41.50000
32.03123
27.39868
33.06895
34.02940
34.76588
25.18308
30.73543
12.85496
25.93582
20.43418
38.50000
39.50000
36.38070
31.02015
26.71246
21.31249
19.60230
20.21138
19.42782
31.50000
27.06782
24.68918
27.53584
22.01454
35.50000
40.00000
20.49000
38.50000
23.61261
21.71267
21.89749
25.66491
35.12201
36.50000
29.95923
21.32487
23.17865
28.66279
13.53514
15.02531
23.15167
26.19160
26.78723
33.50953
31.56299
28.19377
23.32783
22.88134
33.50000
26.78723
42.00000
37.00000
39.50000
43.50000
36.64545
37.50000
38.50000
29.40899
39.00000
39.50000
22.32011
28.40579
37.50000
40.00000
24.65132
29.87753
24.90482
24.21260
23.42363
24.81305
21.41401
29.00000
27.00000
23.15647
22.22611
28.50000
24.60183
22.84382
28.11089
39.00000
41.50000
28.87136
19.78282
20.94636
21.55806
30.71645
32.69047
29.87753
31.20897
25.62226
29.53341
35.50000
28.87365
32.78550
31.23300
32.78550
32.35566
27.72484
33.00000
28.66279
33.50000
31.15552
27.74086
29.87753
29.13188
32.50000
26.56478
36.50000
31.41479
28.40579
30.81486
26.31896
23.31309
25.43005
21.43455
22.10339
24.99000
26.71246
19.75449
26.13214
24.34646
33.15955
30.50000
30.15884
38.50000
24.12986
29.40899
22.55410
23.74210
43.50000
35.50587
45.50000
37.00000
29.60105
32.78211
24.64117
25.66450
29.13188
29.27266
36.00000
26.88659
37.00000
30.47403
32.09707
33.50000
30.10814
31.50000
28.00397
28.28820
21.18224
34.00000
30.73543
21.99290
26.54974
25.23267
28.24889
26.38602
26.10555
27.65261
38.00000
30.30986
28.87136
31.62629
28.40579
26.28054
19.01808
41.00000
29.12366
36.50000
20.31157
28.27101
31.41479
34.23773
20.88593
26.18205
32.78211
19.81792
21.77154
31.02015
24.04683
21.71405
26.71246
19.65254
23.17865
29.73529
28.43413
25.32291
39.26265
31.47839
38.00000
27.64457
38.50000
27.64507
32.14896
34.50000
26.59992
23.39204
28.19377
21.11492
17.79888
43.00000
32.22146
29.69100
30.09983
23.02716
38.00000
25.60273
33.00000
19.89975
20.84466
34.76588
26.38602
28.39405
28.50000
31.28365
32.61901
33.50953
28.75568
31.09484
29.13188
26.22380
33.35666
31.67894
35.50000
32.14896
22.64398
33.08911
25.95549
27.47271
26.89215
28.50000
31.00000
39.00000
30.44485
36.00000
28.85981
34.50000
26.91963
19.69772
32.60198
35.91038
41.00000
42.50000
28.24889
24.85067
33.06895
34.00000
27.25599
28.47221
27.93246
27.53634
25.82419
35.00000
23.89328
20.36541
39.50000
35.14099
23.08679
24.34475
21.03901
30.56505
18.59462
26.47050
36.59083
22.43184
33.00000
30.07029
33.43651
25.06990
31.20897
25.17053
35.44009
25.96512
21.24853
22.14159
25.36840
44.00000
44.50000
26.41969
26.28093
35.50000
23.48404
20.64364
23.16652
28.11089
26.38602
38.00000
27.53584
18.44560
25.49510
29.95923
24.39034
22.09575
22.42518
23.76272
35.00000
29.60105
36.33486
24.37212
21.44032
23.71049
25.84999
32.50000
34.00000
36.00000
32.50000
26.08107
25.10423
29.79933
27.45097
35.00000
33.00000
26.73741
34.92214
40.50000
41.50000
33.47968
28.80201
37.00000
32.88701
35.70559
22.56103
24.32463
34.09790
24.05722
24.77272
39.00000
37.18721
34.49960
38.00000
24.85961
29.79933
22.54378
21.02825
35.00000
36.00000
24.14022
28.40579
40.00000
29.53341
27.65261
35.00000
33.47968
34.00000
36.00000
31.67894
29.04403
29.13188
24.53569
29.13188
26.52711
25.27350
23.27015
37.00000
29.00000
27.06782
25.85053
30.07029
29.33712
29.87753
39.00000
39.50000
39.00000
41.00000
40.50000
38.73270
44.50000
39.00000
42.50000
31.56299
41.50000
43.50000
33.06895
36.33486
35.44009
25.70019
26.51886
31.00896
30.07029
39.50000
21.97157
30.50000
32.82614
23.64847
27.82086
28.33137
22.77718
30.73905
32.61901
28.87136
41.50000
37.50000
33.00000
25.19700
25.92778
27.15797
32.09707
28.89444
27.47524
27.92052
27.60435
24.36300
26.61179
30.50000
28.85981
28.28820
26.13427
31.16979
28.66279
26.05283
29.40899
38.50000
26.59992
29.87753
31.09484
26.38602
29.02872
33.39442
24.22579
22.27527
32.96800
37.50000
31.28365
27.82086
41.50000
32.00000
34.02940
33.00000
36.50000
25.11349
32.00000
33.00000
27.53584
30.43025
23.88907
26.13427
38.50000
30.50000
29.06315
36.50000
30.34615
24.56624
31.56299
26.69582
35.50000
41.50000
28.00397
31.50000
26.69582
28.85981
31.00000
35.50000
27.82086
25.23391
24.58093
26.94851
25.78113
25.24876
30.43025
35.44009
41.00000
31.67894
25.95295
31.66524
25.11349
23.46673
30.71645
