34.29610
26.32489
27.66315
46.50000
47.50000
44.50000
42.50000
32.88701
28.54626
33.18969
20.88593
17.61391
23.72762
35.00000
30.73543
45.50000
16.14435
13.99305
17.46539
44.50000
38.12552
25.31139
26.28054
26.71246
24.44495
27.01029
21.38598
28.94055
25.15287
41.50000
33.08911
24.13892
23.08679
39.00000
38.00000
28.08321
23.34925
26.78619
30.38400
24.34646
22.05675
19.22238
39.50000
35.50000
30.47403
32.50000
33.35666
22.43184
25.85053
27.86076
32.00000
35.00000
25.00000
35.03649
26.12829
32.60198
32.41742
32.03123
33.82635
26.85493
35.50000
25.32291
32.50000
29.60105
30.90128
30.00000
27.62044
31.62629
30.94439
34.00000
26.89215
31.67894
22.91288
40.50000
38.00000
28.75568
30.53959
37.00000
26.99537
31.00896
17.48392
26.98495
27.04163
27.53584
28.00000
34.50000
24.80297
24.25329
35.64953
23.04886
35.03649
30.00000
44.00000
32.82614
22.05811
27.31300
24.08780
22.06556
27.32927
24.04553
30.26916
40.50000
23.02716
27.84219
28.28820
29.79933
28.00397
39.00000
23.17731
39.50000
28.48684
28.07468
25.43005
27.64457
26.05163
24.01041
23.80520
36.05859
36.50000
33.00000
27.17842
29.06315
28.57738
24.83277
24.34646
27.18251
32.41742
33.00000
31.56299
28.59293
27.64457
31.20897
26.54556
39.50000
36.50000
23.79542
31.50000
29.13188
23.71181
18.35647
23.37734
24.38579
23.15647
21.68381
27.04972
24.91318
26.23399
24.36300
26.24246
29.00000
25.46021
21.67227
28.54626
21.55226
24.08780
22.75961
25.61683
25.84999
22.82542
33.00000
24.20098
28.66279
24.99778
24.89352
24.44495
30.50000
27.47524
27.64457
29.40899
33.00000
29.32955
38.50000
37.00000
38.50000
35.00000
36.00000
32.50000
31.00896
37.18721
24.23955
30.07029
36.00000
36.00000
42.50000
31.56299
35.50000
38.00000
26.69582
35.00000
30.47403
38.50000
29.80306
24.47831
24.86463
34.00000
33.03870
33.15955
31.47839
37.00000
26.71142
26.78723
33.00000
30.50000
26.54556
24.22579
30.00000
32.00000
33.50000
30.73905
32.50000
31.20897
27.72484
42.00000
31.75252
30.55414
46.00000
25.13961
43.00000
41.00000
26.54974
40.00000
40.50000
39.50000
27.98015
30.44485
38.00000
38.50000
31.09484
26.05163
37.06151
30.94439
21.22940
31.67894
40.00000
40.50000
40.50000
32.14896
33.50000
29.40899
39.00000
39.00000
26.51205
28.70540
25.81182
43.00000
40.50000
38.50000
32.88701
39.50000
31.45930
31.94787
26.12829
28.08321
29.63481
28.12275
32.50000
29.87753
28.94055
25.43005
22.22611
37.00000
29.51083
27.35365
39.50000
33.50000
25.77251
27.47524
26.71246
31.50000
38.00000
38.00000
36.50000
29.97777
34.00000
36.50000
24.63511
24.91318
30.50000
25.78113
24.39034
27.86076
38.00000
25.00000
15.94992
24.58997
20.74247
34.37376
27.40235
35.86394
24.13892
31.41479
39.50000
22.95103
27.77689
37.00000
40.00000
25.62984
20.02967
25.86020
33.76718
21.87893
29.13188
39.00000
36.50000
20.26543
33.98039
43.00000
18.26712
34.56716
24.09746
22.60285
21.22940
20.37615
22.19234
23.50000
32.61901
33.15955
31.47839
28.39014
23.97684
11.72007
25.62984
23.15647
21.99290
23.79075
22.70154
25.43005
24.17126
25.78113
19.74050
23.45682
33.65511
21.35416
19.41649
18.44560
35.78019
23.50931
26.04270
20.48628
26.78723
27.45097
33.50000
33.00000
23.76272
32.31443
27.17842
26.08107
24.79695
22.94559
34.50000
22.69116
25.50817
23.67884
42.50000
24.75379
31.00896
31.50000
33.00000
34.00000
29.87753
34.00000
37.00000
32.61901
27.82984
28.75568
39.00000
34.00000
26.24246
24.70324
35.00000
32.49957
27.13342
24.81305
29.32955
31.00000
28.19377
32.53716
16.23846
41.50000
23.41340
21.24117
13.24538
31.00000
16.33248
35.50000
36.50000
38.50000
24.55380
36.00000
28.19377
28.57738
27.32927
30.26916
36.50000
37.00000
25.01999
15.75507
31.37232
32.50000
27.62044
34.02940
31.50000
29.40899
34.18577
35.00000
27.92052
23.38889
21.11871
18.79787
25.46021
25.30261
23.15647
17.68631
17.09532
23.22714
23.41340
27.69815
16.26346
18.89940
19.13603
23.41340
22.96193
35.12201
35.91038
28.22676
25.76820
30.81486
23.80520
19.97398
26.88659
40.00000
27.64457
27.64457
30.15884
25.30316
22.89629
24.01432
25.66450
32.61901
35.50000
33.76718
29.40899
26.08107
32.31443
22.96193
24.89352
26.04270
33.76718
22.21908
24.55380
22.48750
21.98153
22.14018
38.50000
35.50000
29.50000
24.66146
28.28820
26.51205
32.00000
24.91318
41.00000
37.00000
38.50000
33.29665
22.61637
29.01724
20.58367
26.98148
31.00000
26.98148
17.39253
30.94439
25.00000
28.66279
23.61261
26.19160
26.13214
25.31578
25.78113
26.31856
21.03568
19.19792
15.96524
23.62202
31.94787
36.50000
27.35365
36.00000
39.50000
33.29665
19.54073
23.62599
30.62679
39.00000
27.79688
39.00000
37.00000
27.31300
29.97777
38.50000
24.38579
27.93246
20.20297
30.53959
40.50000
37.00000
32.89377
28.47221
28.56024
29.32955
25.18308
31.41479
29.13188
28.47221
32.50000
32.82614
39.00000
28.47221
26.78723
25.10423
18.45772
29.50000
28.19377
29.60105
27.82086
33.50000
23.08593
35.50000
26.24669
25.59080
28.47221
19.97599
23.67884
24.68918
30.50000
32.50000
27.64457
27.06782
22.62051
34.50000
32.00000
26.51205
21.73707
20.69269
25.57342
25.78113
27.01029
27.50000
24.68918
25.17315
31.37940
30.10814
18.45772
24.70197
23.83799
21.73131
26.51205
28.94055
28.80201
26.89215
32.50000
24.55988
30.53959
30.15884
38.50000
26.08959
40.00000
42.50000
37.50000
23.76272
28.94055
35.50000
36.00000
34.00000
33.03870
28.94055
27.78889
29.74335
30.81486
28.44293
25.99399
21.99290
31.62629
39.00000
30.26916
23.27015
33.00000
22.78706
32.56105
26.37589
34.50000
31.88521
43.50000
29.63481
25.66450
24.85067
38.50000
29.11507
35.61211
22.85826
26.41969
23.81092
41.50000
41.50000
41.00000
32.78211
36.17550
40.00000
34.70831
36.38070
41.50000
28.05798
43.00000
21.90525
31.00896
23.71049
29.53341
22.73030
24.99778
26.78723
33.00000
34.50000
29.32955
27.01029
26.54556
25.19300
12.30285
29.93697
35.31131
23.28492
21.64919
25.01999
27.47271
39.50000
29.80306
21.97157
20.29008
27.00000
32.56105
24.11431
25.11349
24.30406
30.91206
31.47839
24.41695
22.52082
25.88436
27.47120
21.77585
34.37376
22.94559
24.00463
20.74849
25.95295
29.87753
24.22163
25.08984
28.85981
27.77689
31.20185
25.01999
23.76447
22.29910
31.00896
28.28820
40.50000
35.50000
22.10204
20.12927
22.43184
24.26245
27.72484
24.08838
23.50886
29.17000
31.09484
34.49960
23.79542
27.35365
26.49528
27.28553
42.00000
40.50000
42.00000
24.45858
38.50000
34.02940
35.97530
35.50000
34.76588
36.50000
36.50000
25.92778
21.74601
39.00000
38.50000
26.38602
21.85177
22.54378
20.80865
24.72965
27.92052
25.84932
28.87136
23.24866
16.10038
30.00000
28.50000
27.99107
24.22579
23.34925
28.47221
21.59861
24.33619
26.78723
26.23399
24.38579
23.52127
16.22498
32.00000
21.67227
24.32077
30.50000
29.63481
28.94055
37.50000
34.42222
28.54626
23.84324
37.50000
30.00370
29.63481
38.00000
22.75961
27.15797
29.27266
37.50000
31.20897
39.50000
33.00000
33.50000
27.18251
29.53341
28.00397
27.25599
31.62629
34.50000
30.07029
26.41377
34.50000
36.50000
32.61901
27.25599
36.00000
35.00000
33.00000
32.00000
38.00000
34.50000
25.95843
33.55923
27.53520
40.00000
26.38602
39.00000
23.97999
27.04048
42.50000
40.50000
28.47221
27.17842
28.24889
28.08321
41.00000
45.00000
35.00000
27.64507
35.50000
29.51083
10.63203
21.51017
20.80114
28.28820
25.57342
23.12055
33.00000
38.00000
29.50000
36.50000
24.71167
25.66450
33.50000
31.67894
28.33137
34.00000
26.98148
33.00000
22.74863
34.00000
23.63895
29.60105
24.72221
37.00000
28.85981
23.80520
28.38133
29.87753
30.62679
15.11622
31.00000
30.07029
31.94787
39.50000
39.50000
38.50000
31.50000
32.00000
26.08107
31.20185
26.72078
39.50000
33.43651
21.82172
22.99321
39.00000
25.70019
25.97475
19.14785
28.24103
19.55096
21.17044
23.24193
23.69995
25.03775
16.77962
16.34587
17.14643
16.58878
37.50000
34.00000
36.50000
32.00000
26.91963
27.10512
27.69815
27.64457
24.27447
19.77878
31.32979
29.00000
18.58602
27.31300
33.15955
31.28365
25.57342
21.43455
23.15647
29.79933
22.98369
27.18251
27.00000
16.03247
34.49960
28.39344
26.10555
19.71801
28.47221
24.44381
33.82635
28.94055
33.25658
38.00000
34.76588
24.01432
34.45125
29.79408
30.56505
35.70559
35.86394
34.23773
41.50000
38.50000
30.44485
32.96800
37.00000
29.17000
41.00000
41.50000
40.50000
37.50000
39.00000
33.50000
25.23391
39.00000
31.84337
40.00000
25.66450
31.75252
37.00000
31.67894
20.60097
20.60795
25.18432
25.51838
31.50000
29.69100
30.50000
23.27015
36.00000
33.50953
37.00000
25.23391
28.59293
33.98039
38.50000
23.63260
27.17842
24.27318
33.90510
47.50000
30.17760
35.50000
39.85251
26.70557
26.73325
29.80306
15.12242
31.37940
35.64953
14.45545
27.10627
34.96983
25.56873
24.21260
28.56960
29.60105
38.00000
22.82542
27.82984
24.72965
29.06315
17.88854
27.00000
29.22328
36.50000
32.78550
18.51054
27.37700
23.66960
25.85053
29.40899
37.00000
30.80077
29.40899
31.15552
35.50000
33.00000
23.42363
34.00000
25.62226
29.63481
30.53959
38.50000
25.23391
28.69233
29.50000
26.51205
21.59282
21.55365
26.79552
25.00000
32.61901
34.50000
27.18251
29.50000
35.00000
26.08107
21.15420
26.51205
26.88659
34.76588
28.11089
25.62226
23.88907
30.50000
28.39014
36.38070
31.66842
35.50000
31.20897
35.00000
34.00000
33.50000
38.00000
24.12468
34.00000
39.00000
37.50000
28.75568
30.62679
31.41479
31.75252
31.00896
38.50000
23.17731
33.50000
39.00000
41.00000
42.50000
32.09707
33.15955
27.65261
22.72664
21.01190
27.35365
22.82542
21.12250
31.50000
30.34615
32.41742
36.00000
24.49872
27.82086
23.99349
38.50000
28.24889
27.82086
32.41742
21.26617
33.50000
32.00000
29.97777
44.50000
25.86020
31.20897
24.20098
20.94373
37.00000
22.59425
28.50000
24.63511
25.31139
26.41969
21.99290
39.00000
38.00000
30.94439
25.06367
25.65151
22.18107
25.46021
33.50953
26.05163
27.93246
35.50000
43.00000
29.06315
36.00000
38.00000
32.82614
39.00000
31.49603
20.57152
37.50000
46.00000
30.86530
31.47839
39.50000
33.08911
27.45097
22.43184
25.07110
28.23562
31.49603
26.24669
22.01136
24.72221
32.49957
29.87753
30.26916
30.86530
27.00347
44.00000
35.03649
34.29610
26.96757
26.24286
24.74242
24.66146
29.27266
29.50000
33.90510
38.50000
37.00000
33.55923
24.32463
21.45279
27.53584
31.00000
22.33025
21.29994
20.17325
25.87832
32.50000
31.50000
35.00000
33.50000
32.00000
31.50000
28.76087
32.49957
23.05428
39.00000
26.80485
28.28820
29.32955
34.50000
27.06782
24.62214
32.56788
33.00000
25.97862
29.40899
26.93859
27.53584
27.82984
30.44485
32.41742
26.93047
27.25599
34.02940
27.45097
29.13188
35.00000
22.03089
27.06782
25.95295
22.53192
22.73076
32.06590
22.81754
30.00000
25.95295
28.00000
25.10423
29.32955
24.96372
23.78419
35.70559
32.50000
27.86076
26.51205
23.61261
25.36114
24.63230
30.73905
30.91206
30.07029
42.50000
34.19877
28.14694
31.00896
31.70469
23.62599
22.32487
27.32927
36.50000
18.51054
24.85067
38.00000
17.74937
25.59080
36.50000
33.03870
33.50000
26.38602
33.50000
33.35666
22.99043
33.53605
30.34615
22.02697
21.08910
26.19160
22.89514
29.69100
34.00000
32.78550
37.00000
27.93743
27.45097
33.00000
33.00000
32.50000
23.04751
27.92052
20.36388
24.55380
27.17842
25.84999
27.72484
34.18577
26.38602
22.00568
24.14309
27.01029
26.94851
27.32927
28.56960
30.40833
34.49960
27.52373
23.79542
39.00000
40.50000
39.50000
39.50000
35.23571
39.50000
23.56242
20.33126
40.00000
23.47102
34.92214
38.00000
41.50000
23.66960
31.28365
39.00000
29.48823
22.20923
39.50000
25.56365
28.54626
29.06315
35.50000
34.29610
38.91015
29.60105
38.00000
20.89258
37.00000
22.45489
24.71167
39.00000
37.27674
25.49877
37.50000
36.50000
37.00000
41.00000
36.50000
33.24990
29.50000
36.50000
38.50000
38.00000
36.71815
28.43413
38.00000
26.55654
28.39014
37.50000
21.04014
29.50000
20.74030
19.26785
20.44113
20.64431
25.77251
21.24117
26.51205
22.28228
29.55503
27.47158
18.49973
29.23848
27.72484
24.99778
29.04403
32.00000
14.72243
18.04681
23.83779
27.65261
25.22276
28.07468
16.19877
22.81578
21.93171
21.41650
19.22383
24.68918
27.82086
17.15109
21.77522
33.43651
27.06782
21.98153
29.13188
34.42222
35.97530
41.50000
20.52706
29.40899
32.14896
34.09790
21.59138
22.50000
26.00481
36.12017
26.18564
23.20560
22.14018
22.12888
25.31578
24.21131
28.39405
28.00397
31.09484
41.00000
39.00000
34.84250
43.50000
34.50000
34.00000
28.28820
26.00481
16.35713
22.82981
21.22640
26.41969
36.50000
28.14694
26.98148
29.69100
32.60198
25.93742
25.18308
30.62679
24.13892
29.69100
21.50000
21.04493
29.47315
22.92946
22.58672
21.87893
29.63481
28.76727
27.18251
23.47102
27.72484
24.68299
22.36627
24.85067
25.67465
44.00000
24.23324
29.40899
30.34615
28.22565
29.79933
31.56299
17.44097
31.49603
19.39691
22.98233
26.32489
33.71778
26.13214
33.00000
35.00000
24.55988
24.76388
23.17731
26.66250
23.04103
22.23033
30.50000
21.36586
32.69047
22.85142
24.44495
27.72484
28.40579
25.95295
41.00000
37.00000
37.50000
34.00000
35.50000
42.50000
32.49957
41.00000
38.00000
33.03870
17.25362
19.80530
23.34925
27.94041
40.50000
36.55437
39.50000
28.27101
30.24346
30.81486
44.00000
39.00000
27.53634
40.50000
38.50000
38.50000
37.06151
36.33486
31.40362
31.09484
38.00000
31.20897
26.31896
30.91206
21.92459
35.50000
26.42442
26.37589
13.01815
15.94992
33.00000
25.43005
39.50000
28.24889
32.88701
41.50000
40.50000
39.50000
30.07029
31.20185
29.04403
36.50000
29.47315
31.49603
23.07033
24.52040
23.41340
20.74448
30.26916
26.19160
24.56624
28.59293
32.50000
29.60105
27.69815
32.82614
28.87365
22.70875
22.32011
25.78113
20.09198
24.68918
28.66279
28.11089
30.50000
27.25599
24.37212
28.24103
28.39014
24.53569
33.35666
20.29008
30.34615
31.50000
33.50000
36.55437
28.94055
30.07029
39.00000
24.91318
40.00000
22.85826
43.50000
22.68673
22.18530
42.50000
41.00000
30.81486
40.00000
21.22940
38.00000
36.00000
39.50000
29.78068
32.09707
30.71645
20.88593
28.70540
24.84326
28.50000
33.50000
39.50000
26.95830
23.20022
38.50000
39.00000
43.00000
21.68525
31.41479
20.35160
31.20897
28.40579
32.13513
21.69424
24.99375
42.00000
20.76150
35.50000
24.38237
35.50000
31.12341
34.50000
38.00000
29.87753
27.82086
34.00000
32.00000
29.70971
25.82029
31.62629
31.67894
41.50000
40.10265
38.00000
34.96983
23.71049
23.79542
27.45097
32.41742
25.77251
32.49957
38.50000
22.64398
24.56737
26.50943
40.50000
30.84133
23.17086
20.04214
27.63251
22.98309
25.95295
22.99275
25.84999
31.50000
27.06782
32.00000
28.50000
27.00000
24.72965
27.85678
24.33490
20.69420
26.38602
28.80201
24.05722
24.62519
34.50000
37.50000
31.37232
35.50000
39.00000
38.00000
39.50000
32.88701
40.50000
40.00000
34.09790
30.90128
30.53993
31.28365
35.50000
36.50000
28.57738
39.50000
27.82086
39.00000
28.85981
35.00000
31.50000
32.50000
33.50000
31.28365
33.29665
30.81486
30.00000
34.00000
33.15955
28.47221
23.28492
24.74369
32.50000
26.04270
30.09245
29.22328
23.26714
36.38070
23.29807
29.17512
24.46426
30.90128
27.25599
26.12829
30.00000
28.94055
26.40549
22.69116
23.76272
19.45867
21.06751
31.00896
33.00000
27.65261
31.37940
35.91038
40.00000
38.00000
39.50000
42.00000
42.00000
35.70559
23.36664
27.47120
32.61901
28.70540
41.00000
37.00000
34.00000
38.50000
37.00000
33.25658
30.00000
33.50000
36.00000
28.70540
32.96800
39.50000
26.69582
25.95295
31.94787
31.47839
33.50000
27.15120
28.97413
26.10555
26.59992
26.08040
38.50000
34.50000
25.48638
26.50943
29.32955
29.12366
31.62629
30.47403
32.88701
35.50000
34.00000
35.00000
37.50000
30.53959
26.98148
25.66450
36.50000
29.79933
21.04014
33.50953
38.66379
39.00000
33.62869
23.68016
27.90161
30.26916
44.50000
41.50000
34.49960
33.15955
36.38070
37.50000
40.00000
38.50000
23.60614
23.93045
25.19300
30.07029
25.24381
21.43012
21.51017
28.03904
31.16979
27.94041
28.57738
25.25248
29.09467
32.00000
32.09707
23.06859
24.44381
12.08305
19.23122
26.41377
29.97777
24.89352
34.56716
22.35710
20.06240
34.76588
30.26916
30.53959
41.00000
25.97475
25.46021
41.00000
24.93366
32.88701
33.50953
33.50000
33.15955
31.20897
25.70019
23.88514
23.76973
29.00958
31.00896
28.66279
38.50000
28.47221
34.49960
37.00000
33.15955
34.23773
26.78969
32.50000
27.82086
24.45858
27.02314
33.82635
24.20098
24.82312
27.62044
32.50000
30.53959
30.53959
36.08324
42.50000
32.49957
43.00000
26.59300
24.44381
30.03644
27.47524
29.87753
28.75568
30.70650
23.12331
27.77689
26.28054
23.55313
24.14022
19.84156
29.04403
18.13946
27.60888
21.57979
31.47839
23.93045
33.29665
24.93366
21.18372
31.75252
30.86530
31.47839
34.70831
27.69815
33.43651
23.44014
29.80306
27.65261
35.44009
25.17053
40.50000
40.50000
17.80562
21.77522
29.79933
14.13821
25.82419
21.54623
16.27285
23.76272
27.02147
16.21111
16.17096
24.26245
21.67227
22.14018
11.00182
21.59861
22.78569
21.29554
22.38722
22.64398
23.29998
20.47407
20.25309
20.34109
26.85493
29.62263
42.50000
19.97968
20.52438
36.50000
37.50000
21.46363
30.91206
19.53049
22.64705
23.72678
21.06751
31.47839
24.37596
24.15574
27.00347
30.68478
33.50000
31.47839
35.39303
31.94787
43.50000
22.51111
27.51818
26.44911
23.01494
20.38842
31.88521
25.10423
19.51121
24.08780
18.89940
30.00370
37.00000
22.50866
22.01562
11.72007
19.30458
22.07374
16.72603
19.75316
23.98958
33.62869
26.08959
18.96945
26.38602
22.25309
23.04886
25.92296
18.50000
28.01227
30.34615
25.86020
25.24986
41.50000
22.88422
28.39405
27.90161
26.24669
20.74247
24.62214
40.07770
20.43214
33.15955
17.97109
24.47529
18.85618
30.34283
28.85981
40.00000
33.98039
19.96246
16.84518
37.00000
17.99556
28.00397
27.94041
29.79933
31.67894
19.24188
28.87136
28.11089
28.97413
19.81792
28.86499
22.70875
22.04541
26.13214
25.48638
42.00000
21.41650
27.92052
24.85067
30.68478
23.47102
29.50000
29.00000
37.74770
27.35365
30.47403
22.55410
30.58901
20.97236
29.00958
29.87753
25.32168
25.31578
25.24986
24.46937
28.85596
28.24889
32.88701
39.00000
31.94787
24.34132
19.51121
23.62673
29.40899
27.82086
30.50000
28.39014
22.34390
29.87753
36.50000
28.47221
31.50000
30.00000
30.50000
30.50000
29.53341
25.27350
40.00000
29.76050
36.50000
26.54974
27.93246
31.75252
32.00000
31.75252
31.37232
25.75243
33.00000
25.77251
35.00000
35.50000
32.96800
31.79448
29.74335
27.53584
30.00370
25.49510
36.12017
15.11820
32.00000
24.32463
28.94283
33.50000
19.41005
22.82953
41.00000
30.80077
40.00000
26.59992
27.94079
36.50000
31.00000
33.00000
37.53221
44.50000
41.50000
35.50000
25.82419
20.92271
27.58170
39.00000
28.39014
26.59992
26.28054
23.46673
31.94787
29.22328
29.29590
22.05675
18.62272
31.16388
