32.85860
22.90196
8.64902
8.45905
28.36701
27.21557
13.79211
17.90717
36.64545
18.00521
15.38051
18.08007
32.32163
14.28942
17.55527
38.50000
38.50000
34.09790
29.14940
34.18577
21.89749
34.23773
30.15884
11.86381
18.81489
19.61859
33.62869
30.90128
36.50000
22.04541
42.00000
23.53720
41.00000
27.80737
23.12331
30.00000
26.59992
34.96983
24.47831
23.83799
40.00000
39.00000
40.00000
36.50000
25.61683
28.39014
26.59992
21.57979
29.22328
31.15552
32.50000
36.38070
40.50000
45.00000
23.90481
44.50000
31.94092
34.70831
30.07029
20.67204
20.85569
35.00000
33.79349
34.70831
38.50000
33.55923
25.40669
35.40559
29.04403
23.36322
36.50000
33.50953
24.79695
44.00000
44.00000
23.41415
17.04113
30.37577
24.91318
29.04403
28.94055
20.70024
25.97475
32.00000
37.00000
26.50943
39.00000
29.81086
33.71778
28.46379
22.86832
22.09072
41.50000
29.13188
27.26720
28.39014
28.69233
25.78113
12.71849
34.29610
30.62679
19.18958
25.56091
20.72438
28.14583
25.17053
28.25221
41.50000
38.00000
29.87753
25.54408
28.40579
36.50000
18.80000
23.03666
26.28093
22.98369
25.22345
21.22828
18.07318
20.75572
22.18107
24.33490
26.81767
20.09198
20.80961
28.75568
20.66301
25.08984
22.12465
22.04541
20.32701
23.08002
25.62226
23.05835
27.64457
23.79542
26.50000
19.36205
27.18251
30.47403
38.00000
35.00000
30.00000
26.31856
26.00000
24.81305
31.50000
22.70683
24.60056
30.24346
34.09790
22.96193
25.31578
34.50000
29.40899
33.50000
31.62629
26.24246
25.45953
27.94973
26.40549
25.79244
18.90767
22.19234
38.00000
20.27807
19.01315
17.45165
24.44765
25.75243
43.50000
23.60614
22.26567
27.39868
33.50000
24.36062
33.50000
25.73300
21.63331
27.35365
30.53959
25.73300
33.15955
26.78969
24.04683
38.00000
21.92459
30.73905
20.83651
33.50000
32.22146
36.00000
20.27215
22.65364
24.63230
25.61250
35.00000
32.31443
27.45097
31.56299
34.56716
32.09707
30.47403
34.70831
29.81191
35.23571
23.58436
32.22146
20.92845
30.00370
23.92117
25.24599
33.62869
38.00000
37.85352
34.76588
26.54974
32.31443
32.31443
16.45258
32.22146
24.31954
30.81486
34.50000
29.32955
24.72965
22.48750
36.50000
41.50000
46.00000
34.18577
37.11544
38.00000
33.43651
38.50000
47.00000
24.70197
38.00000
34.49960
44.50000
29.65637
31.57927
18.55371
25.27227
24.86282
21.87893
23.25269
33.50000
18.74000
31.41479
29.04403
29.78068
24.68918
22.07374
21.11871
28.33137
27.01029
24.20098
34.65384
32.96800
30.81486
28.28820
37.24991
24.20098
18.51054
32.18987
29.00000
11.01136
18.12843
22.14159
23.50830
26.93859
23.06166
23.15167
22.22611
31.20897
25.06367
30.91206
30.62679
39.00000
35.36477
29.62263
40.50000
27.47524
38.00000
38.50000
25.92778
37.50000
23.83799
32.69047
34.45125
39.00000
34.25912
26.08959
24.71167
22.79254
29.17000
34.23773
25.52450
29.67638
27.62044
31.37940
10.24890
28.24889
40.50000
38.50000
34.76588
34.70831
41.00000
31.03045
39.00000
30.07029
28.94055
30.68478
28.33174
26.84213
26.96757
28.39014
23.63657
24.46426
28.86499
26.71246
20.99143
22.05085
29.22328
24.44495
25.57342
27.94041
25.36237
21.86870
21.55226
22.73076
24.25329
27.01029
25.95295
20.07209
25.95295
32.61901
32.61901
19.66723
23.97684
32.61901
38.50000
34.76588
26.59992
33.50000
36.00000
37.50000
35.00000
36.50000
27.35365
38.50000
37.00000
29.00000
34.50000
22.43747
30.53959
26.28477
36.00000
32.82614
26.24669
31.00000
30.43025
26.08107
34.00000
34.00000
35.00000
28.11089
27.60774
28.19377
39.00000
27.72484
23.64847
25.42022
34.00000
38.00000
29.22328
28.32402
28.24103
36.50000
42.50000
33.08911
25.48638
36.12017
27.31300
37.50000
41.50000
44.50000
41.00000
31.84337
28.66279
41.00000
34.00000
22.84048
24.17126
26.70557
22.27527
26.93047
29.19225
32.35566
30.21405
21.24117
12.95222
27.14199
28.66279
28.39894
29.63481
39.50000
22.80838
33.15955
25.81182
29.09467
27.47158
33.72767
26.59300
25.77251
38.47366
46.00000
30.81700
20.62008
28.70927
22.96193
33.82635
20.98809
27.62044
25.70344
24.58093
39.00000
32.69047
29.63481
42.50000
21.54437
30.40102
34.84250
22.66054
34.76588
22.65364
20.49848
23.08679
36.00000
29.12366
29.63106
31.47839
32.69047
29.00000
24.53569
26.38602
42.00000
20.80114
23.83799
22.88134
41.00000
37.50000
25.70344
29.02872
25.13961
27.48181
27.01029
30.62679
18.90397
26.54556
28.24103
29.32955
28.37252
33.72767
36.00000
25.66450
26.78723
25.82029
21.56128
23.50000
27.82086
24.45858
26.87006
39.00000
32.00000
30.62679
27.71620
36.00000
32.53716
29.51083
29.22328
20.26228
30.73905
12.96765
37.00000
22.36487
23.21398
28.00397
36.50000
31.94787
20.24846
20.10597
33.50953
22.29910
24.94438
28.00397
38.50000
33.00000
20.26543
19.96716
23.33809
28.66279
21.57979
21.82172
23.60614
24.55380
23.50886
26.33439
24.49943
23.21398
22.23111
21.77154
29.04403
31.66842
20.62008
22.07374
24.05549
30.62679
30.50000
24.71167
24.71167
25.01999
26.54556
31.00000
21.55806
23.29292
29.17000
27.25599
27.25599
29.13188
24.22579
34.50000
31.50000
31.50000
25.77251
23.17731
23.54782
26.71246
24.10783
23.37065
27.47524
31.00896
23.71181
26.23399
21.69533
31.00000
21.01190
29.13188
33.50000
28.38133
27.82984
33.50000
37.50000
35.00000
33.00000
27.76126
33.15955
34.70831
29.78068
20.85186
41.00000
37.00000
24.00463
17.93042
31.28365
36.64545
34.09790
36.85105
30.94439
23.04103
24.16609
25.98557
22.09575
21.91397
20.15409
23.09882
19.00493
18.77998
22.20811
16.96349
21.21762
35.00000
19.29216
22.36487
21.17782
20.88636
21.07576
24.19711
23.01207
23.06919
24.72965
21.30164
24.25258
32.35566
41.00000
37.00000
27.31300
26.38602
31.50000
41.50000
30.44485
39.00000
20.38038
31.94787
43.50000
25.92296
37.50000
17.17961
39.00000
34.49960
17.33667
31.94787
24.84452
29.00958
43.00000
42.50000
22.17105
25.82029
21.35855
35.70559
20.43282
25.03775
26.42442
29.13188
39.50000
31.28365
22.99275
20.01599
29.04403
41.50000
27.79838
22.52082
29.31818
40.50000
20.17523
30.44485
16.77051
40.00000
31.75252
21.88416
30.13615
24.22163
26.84937
26.24286
34.92214
27.50000
21.91318
19.70336
23.45682
24.89352
23.55313
39.00000
27.53584
39.50000
29.53341
31.66842
34.49960
24.05549
30.07029
27.69815
32.61901
37.50000
25.70019
27.71620
32.14896
21.37171
26.13214
27.00000
26.91963
26.00000
27.65261
21.73131
28.24103
23.55313
39.50000
32.88701
38.00000
31.20897
33.35666
36.00000
30.00000
23.15647
28.59293
26.61766
37.00000
22.98369
28.66279
32.50000
34.00000
38.50000
24.80297
39.00000
26.28093
37.00000
35.50000
26.78969
26.24669
26.78723
25.31578
28.23562
24.06159
27.77689
26.78723
25.56365
34.49960
37.18721
32.03123
27.89601
23.11190
24.56737
33.62869
35.00000
25.89401
39.50000
19.16377
14.70238
21.59861
20.20365
31.37232
26.00361
24.70324
29.53341
29.50000
23.17731
25.38085
28.19020
34.29610
19.86832
33.06895
27.04048
23.66901
23.84673
26.61244
37.00000
34.96983
43.50000
33.53605
20.92845
18.20714
33.08911
46.50000
15.42725
33.08911
30.70016
30.41689
41.00000
18.34394
20.15564
16.71077
30.24346
21.67948
23.45682
43.50000
20.18663
18.99177
25.36114
32.61901
29.69100
23.20560
25.23391
23.68016
32.50000
35.86394
29.93697
32.22146
24.72221
40.50000
37.50000
31.00896
34.29610
25.88919
30.00370
34.50000
29.40899
24.41695
29.48823
24.88976
38.50000
26.08040
18.01555
28.46928
23.76047
22.14859
20.90903
19.71801
25.17053
21.87893
19.10497
40.00000
28.40579
21.79880
20.98065
24.84452
19.27278
27.69815
34.37376
35.50000
37.00000
29.53341
28.70540
21.66795
32.22146
18.95389
23.37734
23.76272
28.56960
30.40102
21.84857
33.55923
24.11546
30.23243
38.26225
33.35999
25.61616
43.00000
35.61211
28.40579
34.29286
29.37154
24.93366
25.03775
27.06782
25.47057
24.49943
32.69047
28.11089
31.56299
33.00000
27.17842
25.93742
25.04995
23.79542
24.23955
38.00000
29.51083
33.29665
26.54974
36.00000
25.47057
29.32955
37.00000
28.47221
27.38955
30.62679
26.59992
24.56624
22.32011
22.07232
21.74856
21.66795
25.78113
27.94041
37.00000
26.35693
24.43742
23.75205
23.55136
24.68918
24.32463
36.50000
15.05614
25.67465
34.49960
30.91206
25.13961
32.56105
30.10814
26.55654
30.63495
36.50000
34.09790
39.50000
20.49390
25.01999
21.35936
24.17988
20.46135
25.65151
24.00463
26.16653
36.00000
21.33917
19.71193
18.35865
22.09575
21.22940
22.09497
29.43213
23.83611
28.24103
22.50000
34.00000
16.97609
29.83706
30.73272
28.59293
24.91318
36.50000
23.17731
27.82984
27.65261
31.28365
27.33130
33.43651
23.61261
23.55136
21.63844
21.79880
26.38602
18.47295
23.68016
35.00000
22.47310
32.03123
32.61901
37.00000
27.53584
14.43953
33.00000
32.69047
25.51392
18.03996
40.50000
22.80838
34.50000
38.00292
22.69116
19.84943
26.54556
21.11492
26.31856
32.00000
31.00000
28.50000
23.02580
25.92296
21.89178
22.07232
26.24669
23.62202
22.22611
19.88090
24.68918
20.69420
23.28492
23.82226
28.00397
27.33130
23.82226
25.93742
24.64117
21.93262
22.91288
24.00463
23.58363
21.76235
24.74874
23.45682
25.97475
25.48638
21.45320
21.29554
22.55410
25.17315
27.01029
19.11151
22.86190
34.00000
34.00000
30.90128
25.70384
23.98307
37.50000
38.00000
38.00000
26.08959
27.32927
42.50000
32.13513
22.97477
34.50000
27.33130
37.00000
27.32927
25.11349
45.00000
31.75252
26.87006
30.34615
31.09484
36.00000
28.39405
28.24889
41.50000
27.88369
40.50000
35.50000
42.00000
26.59992
37.00000
35.91038
22.98233
31.00896
32.61901
44.00000
44.00000
31.79448
24.13794
22.85082
27.15797
22.28228
33.00000
21.01190
20.33880
44.00000
26.41377
41.50000
22.67157
17.62633
19.58794
21.84491
24.14022
23.05428
22.06241
27.94041
39.00000
30.34615
36.50000
26.41128
36.50000
24.26245
25.92296
32.50000
30.00000
14.12799
37.00000
25.95843
15.81929
36.33486
30.81486
34.29610
23.47738
30.90128
26.84937
17.14176
17.57953
26.35693
30.81486
25.03775
33.62869
35.91038
29.87753
23.21398
19.84156
22.96193
21.21320
28.33137
32.00000
25.36114
23.01494
26.98148
29.06028
30.21405
30.62679
28.85981
27.53584
32.35566
29.32955
31.00000
29.60105
31.88521
22.64705
26.40549
26.24286
32.42770
23.60614
18.48892
19.91702
20.75958
20.92845
24.85067
26.04270
22.78596
21.22640
21.67579
32.42770
24.85067
28.50000
26.59992
25.55753
21.27346
21.71405
31.28365
27.31300
29.01724
25.92296
22.96193
24.25329
23.44260
31.50000
24.38579
25.48638
33.82635
20.60795
33.06895
31.47839
20.27930
29.87753
21.93599
27.65261
28.75568
20.56089
20.40152
21.70714
21.24853
22.19610
23.61261
21.28820
29.17000
25.30316
24.70197
23.37065
26.71246
28.28820
29.04403
33.50000
42.00000
35.00000
33.50000
38.00000
39.50000
26.65521
32.56788
30.44485
25.38153
30.00000
29.48823
35.00000
33.50000
32.00000
24.11141
28.85981
29.14940
28.80201
33.50000
28.75568
24.60056
27.91393
30.73905
35.50000
27.15797
29.22328
28.33137
33.50000
26.71246
36.00000
35.50000
24.39034
32.50000
29.69100
27.25599
31.50000
31.20185
28.85981
36.50000
35.00000
25.27350
30.73905
29.93697
29.32955
27.08667
29.69100
33.90510
36.50000
35.50000
30.26916
26.95830
31.15552
35.50000
34.50000
30.81486
29.74335
35.50000
39.00000
35.50000
35.86394
43.50000
24.24376
41.00000
31.28365
38.00000
26.54556
23.72060
27.56243
26.35811
15.74802
22.18530
23.77367
31.16979
19.15202
17.40575
24.45077
22.72664
31.66842
30.38400
18.66815
22.06241
26.71246
30.50000
22.54994
24.55380
23.94133
26.47050
29.33712
17.84825
42.50000
21.87893
35.61211
24.10783
22.64398
37.50000
32.88701
23.77898
27.72484
25.54408
32.50000
29.27266
28.94055
26.42442
28.11089
29.04403
29.50000
33.00000
30.53959
33.08911
26.25238
24.71167
39.50000
38.50000
41.50000
43.00000
36.00000
22.48456
31.88521
36.00000
36.50000
25.78113
38.00000
28.94055
31.20897
37.00000
33.82635
41.50000
40.50000
42.50000
22.98309
25.20293
26.91138
24.68172
32.69047
26.93047
25.38153
20.85569
18.95389
18.57418
20.20365
20.38382
24.44381
32.49957
28.70540
39.50000
39.50000
31.79448
23.37065
28.28820
22.84048
30.81486
30.73905
29.69100
38.43898
32.56820
29.00862
28.85596
23.39204
24.14309
33.50000
21.86893
25.50817
37.00000
18.06931
21.22891
33.82635
39.00000
43.00000
36.59083
17.97915
28.39405
43.00000
30.94439
40.00000
40.50000
31.84686
38.50000
41.50000
27.04163
27.53584
28.47221
26.91189
24.92990
31.94787
33.29665
25.76820
41.50000
41.50000
27.07859
27.64457
37.79183
32.82614
35.00000
28.11089
31.67894
39.50000
34.00000
29.53341
31.15552
29.50000
25.95295
33.00000
28.59293
29.32955
29.74335
29.90401
43.00000
40.00000
31.09484
30.34615
28.00397
22.35531
20.84610
23.82226
22.50000
32.39599
23.56242
34.70831
31.37940
27.99107
32.61901
40.00000
43.00000
34.50000
37.02552
42.00000
22.29770
42.50000
37.38389
40.50000
20.25463
21.21762
20.15409
23.79542
19.39555
26.28054
27.32927
23.89328
25.03775
25.11349
28.19377
35.50000
37.50000
24.22163
32.49957
37.27674
24.77272
12.56207
12.79987
16.90229
45.50000
27.94973
17.89378
34.84250
20.04214
19.67708
22.98369
29.40899
34.66987
41.00000
21.22940
13.77824
30.94439
24.99375
26.04803
28.66279
24.60056
26.23399
19.65165
26.71246
18.99342
22.54378
25.95295
24.40671
33.55923
28.87136
30.07029
40.00000
41.50000
41.00000
31.41479
26.59992
39.00000
29.04403
20.81922
17.41088
28.75568
27.18251
29.04403
24.17126
30.70650
33.00842
32.88701
27.72484
38.00000
40.00000
31.56343
28.70540
22.68568
26.28054
23.59423
32.03123
29.60105
25.92296
21.63764
29.40899
30.00370
31.84337
34.09790
28.87136
27.32927
30.53959
14.63694
28.19377
12.48555
18.89940
20.88510
29.48823
24.58093
20.94968
17.79045
16.49916
22.65039
21.30164
26.21755
27.95532
40.00000
44.00000
14.92649
28.75568
22.75961
23.79469
13.49667
13.64405
19.94210
24.07396
18.47295
19.90603
22.14859
39.50000
35.64953
38.50000
26.42442
19.14419
38.00000
35.50000
25.77251
29.51083
37.50000
26.94851
42.00000
25.78113
25.19300
22.33025
33.50000
21.06076
24.91318
21.45320
28.75568
21.45320
34.50000
33.50000
25.01999
28.28820
23.77367
27.96762
32.22146
28.11139
26.18205
35.50587
28.69233
31.09484
28.28820
28.57738
28.07530
31.62629
41.00000
40.00000
29.42257
23.37734
29.40899
33.55923
37.50000
33.00000
33.82635
26.54556
31.75252
22.65364
28.94055
31.00000
29.97777
30.94439
26.13214
35.50000
27.86076
33.00000
35.83605
24.07670
34.02940
26.78723
28.39014
29.50000
34.50000
27.64457
28.66279
19.91381
26.08107
31.50000
21.98153
29.06315
32.00000
24.17126
25.06990
28.50000
28.33137
33.50000
30.44485
26.40549
35.14099
30.73543
36.91432
25.46566
24.45858
31.00000
23.87132
30.73543
32.00000
31.84686
34.84250
22.89629
32.00000
31.00000
32.06590
35.50000
30.00370
25.30316
25.48638
25.77251
34.45125
28.39405
29.60105
25.93742
22.42209
23.74210
33.53605
24.85067
30.53959
37.00000
31.94787
35.50000
32.88701
39.00000
40.00000
43.00000
31.15552
33.72767
24.33490
21.43012
11.21631
24.92990
21.66795
25.38153
37.50000
32.78211
29.69100
24.41803
37.50000
19.55761
26.98148
31.88521
23.15647
23.09085
22.89651
32.00000
23.27015
21.31666
27.25599
35.50000
29.53341
30.53959
31.00000
33.50000
30.50000
29.27266
27.60435
27.35365
30.50000
29.40899
34.00000
35.50000
35.00000
34.56716
34.50000
38.50000
32.09707
32.50000
28.00397
30.15884
26.61766
27.92052
35.23571
28.47221
28.00397
37.00000
40.50000
37.50000
35.00000
35.00000
30.34615
30.34615
25.01999
26.41969
29.60105
27.45097
30.00000
28.94055
28.24889
24.13892
27.64457
30.47403
19.85346
31.88521
32.00000
30.00370
26.12829
37.11544
28.87136
28.46928
38.00000
31.09484
27.01029
27.82086
24.91318
25.15287
23.77499
31.84686
33.50000
29.85381
25.97475
25.92778
24.63103
24.22579
25.31139
21.44032
35.00000
30.73543
20.31471
22.46419
19.58794
23.33809
21.06076
22.17403
32.78211
21.43012
30.26916
30.81486
23.47738
31.41479
34.56716
32.56788
33.80664
28.70927
29.17000
37.00000
26.41969
25.56365
34.37376
28.08321
32.49957
23.04344
45.50000
23.76272
32.78211
19.12067
13.84939
20.06589
34.50000
30.62679
28.50877
24.01999
19.18958
35.00000
24.87343
39.00000
22.52221
18.83315
18.44343
18.96734
31.84686
29.80306
24.50510
22.78069
23.11363
31.28365
26.04270
31.09484
26.35693
35.97530
30.62679
37.50000
36.38070
39.00000
24.73055
34.76588
37.50000
30.62679
21.66923
22.62051
38.00000
29.11507
28.11089
20.36388
32.53716
24.94438
19.71040
27.67106
28.56024
31.79098
29.60105
13.52056
30.07029
31.28365
30.73543
36.55437
21.66218
21.74090
31.09484
24.78351
30.73905
18.76832
21.85304
19.45867
22.10204
24.38237
23.50886
32.03123
20.40067
24.63511
22.37558
27.06782
24.23955
34.00000
26.38602
17.83704
23.29998
24.87343
22.14859
29.97777
19.91858
21.85606
25.36114
27.78889
29.33712
18.56233
31.67894
19.70381
25.48638
22.64705
21.86893
24.96372
22.55364
18.26712
28.00335
26.56478
31.75252
23.36322
22.27527
26.50000
22.67157
15.83667
22.52082
31.88260
26.73741
28.00397
25.38153
23.97684
21.89064
25.24381
29.60105
29.74335
30.50000
29.13188
29.32955
27.53634
31.50000
33.50000
30.94439
33.00000
39.00000
39.50000
37.00000
28.75568
24.22579
23.45682
22.96193
24.61707
28.19377
33.35666
38.00000
35.50000
26.98148
27.53584
29.97777
24.25258
32.41742
37.50000
36.50000
30.26916
41.00000
23.63657
29.69100
25.03775
25.08984
24.38237
32.50000
22.74863
26.69582
34.50000
22.75961
37.00000
28.80201
27.53634
22.81754
42.50000
40.00000
37.50000
30.00370
35.00000
33.00000
22.96193
26.91073
30.47403
32.50000
25.48638
31.20897
25.92658
25.31139
31.56299
24.50510
25.52450
22.92788
22.52221
30.91206
32.61901
31.88521
33.50000
24.91318
23.31309
23.69716
25.49877
26.78723
26.71246
31.94787
28.66279
33.00000
31.09484
41.00000
38.00000
27.53584
41.50000
36.00000
35.00000
36.50000
36.00000
26.38602
36.00000
38.00000
36.50000
31.28365
33.50000
26.16295
27.08667
30.26916
29.04403
32.31443
38.50000
30.44485
30.68478
40.00000
32.50000
32.53716
36.50000
30.63801
36.00000
25.70384
33.82635
28.38133
36.00000
36.00000
37.50000
33.50000
34.00000
35.00000
39.00000
33.24990
37.00000
32.61901
36.50000
24.81305
39.50000
23.87860
31.84686
21.79449
36.00000
31.50000
24.25258
22.91697
21.78440
24.33619
23.79075
29.74335
30.26916
29.79933
24.53569
29.53341
24.91318
24.75253
34.00000
32.50000
27.25599
26.24246
27.14199
36.00000
34.76588
28.28820
34.76588
31.20897
29.81191
28.00397
32.41742
27.36786
29.97777
37.50000
37.72120
33.35666
26.99537
27.35365
25.66450
27.82485
27.10512
28.85981
28.75568
36.91432
30.47403
35.50000
25.18432
28.87136
26.59992
24.26245
28.87136
32.88701
36.33486
38.99573
38.50000
31.20897
28.87136
36.59083
17.16828
17.47141
12.86792
20.92845
20.21138
21.79195
24.31435
26.93859
30.00000
27.71620
29.87055
25.18432
25.61616
24.43742
22.82104
