19.11805
23.19887
12.37689
48.50000
10.97998
28.76087
36.64545
9.85089
16.59819
20.14169
17.21010
28.42925
16.22837
22.12888
18.05990
18.92723
21.41650
14.51344
20.83267
22.38861
31.79448
24.68918
21.60247
28.76727
11.70641
20.22993
22.19910
22.54994
16.95406
17.39425
21.74281
21.18962
22.82953
20.82517
18.53375
18.79328
22.43184
31.00896
19.94210
28.94055
25.42145
21.08910
24.45858
17.07161
28.07579
16.97609
19.91231
28.31176
21.41650
38.50000
40.00000
31.20185
35.70559
21.41401
22.73030
21.79195
20.01666
36.50000
28.59293
25.18432
21.17044
27.01029
27.94041
26.08107
31.62629
21.83575
31.20897
21.70346
18.50000
42.00000
27.06782
34.50000
31.41479
25.78113
38.00000
31.62629
26.10555
27.25599
26.78723
36.50000
28.39405
22.75961
22.01136
25.92296
23.66901
25.57342
21.40093
39.50000
26.71246
44.50000
16.09223
28.00397
23.59152
30.34615
35.50000
33.50000
26.71246
21.52905
20.86115
37.50000
39.00000
31.41479
26.52711
30.94439
34.00000
31.00000
37.50000
32.00000
26.71246
28.11089
27.35365
31.03045
30.62679
34.29610
32.00000
27.53584
39.00000
32.50000
36.50000
37.74770
41.00000
38.00000
37.50000
26.84213
25.70344
23.89328
34.50000
37.50000
38.00000
28.85981
32.00000
33.50000
31.09484
31.50000
30.90128
37.00000
32.41742
36.00000
35.00000
37.00000
28.19377
29.50000
27.06782
26.13427
35.50000
36.00000
28.54626
23.98958
27.94041
30.34615
37.00000
36.50000
35.50000
34.50000
39.00000
27.96762
38.50000
42.50000
28.41984
25.24381
27.18251
34.00000
36.00000
22.94559
20.77884
24.72221
30.73905
26.24669
29.60105
29.00862
44.00000
32.60198
28.00397
25.70019
23.52361
36.00000
32.31443
24.13892
42.50000
30.53959
34.96983
12.27355
40.00000
40.00000
23.49979
22.69912
44.00000
44.00000
35.00000
30.43025
29.22328
32.60198
33.90510
33.50000
33.50000
34.00000
28.47221
29.60105
29.79933
26.24286
35.03649
36.00000
24.53569
20.15496
28.19377
26.16295
38.50000
26.54556
39.00000
36.00000
33.08911
31.20897
35.00000
30.07029
32.49957
29.87753
21.95996
23.47738
22.69116
31.41479
37.00000
20.20365
26.73741
24.85067
26.88659
23.97684
29.50000
24.63511
25.95295
30.73905
27.06782
30.73905
25.77251
28.66279
34.50000
38.00000
35.50000
42.50000
44.00000
28.94055
16.58878
38.05552
42.50000
37.50000
34.49960
27.10627
38.50000
33.82635
37.00000
24.63511
33.50000
29.51083
27.60435
22.57626
30.81486
11.80508
25.98557
25.11349
23.89561
25.81061
20.15496
21.03901
33.29665
28.19377
22.29770
40.00000
21.12250
22.70875
22.32011
30.50000
25.77251
20.91315
28.08321
32.50000
24.85067
21.39720
25.02998
23.93742
21.40531
17.87065
26.19160
23.64847
33.98039
30.07029
42.50000
32.00000
30.94439
31.75252
33.00000
28.19377
37.50000
29.97777
29.22328
33.08911
31.50000
28.57738
23.64233
32.50000
29.22328
25.23391
30.50000
31.00000
38.50000
35.00000
32.50000
34.00000
24.21260
41.00000
38.00000
27.09705
37.00000
30.53959
34.00000
34.50000
29.60105
32.50000
29.40899
30.07029
23.33854
34.29610
37.50000
36.00000
25.78113
34.00000
30.90128
31.75252
37.00000
33.00000
34.23773
29.19225
36.38070
40.00000
22.14159
33.47968
33.35666
33.00000
30.00000
30.00000
31.94787
28.54626
25.55753
24.85067
27.35365
28.12917
23.62202
30.00370
27.10627
44.50000
23.34286
23.03620
29.63106
31.71258
35.23571
34.50000
28.85981
26.03243
22.79254
23.76272
31.28365
19.08533
34.29610
25.62226
34.00000
34.70831
30.26916
25.38153
27.72484
22.22611
31.50000
35.50000
22.91288
17.78342
31.37232
17.53397
23.93742
30.07029
29.50000
42.50000
34.45125
27.78889
24.96372
29.33712
21.54066
20.73644
41.50000
22.88134
34.50000
15.84172
26.24246
17.26731
30.24346
37.50000
41.50000
25.59080
29.69100
24.61707
38.47366
19.71516
32.88701
34.76588
31.20897
19.01808
19.76582
33.76718
34.56716
43.50000
36.50000
33.82635
39.50000
26.41128
22.54378
31.41479
30.65217
42.50000
33.15955
23.49468
38.50000
35.50000
24.90482
33.72767
25.83602
26.56478
29.79933
38.00000
30.26916
31.20897
27.88369
32.41742
29.06315
31.84686
25.84999
25.78113
27.01029
27.86076
25.66450
36.00000
26.44911
24.32463
30.00000
34.00000
28.75568
34.50000
37.00000
34.49960
43.00000
39.50000
36.00000
11.18034
21.76603
32.22146
16.32993
33.50000
31.62629
37.50000
33.82635
35.00000
39.00000
27.94041
28.28820
29.06315
34.02940
24.68918
28.70540
27.36215
38.00000
27.51818
31.50000
43.00000
33.08911
28.14694
24.21260
28.28820
32.82614
35.00000
20.40067
25.32291
25.93742
32.88701
24.99000
24.86463
23.03801
25.95295
25.38085
13.58823
30.73905
27.39018
23.45682
25.30261
24.26245
33.00000
26.69582
22.50000
23.80126
23.28492
22.41093
29.87753
29.40899
28.68362
33.00000
25.78113
22.43184
25.31578
24.56624
22.66054
24.88976
26.78969
26.16295
35.64953
25.42022
24.38237
23.33809
21.46315
26.31856
31.67894
39.00000
28.39014
29.87753
27.64457
38.00000
41.50000
30.81486
31.50000
30.81486
25.38153
25.15287
31.50000
26.17609
21.66923
32.50000
32.88701
29.00958
37.50000
35.17891
35.00000
37.00000
34.70831
31.37232
18.85968
33.00000
25.01999
37.50000
32.88701
28.12275
35.00000
34.00000
35.00000
37.50000
38.00000
32.50000
26.13427
39.00000
26.54556
33.76718
34.00000
34.00000
27.82086
32.88701
32.50000
34.50000
28.85981
29.53341
26.24246
22.99456
25.24381
29.27266
32.61901
38.00000
28.44293
41.50000
39.00000
31.15552
36.00000
35.00000
32.50000
36.50000
36.50000
37.50000
36.00000
30.21405
22.34950
23.62599
19.30458
23.47102
25.48638
29.13188
36.50000
41.50000
27.14199
40.50000
33.82635
24.50000
15.03330
19.91381
30.40102
27.06782
26.36641
25.56365
34.96983
33.00000
27.45337
23.41340
33.76718
27.92052
40.00000
31.09484
18.12181
22.91288
31.27599
22.81447
23.45741
31.20185
31.00896
26.71246
23.79542
32.14896
25.46021
28.85596
29.17000
24.68918
27.88468
26.83696
20.08582
21.59074
45.50000
25.12966
37.00000
31.47839
27.43173
23.24328
33.76718
19.63893
34.19877
33.13137
33.25658
41.50000
35.00000
34.00000
27.25599
31.20897
34.50000
26.65521
32.78550
33.00000
28.85981
37.00000
30.62679
34.00000
33.50000
26.59992
41.00000
23.58495
18.60753
31.37940
26.04270
23.69716
22.34390
18.49324
25.10423
25.57709
28.33137
25.65151
40.50000
29.87753
22.72664
24.38237
25.56365
25.09357
29.60105
32.14896
27.82086
15.17308
29.22328
35.00000
28.19377
27.31300
24.95774
17.25572
21.45926
30.24346
20.63977
20.01718
19.14576
26.78619
28.12917
32.14896
30.26916
32.50000
35.00000
29.51083
26.04203
26.90144
34.70831
24.30535
21.52766
21.21320
23.02580
26.71246
22.39838
27.71620
27.86076
25.51838
33.50000
40.50000
27.82086
22.99275
25.19700
32.56788
34.92214
30.34615
23.83741
34.50000
29.22328
25.16943
33.50000
37.50000
37.00000
37.00000
39.00000
38.00000
25.60273
30.62679
35.50000
24.19065
25.19700
25.38085
26.13214
26.48113
28.94055
27.04163
26.13214
30.50000
33.00000
31.50000
35.50000
35.00000
27.14199
29.25214
38.00000
36.00000
35.00000
33.50000
36.00000
37.00000
24.85067
20.78912
21.63331
36.00000
22.98347
24.63511
24.44495
29.50000
23.51064
33.72767
25.50817
33.00000
28.66279
29.32955
31.00000
26.98148
30.00000
25.97862
32.61901
31.15552
27.82086
34.23773
31.20897
28.75568
29.21044
28.47221
32.00000
28.59293
33.00000
40.50000
33.62869
29.26175
37.00000
35.50000
22.99275
25.48638
27.25599
30.00000
29.72688
30.53959
30.44485
26.41969
21.17044
29.33712
25.31139
28.40579
33.35666
24.68918
25.94706
22.23033
43.00000
26.84937
29.93697
29.53341
39.50000
32.06590
29.60105
25.95295
39.50000
28.00397
27.10512
33.50000
33.00000
33.06895
26.91189
26.13214
27.72484
27.72484
33.50000
20.52706
26.04270
33.50000
32.88701
34.56716
37.50000
28.59293
28.59293
28.94055
29.63481
35.64953
23.47738
25.91693
39.50000
25.67465
34.50000
36.50000
23.93045
26.09598
26.71142
25.48638
25.43988
25.19700
27.82086
31.00896
24.01041
28.40579
29.87753
26.03843
27.62044
40.00000
31.67894
30.15884
31.66842
23.76447
30.34615
34.76588
33.35666
32.88701
29.40899
31.56299
30.86530
22.00568
18.86160
25.78113
22.06241
26.78036
26.23399
26.88659
35.50000
33.90510
33.00000
30.34615
27.26720
27.04163
24.07396
28.47221
28.19377
28.75568
21.45320
26.91073
35.50000
38.00000
23.49468
31.84686
23.04886
24.68918
28.19377
30.34615
30.91206
27.32927
23.22041
30.55414
25.49196
15.94240
20.56794
15.03330
24.79695
34.37376
21.26617
27.53180
33.24990
26.80485
13.60294
37.00000
30.15884
25.74272
44.00000
38.68965
40.50000
39.50000
39.00000
35.50000
22.12465
35.03649
37.00000
34.50000
34.00000
35.50000
23.69716
31.94787
32.50000
28.50767
33.03870
35.50000
33.72767
25.62984
26.47168
20.10572
37.00000
23.90723
22.43184
31.49603
31.66842
24.70324
29.13188
21.99290
32.50000
28.75568
22.55410
26.88659
27.72484
25.30261
27.50000
20.78912
20.02399
19.45508
20.94487
11.87603
10.01665
8.75595
21.45344
37.50000
19.30512
21.06076
23.93045
34.50000
27.17536
30.73905
39.00000
30.86890
29.17000
23.82226
22.10204
21.07576
34.96983
22.19234
17.24819
20.94636
20.25833
29.33712
21.52324
18.20549
25.11349
25.47057
21.26405
30.07029
20.14169
33.35999
28.50439
32.50000
40.00000
30.40833
31.47839
36.00000
25.03498
43.00000
15.59447
37.58546
33.35666
41.00000
22.73030
33.35666
23.69716
34.56716
21.45926
25.50858
22.56518
32.00000
36.55437
24.61072
30.81486
23.69716
35.50000
34.18577
39.00000
36.00000
42.50000
32.00000
36.50000
29.60105
25.46021
26.04203
30.07029
22.55364
35.50000
30.26916
26.80485
23.09085
29.19225
22.89629
40.50000
25.57709
25.92658
28.80201
29.40899
24.85067
27.94973
25.51838
28.94055
24.07670
40.00000
40.50000
32.69047
35.50000
26.74416
36.50000
26.54974
41.50000
20.12461
22.19610
33.62869
33.15955
28.94055
22.22611
38.00000
31.20185
39.88595
34.56716
31.63332
28.94283
36.38070
31.41479
37.00000
29.79933
26.28093
27.93246
27.82086
35.03649
23.88907
26.71246
28.11089
25.01999
29.00000
22.85142
33.50000
21.76006
35.44009
31.00000
28.33137
29.51083
29.33712
24.83277
26.04270
24.12986
25.50000
30.07029
26.88659
24.76388
29.04403
28.70540
33.50000
30.47403
33.50000
28.00397
29.40899
27.42604
31.37940
29.40899
20.60679
26.44215
27.26720
34.00000
31.50000
36.50000
19.55096
32.00000
24.72221
24.83277
26.72078
28.57446
30.36857
37.50000
26.59992
30.07029
37.50000
35.50000
27.35365
31.50000
32.35566
32.00000
35.50000
27.06782
25.29204
27.53584
37.00000
38.00000
29.22328
25.04371
28.86499
42.50000
16.83003
29.40899
41.00000
31.03045
40.50000
24.10394
27.06782
22.32011
26.03243
27.17842
29.53341
19.66596
29.32955
38.00000
26.08107
20.04395
21.89178
25.05369
22.77718
20.40196
24.10394
36.33486
29.22328
19.65960
28.66279
29.97777
37.50000
31.75252
38.50000
35.50000
21.00446
21.70714
24.69185
23.56242
28.94055
16.93185
39.50000
35.97530
33.62869
22.18107
20.10572
21.45320
25.59080
27.47120
37.38389
41.50000
38.00000
26.99537
34.00000
41.00000
33.62869
24.12468
35.50000
33.24990
29.80306
33.82635
37.00000
30.56505
24.03513
22.76373
30.40102
33.15955
40.00000
28.11089
36.00000
32.50000
32.00000
21.63844
20.94039
28.69233
28.11089
30.91206
25.02998
26.24669
32.69047
30.24346
38.00000
38.00000
33.15955
41.00000
36.50000
36.00000
27.35365
28.66279
23.47738
25.84999
26.91963
23.09085
31.50000
33.00000
27.72484
29.50000
27.13342
31.00000
28.80201
38.50000
39.00000
38.00000
35.00000
31.00000
34.00000
29.50000
29.32955
35.50000
24.96498
23.98437
29.97777
40.50000
33.55923
34.70831
26.18205
35.03649
32.50000
27.04163
29.01724
41.00000
32.03123
31.09484
31.20185
36.00000
28.28759
34.50000
34.50000
38.50000
35.14099
41.50000
29.12366
26.51205
30.81486
30.43025
27.18251
33.50000
24.87343
28.19377
22.46419
23.66960
31.66842
29.60105
22.42209
23.93045
22.29100
27.06782
22.22611
38.50000
24.23955
30.21405
26.51205
25.78113
37.50000
40.50000
36.50000
21.64919
28.47221
19.30458
30.34615
36.00000
33.50000
36.50000
35.50000
36.00000
35.50000
37.50000
37.50000
38.00000
26.08107
32.88701
36.00000
27.01029
33.08911
32.03123
32.13513
37.50000
37.00000
33.50000
23.21398
28.87136
24.87343
23.69716
23.22041
26.41969
27.17842
26.41969
28.19377
33.00000
36.50000
31.94787
36.00000
24.08780
40.50000
38.50000
33.47968
22.04541
27.60435
30.94439
28.39014
33.29665
25.26856
24.46426
30.81486
26.31856
32.82614
28.94055
30.53959
30.73905
31.00000
32.14896
31.50000
22.84048
26.84213
31.50000
17.15189
29.40899
37.50000
31.50000
33.00000
31.75252
33.50953
21.73845
20.79663
21.87893
15.79733
22.22611
24.12986
24.63511
26.00000
18.13946
18.38987
39.00000
34.93804
23.62731
33.15955
41.00000
19.61859
23.47738
25.48638
32.09707
24.85067
19.58794
33.82635
27.72484
32.35566
26.29045
33.50000
35.00000
27.53584
30.00000
31.47839
28.33137
37.00000
33.76718
32.22146
40.50000
41.50000
43.00000
37.02552
37.74770
32.18987
25.98557
33.90510
33.08911
33.62869
25.39193
44.00000
38.50000
30.26859
20.70628
34.00327
36.44478
41.50000
37.50000
34.50000
23.83275
38.50000
26.31856
26.24881
27.53520
31.50000
34.50000
34.50000
31.47839
35.50587
43.00000
23.56242
39.50000
28.75568
30.62679
27.66315
34.18577
24.79695
33.82635
27.45337
36.91432
35.39303
35.03649
27.01029
26.71246
29.22328
28.24889
24.87343
36.12017
21.40093
35.00000
29.32955
27.86076
19.50000
25.31578
26.98148
25.15287
29.02872
26.42442
32.69047
28.80201
26.59992
38.00000
39.50000
35.50000
33.08911
37.50000
33.08911
39.50000
31.20185
19.25487
39.00000
39.00000
38.50000
28.08321
39.00000
43.50000
31.49603
19.10988
21.83317
22.09072
22.25281
24.85067
25.95295
23.28089
35.00000
20.95680
23.50931
25.06367
33.00000
27.77589
25.95295
34.96983
41.00000
43.00000
35.53519
29.81051
21.54623
28.89204
27.17996
37.50000
19.62779
30.53959
36.34098
31.15552
31.67894
26.37589
38.50000
26.24669
42.50000
21.36914
22.99321
33.50000
38.79290
21.98153
39.00000
27.94041
37.00000
24.61707
23.88807
35.50000
36.50000
33.50000
32.50000
29.48823
25.84999
30.00000
26.95830
28.94055
28.75568
34.49960
35.00000
36.50000
26.38602
30.68478
30.21405
27.62044
34.50000
34.50000
22.64509
35.50000
35.50000
23.78419
18.91575
20.40196
28.85981
22.69273
22.41651
31.75252
41.50000
33.00000
32.82614
35.00000
38.00000
39.50000
26.84937
30.81486
30.73543
31.28365
22.62051
41.00000
30.24346
31.94787
22.58672
28.11089
21.40093
29.17000
38.50000
30.47403
31.20897
28.75568
26.76168
32.88701
28.40579
18.71470
25.36237
30.00370
28.94055
12.98798
32.00000
36.17550
25.84999
27.86076
18.76166
18.27035
24.53951
24.99000
29.87753
30.07029
28.19377
27.51818
23.76272
24.07396
31.00896
36.50000
36.00000
26.54556
22.98913
25.95295
22.29798
26.88659
27.45097
29.79933
30.50000
26.96757
31.59465
29.13188
34.50000
38.00000
35.00000
35.00000
39.00000
32.13513
30.21405
31.00896
31.00896
27.82086
29.32955
29.53341
23.08766
36.00000
25.78113
27.94041
25.27227
28.24103
26.59992
28.12275
31.00000
25.01999
32.78211
33.50000
31.15552
34.50000
34.50000
36.50000
42.50000
37.00000
30.28510
26.37589
23.28089
23.04886
26.52711
23.15647
32.49957
20.31354
23.79542
27.86076
26.04270
25.57342
21.59138
22.75275
35.00000
28.50000
23.41340
22.57211
21.29554
25.31139
28.66279
29.22328
24.75379
23.15572
26.75234
25.95549
24.91318
26.44911
23.97684
29.48823
27.47524
28.00397
25.84999
32.00000
31.50000
33.62869
39.50000
29.00000
26.18564
32.50000
26.71246
29.00000
23.76272
29.95923
24.70324
40.00000
25.67465
37.00000
32.50000
31.50000
21.97015
34.00000
24.19065
37.50000
28.08321
28.00397
26.70557
27.47524
28.54626
18.58386
22.57078
37.50000
29.04403
39.50000
39.00000
30.00370
41.00000
28.76087
35.50000
31.03045
41.00000
42.50000
40.00000
40.50000
34.02940
30.00370
37.50000
17.93565
36.50000
36.00000
43.00000
41.50000
18.86160
22.20923
21.04014
19.95395
19.52025
29.17000
22.79254
31.62629
22.77471
44.00000
25.48638
22.22971
23.35594
25.03775
21.32340
29.80306
22.42677
25.29204
27.34045
21.89178
23.37065
25.94706
24.36883
22.91288
31.00000
23.56905
22.57626
26.71246
28.75568
23.76315
25.57342
26.44911
21.97157
22.59425
18.30410
22.23736
30.73905
20.20365
30.56505
20.76505
30.86530
36.50000
28.14694
43.50000
29.06315
36.00000
39.50000
30.34615
20.76536
20.47560
21.24984
28.87136
18.84251
26.83631
28.47221
29.33712
28.40579
19.18912
23.88514
35.00000
35.03649
32.49957
39.50000
24.25329
36.00000
29.60105
24.62214
25.84999
23.54910
29.12366
25.32291
32.35566
28.59293
31.00000
25.61683
25.84999
23.32857
33.00000
30.50000
35.00000
36.50000
37.00000
23.60614
30.34615
28.39014
25.23391
28.19377
33.50000
30.94439
28.94055
35.50000
30.00370
30.65217
30.26916
25.61250
23.55136
32.50000
22.99275
21.93171
21.67395
32.96800
27.69928
29.69100
20.58367
17.85357
22.62051
22.06241
36.00000
28.57738
29.78068
23.90999
26.96757
18.79421
36.44478
17.36663
34.02940
25.22276
32.96800
26.93859
27.58170
23.24193
24.31435
41.00000
24.01432
20.86265
24.34475
36.50000
22.14159
23.20964
35.50587
30.70322
36.71815
18.49831
19.55761
19.27920
18.22526
35.00000
29.55503
19.08507
37.00000
37.50000
30.00000
28.28820
30.15884
28.76195
19.36850
20.45116
14.05545
16.94845
34.96983
26.78723
21.49977
24.39775
21.76006
18.87293
9.15624
24.09746
29.69100
27.23394
23.93742
18.58763
12.53744
21.24984
29.17000
19.58979
25.59080
26.73741
23.72060
20.19127
22.98369
9.23159
22.82981
21.76787
27.86076
29.47315
25.95549
29.50000
30.00000
27.94041
23.28089
22.52082
26.64934
37.24991
26.00000
22.91697
22.90742
32.35566
25.93582
22.29350
27.45337
41.00000
35.31131
30.10814
34.00000
24.14022
18.96734
23.55136
39.00000
30.47403
33.00000
31.20185
39.00000
34.19877
43.00000
38.50000
37.00000
16.47726
34.66987
22.91288
19.43811
30.62679
29.60105
38.00000
39.50000
38.50000
41.00000
37.50000
31.41954
35.50000
28.54626
27.72484
33.29665
24.95371
17.73943
31.03045
27.46816
24.53951
26.26190
19.70178
21.95877
32.88701
23.15167
27.17842
22.64398
19.71193
22.70875
27.71620
29.79408
27.01029
30.09983
16.93779
25.29204
23.62599
27.45097
21.96019
36.00000
33.50000
30.73905
22.70875
34.66987
29.33712
27.78889
30.91206
25.92296
33.00000
24.25329
28.00397
17.88407
24.89352
24.44495
15.82403
20.70628
21.60247
29.40899
28.85596
30.91206
27.60435
27.25599
37.50000
37.50000
22.70875
28.50000
24.38579
30.50000
28.47221
28.07530
29.79933
22.48750
39.50000
31.50000
32.35566
43.00000
32.14896
35.50000
30.47403
26.88659
31.56299
32.03123
26.53653
28.40579
32.41742
37.50000
35.14099
39.50000
40.00000
44.00000
27.19477
40.00000
38.50000
40.50000
33.15955
31.94092
28.76727
18.76806
29.70971
32.35566
38.00000
42.50000
40.50000
24.34475
33.08911
21.75287
24.75379
26.91073
24.55988
28.00397
33.50000
