37.50000
24.65132
30.34615
15.13935
33.17630
20.78912
24.42335
30.47130
9.91071
18.51918
25.69411
23.68016
19.18958
13.36263
26.23928
19.93740
17.99333
16.80952
22.22611
20.84610
26.32489
23.37065
26.52711
32.49957
23.28089
26.87355
17.68474
21.50581
29.04403
22.60946
20.91052
36.00000
26.78619
25.43005
35.70559
31.47839
25.08984
25.20317
24.31563
29.76050
25.47548
17.76760
36.50000
31.88521
23.29565
31.41479
26.53653
23.21099
29.00000
30.26916
26.08107
27.64457
27.25599
27.72484
39.00000
24.58093
26.84937
23.80520
30.44485
37.50000
37.50000
29.87753
23.93045
36.50000
42.00000
30.62679
37.00000
29.32955
34.00000
22.43184
36.00000
17.87065
21.19811
20.64364
30.62679
33.82635
19.29306
31.00000
25.13339
21.98727
26.81767
22.46525
26.35337
25.39193
25.39193
29.17000
24.50510
40.00000
29.00862
30.73905
25.61250
27.25599
29.87753
22.29910
26.98148
28.12275
28.59293
35.50000
31.56299
24.12986
37.50000
39.00000
37.50000
39.00000
34.00000
23.92117
38.50000
29.40899
24.64752
24.00333
27.36215
35.39303
24.99778
25.66450
26.28054
38.00000
22.88134
26.41128
30.62679
31.28365
36.50000
26.98148
24.01432
39.00000
38.00000
30.15884
28.70540
33.50000
32.41742
34.76588
35.50000
38.50000
41.00000
38.50000
29.69100
39.50000
40.00000
39.50000
39.00000
35.23571
38.00000
41.00000
24.41311
40.50000
26.41128
41.50000
27.47524
27.77689
25.24986
26.38602
32.41742
35.44009
33.55923
41.00000
33.50000
23.69716
33.00000
34.50000
33.50000
29.97777
34.50000
34.50000
35.50000
25.19700
33.50000
31.20897
35.50000
31.00000
31.50000
13.96026
25.27350
33.00000
22.86190
34.50000
34.00000
33.50000
33.00000
28.19377
30.15884
28.00000
21.76133
23.99349
23.37734
23.25269
22.74313
23.25269
39.00000
32.41742
24.53569
26.84937
28.24103
27.17842
40.50000
34.50000
30.21405
26.04803
33.35666
40.00000
30.07029
28.85596
25.03775
22.21486
28.08321
25.17053
27.28858
21.20273
23.14087
21.22940
24.38579
24.35544
22.41093
38.50000
32.22146
25.19700
34.00000
38.50000
26.84937
26.16295
22.72664
17.94882
29.40899
29.95923
37.00000
27.13342
28.33137
34.00000
22.96193
35.12201
30.73543
28.40579
35.87323
34.84250
42.50000
27.35365
37.50000
25.32785
37.00000
35.50000
39.00000
23.20560
23.24268
24.88976
43.00000
21.51279
21.54623
41.50000
23.90607
23.33452
18.85736
20.19901
20.42517
22.09497
26.08107
19.41546
18.68823
41.00000
32.14896
34.02940
23.09085
24.91318
38.00000
20.96282
19.84156
19.12067
21.97015
27.62044
21.75287
17.73885
21.06181
36.00000
32.61901
23.28492
31.41479
26.84937
27.28553
22.41651
22.08365
26.24669
25.66450
28.40579
36.00000
27.35365
26.36641
22.98913
23.47738
24.07396
21.66795
21.57979
20.40980
28.56960
25.31578
23.92117
27.53584
38.50000
39.00000
42.50000
45.00000
31.84686
40.00000
38.50000
33.98039
21.31168
41.00000
39.00000
28.25221
27.64507
31.37940
25.97475
39.50000
33.24990
32.09707
25.95295
29.87753
25.34142
37.50000
23.37065
15.31972
21.50907
23.58495
27.45337
28.08321
38.50000
23.61261
28.70927
29.40899
25.01999
30.47403
27.92052
29.13188
25.57342
29.87753
29.32955
23.60614
30.07029
22.71976
21.91318
26.76752
22.33025
38.00000
42.00000
32.35566
31.67894
40.00000
35.23571
34.70831
38.50000
31.88521
37.00000
36.50000
36.50000
37.50000
35.00000
32.35566
21.46363
34.00000
26.84937
21.77585
32.00000
23.62202
23.97684
31.47839
34.50000
23.05125
25.45953
27.25599
33.00000
27.86076
25.17053
27.25599
23.65772
35.50000
31.94787
31.00896
41.00000
27.82086
34.50000
33.50000
33.15955
21.91397
31.00896
35.00000
37.00000
26.38602
38.00000
34.00000
26.31896
33.00000
38.50000
42.00000
25.42145
30.68478
22.07232
29.53341
27.25599
25.50858
31.50000
34.50000
31.47839
24.75379
36.00000
38.00000
21.24984
32.56788
27.22132
16.45258
34.00000
32.09707
22.09497
20.17523
32.35566
17.80976
14.54098
11.85580
26.87006
25.77251
27.01029
31.03045
20.08109
18.65905
26.94787
28.19377
17.87288
36.33486
25.49510
27.39018
21.71405
28.94055
22.49444
29.63481
32.56788
38.50000
36.50000
39.00000
27.01029
37.50000
29.29590
30.73905
30.26916
33.50000
34.00000
26.59992
32.50000
34.00000
31.96178
35.00000
20.84802
32.78211
42.50000
37.50000
18.91454
20.48628
27.82984
18.56233
30.70650
23.84717
23.79542
21.42866
21.57979
25.66491
29.06315
38.50000
24.56624
32.50000
26.88659
24.55380
30.07029
29.06315
27.88369
34.02940
30.62679
33.50000
27.45097
31.20897
37.00000
34.19877
24.27447
32.31443
41.00000
27.26720
36.00000
29.60105
12.82467
18.85968
32.09707
25.04995
26.24669
32.35566
31.00896
32.35566
34.50000
33.47968
14.77117
32.03123
35.31131
36.00000
34.50000
30.21405
25.23391
16.48905
25.02479
26.48113
21.88515
29.43213
19.91381
32.28293
24.61707
28.94055
26.23399
23.61261
21.13055
35.39303
33.90510
25.08984
24.44495
20.38382
21.08317
23.15647
31.84337
29.32955
38.94440
32.50000
32.00000
31.41479
28.75568
26.31896
31.56299
28.47221
28.28820
23.41453
29.01724
26.04203
19.80303
34.50000
31.75252
24.39034
26.38655
26.14742
32.69047
23.70991
27.72484
31.50000
26.16295
31.50000
34.50000
36.00000
28.85981
37.00000
28.47221
31.00000
31.50000
25.84999
25.19700
28.00397
31.00000
28.80201
24.26245
24.38579
30.00000
30.50000
30.94439
32.09707
39.00000
30.73543
25.03775
33.50000
24.01432
24.81305
25.19700
25.24986
29.27266
25.57342
24.44381
19.80372
23.69716
22.48456
35.00000
22.42209
26.83696
22.39544
24.10394
19.29352
30.94439
40.00000
23.25224
22.33025
34.76588
35.00000
28.85981
34.50000
31.50000
22.70875
20.26697
30.90128
24.84326
24.50510
32.69047
28.31409
24.44381
28.60944
26.78723
35.00000
31.67894
31.67894
39.00000
40.00000
33.00000
35.50000
28.59293
34.50000
38.50000
26.83631
31.00000
35.50000
33.98039
33.08911
25.67465
25.03118
18.45716
36.50000
25.17053
26.73741
25.95295
33.82635
34.50000
30.50000
27.53584
38.00000
27.17842
23.13547
29.33712
23.97264
20.74247
22.42518
20.40833
23.55136
21.86750
22.82542
32.50000
27.01029
29.95923
41.00000
29.22328
29.04403
30.47403
31.84337
31.00000
32.31443
37.65634
34.50000
35.50000
34.50000
29.53341
29.74335
30.81486
24.14022
26.83696
27.01029
26.18205
23.03389
33.50000
23.78419
23.56242
29.80306
25.03775
36.00000
40.00000
24.25329
26.08107
25.15287
24.68918
24.99778
22.59425
21.48384
31.37940
22.56518
23.09085
44.50000
25.22345
22.90560
21.69997
23.25224
27.40235
34.23773
44.00000
27.31300
24.60056
26.08959
24.76262
27.25599
25.78113
35.00000
31.66842
28.65637
27.45097
28.85981
31.50000
27.86076
33.50000
30.53959
32.22146
26.52711
28.14583
32.61901
28.66279
35.50000
31.67894
29.53341
24.63511
33.00000
29.27266
32.69047
26.83631
32.88701
28.57738
36.50000
36.50000
31.09484
35.91038
29.60105
33.50000
33.03870
30.67572
26.88659
25.60273
23.90723
31.49603
40.00000
27.94041
21.63844
39.00000
30.53959
37.00000
25.36840
26.54974
25.11349
28.11089
33.50000
21.97157
23.42408
27.77689
26.65521
32.50000
32.50000
31.00000
25.92658
33.50000
23.76272
34.00000
35.50000
33.50000
30.26916
35.50000
27.47524
30.68478
37.50000
29.79933
25.49510
33.15955
23.90999
24.89352
34.00000
31.67894
23.71049
28.87136
33.50000
42.50000
34.96983
24.49872
29.60105
31.00896
24.89352
27.23394
28.74456
17.72005
31.66842
30.73543
35.61211
22.09575
24.26288
19.21041
19.98124
29.81051
28.47221
27.17881
26.14383
34.00000
20.36388
21.46509
22.94967
28.66279
27.14199
26.08107
34.50000
26.98148
23.84717
31.94787
36.59083
34.92214
20.96873
34.00000
28.40579
28.75568
29.40899
25.01999
32.50000
32.14896
23.89328
32.00000
28.85981
20.43135
36.00000
20.95680
29.69100
41.00000
30.72820
26.76168
17.18837
19.62244
27.15120
34.02940
30.47403
37.00000
36.50000
38.00000
37.50000
32.82614
33.35666
26.27737
30.50000
36.50000
32.00000
34.50000
29.97777
33.00000
34.00000
26.16295
27.36786
29.60105
34.50000
36.12017
29.98646
34.00000
31.47839
18.63465
35.50000
21.69533
32.22146
38.47366
36.00000
23.79542
17.73415
30.24380
39.50000
41.00000
23.90607
21.08459
28.94055
34.47060
18.14828
21.77585
20.08582
36.71815
18.81064
23.79412
21.67948
19.15829
25.84932
36.50000
25.49877
32.06590
22.68039
24.17126
33.25658
26.71246
20.40980
23.21398
24.25329
19.42164
19.75316
21.50581
20.76505
29.22328
24.26288
20.35313
23.41340
25.48638
23.05835
25.49510
21.72004
23.04886
23.03666
31.00000
24.56737
21.80023
25.92778
38.00000
42.00000
44.00000
30.13673
27.06782
23.27015
24.54078
34.65384
20.86265
25.71964
24.63511
21.74764
18.88121
29.27266
27.34045
31.15552
22.98369
24.90462
20.54848
24.33490
32.50000
30.50000
29.01724
25.01999
24.38579
34.49960
36.00000
34.00000
39.50000
25.61683
26.00481
12.29837
29.19225
26.38602
39.00000
41.00000
25.04371
41.50000
19.81161
40.50000
35.23571
20.52285
24.91318
25.74663
21.44388
42.50000
31.20897
18.97999
21.79908
30.30161
36.50000
23.19483
24.22292
35.50000
31.47839
34.50000
31.20897
31.84686
27.77689
23.21398
29.32955
26.10555
24.14022
28.39014
28.80201
25.95295
22.93878
25.46021
25.24986
28.47221
28.19377
27.64457
34.66987
27.18251
26.31856
28.50000
27.25599
29.06315
33.00000
26.91963
30.00000
28.85981
24.91318
28.39894
26.31856
25.79244
28.59293
26.22380
27.93743
33.62869
27.92052
29.87753
26.44911
28.50000
28.39014
28.66279
24.99000
26.59992
24.34475
29.04403
32.82614
26.78723
28.57446
32.69047
33.71778
38.00000
26.16295
37.00000
28.94055
32.42770
27.32558
28.86499
22.69116
27.91393
24.68918
41.00000
25.93582
28.89444
16.41561
18.68261
22.99043
35.39303
33.03870
30.62679
19.12694
20.21485
24.45858
22.72664
22.02272
22.33383
32.41742
25.99538
23.43608
21.99636
23.79542
17.69294
22.69116
18.94624
28.70540
29.31818
26.04270
25.31139
23.97264
31.66842
31.84686
26.51205
19.25325
39.00000
43.00000
36.50000
39.00000
22.51111
27.10627
32.03416
36.80580
37.00000
34.76588
33.95095
27.36786
35.39303
35.00000
38.50000
29.04403
40.50000
32.41742
33.00000
22.39838
31.12341
34.47060
36.50000
38.50000
42.00000
31.20897
41.50000
39.00000
27.77026
26.66810
38.50000
32.35566
39.50000
28.85981
17.92652
21.91318
20.73644
19.42132
28.70927
19.60867
19.61020
17.02368
14.98800
10.74968
23.93045
31.09484
27.41350
31.28365
23.47102
28.47221
35.00000
28.44293
28.28820
27.47524
33.00000
25.99399
30.21405
31.28365
24.64117
29.97777
30.50000
25.95295
23.45682
24.03513
23.76047
28.33137
21.97157
27.32927
32.50000
32.69047
29.50000
30.50000
30.50000
31.00000
26.78969
28.19377
26.91963
31.20897
20.49000
37.00000
23.25269
24.61707
28.87136
25.11349
24.45858
29.80306
31.37940
38.00000
41.00000
36.50000
32.00000
33.00000
33.00000
29.79933
26.54974
36.00000
30.73905
22.59203
26.31856
32.96800
22.12465
22.21908
24.85067
17.28840
28.89204
28.11089
28.39014
23.56242
25.08984
25.66450
26.78723
26.08107
45.00000
24.55380
29.69100
22.70875
32.22146
31.84686
41.50000
31.20897
25.18432
27.86076
21.44032
24.26245
26.05163
31.37940
32.56788
30.40102
31.15552
33.98039
31.50000
34.00000
35.00000
32.00000
33.50953
31.00000
32.88701
23.45608
32.31443
22.69116
23.51064
23.12331
27.72484
30.07029
28.94055
35.97530
34.45125
31.99512
31.00896
28.00000
30.53993
27.17842
31.67894
22.74863
30.00000
37.50000
40.00000
21.74856
21.52905
34.70831
28.43707
26.71142
34.29610
26.08107
25.78275
28.80201
25.97475
30.47403
28.85981
26.59992
28.87136
35.50000
32.14896
31.56299
36.00000
32.14896
30.68478
34.00000
35.00000
36.50000
37.50000
35.50000
36.50000
25.38153
30.81486
29.53341
28.19377
31.56299
34.50000
35.00000
37.00000
37.50000
39.00000
31.47839
38.00000
35.00000
34.00000
36.50000
31.50000
37.00000
35.23571
30.26916
38.00000
39.00000
27.72484
33.00000
28.12275
36.00000
40.00000
34.00000
26.67396
31.20897
42.50000
25.66491
32.61901
29.80352
37.50000
37.50000
35.00000
33.50000
34.00000
31.00000
24.10783
33.53605
24.14022
26.31856
31.41479
24.38237
25.66450
34.00000
29.13188
24.99000
27.92052
28.40579
27.02314
24.90482
25.84999
28.50000
33.50000
30.62679
32.56788
33.00000
31.84337
24.63230
23.63657
29.06315
39.00000
33.76718
33.50000
27.01029
38.00000
37.00000
27.18251
22.75961
24.63511
28.28820
31.00000
27.25599
27.85678
30.90712
30.34615
39.00000
29.40899
38.79290
29.32955
36.50000
19.78889
31.00896
36.00000
33.08911
39.00000
33.00000
38.50000
40.00000
39.50000
40.00000
13.79211
26.51205
22.24157
18.33685
19.60159
22.89629
20.60795
25.73908
36.00000
35.50000
34.00000
33.55923
31.00896
36.50000
37.00000
37.00000
31.00000
34.50000
33.50000
36.50000
30.00000
34.00000
33.50000
33.00000
37.00000
30.65217
40.50000
33.08911
39.00000
35.50000
40.50000
16.95877
24.38579
31.62629
31.28365
29.60105
37.00000
33.00000
21.83461
35.50000
28.54626
34.23773
39.00000
42.00000
29.33712
29.63481
38.50000
22.23033
25.66450
42.00000
30.50000
35.50000
42.00000
38.00292
40.50000
29.32955
38.50000
25.65151
27.78889
22.55364
21.59861
29.53341
28.53458
24.36570
21.71405
21.87893
23.83799
25.56365
24.25329
28.87365
23.83799
27.51818
24.27447
36.00000
30.56505
22.72114
23.02580
21.19552
31.83551
20.16322
19.69278
31.67894
23.93045
21.78302
24.01432
37.00000
36.00000
24.16609
34.50000
26.24669
25.27227
25.45953
26.23928
23.71181
25.61250
37.85352
22.30595
19.78484
22.14498
27.53584
26.04203
22.32011
26.50000
24.36300
24.89352
28.75568
28.66279
30.21405
25.46021
23.04886
22.39544
40.50000
25.57342
21.42866
29.80306
30.09983
34.18577
21.26470
22.05675
33.15955
32.35566
38.00000
34.02940
40.00000
27.72484
24.62214
29.00000
31.50000
34.50000
39.00000
20.15409
16.37834
27.53584
23.33581
26.25238
23.11190
47.00000
19.32460
43.50000
28.14583
17.95132
23.55180
11.23566
17.12272
40.50000
24.10783
34.50000
38.50000
26.88659
20.80865
27.72484
32.82614
33.76718
42.00000
19.96873
27.25599
25.27227
28.19377
27.17842
34.00000
34.49960
33.50000
29.87753
34.50000
28.49013
26.56478
21.00446
26.84937
31.09484
30.47403
29.74335
32.35566
33.50000
27.06782
29.32955
24.46426
26.71246
27.06782
28.94055
35.50000
36.50000
39.50000
40.00000
35.50000
33.50000
26.41969
27.82086
32.00000
17.32692
30.81486
30.73905
23.28089
35.00000
38.50000
35.50000
33.00000
34.02940
26.31856
38.00000
25.19700
27.82086
34.00000
31.47839
26.71246
22.53192
25.95295
26.23399
27.86076
23.82226
31.67894
39.00000
18.61955
26.11992
25.71692
20.82066
23.55136
34.56716
17.08098
25.95295
23.79601
21.33659
24.22163
28.47221
25.10423
33.29665
25.11349
35.00000
33.25658
30.15884
25.86020
41.50000
23.34286
34.19877
28.51315
25.36114
30.07029
25.97475
38.50000
26.41969
24.51913
35.00000
38.00000
28.50000
34.00000
33.35666
35.12201
23.92044
29.22328
30.68478
35.00000
28.11089
29.22328
34.45125
24.25329
25.79123
23.71181
38.00000
33.00000
30.73543
29.40899
27.82086
26.49528
26.61766
23.79075
28.11089
24.38579
26.88659
22.18107
34.00000
23.10325
25.31139
26.84937
35.50000
18.63465
26.99537
29.40899
34.42222
39.50000
33.50000
23.83779
35.50587
31.75252
30.34615
32.31443
31.00896
37.00000
26.71142
30.91206
35.70559
35.50000
24.64752
41.26607
25.24986
41.00000
33.62869
32.72444
25.03775
39.50000
31.70469
38.00000
21.64486
27.77589
31.00896
30.73543
27.82086
28.66279
31.75252
33.00000
39.50000
38.50000
37.00000
37.00000
37.00000
33.50000
30.07029
34.00000
25.77251
25.81182
28.75568
28.51644
22.19234
35.00000
34.70831
26.57536
33.15955
34.23773
37.50000
22.55410
33.00000
25.10423
32.50000
30.07029
24.38237
23.44260
22.85279
24.38579
28.19377
30.94439
34.50000
37.50000
36.64545
32.13513
27.13393
26.78036
26.31856
39.50000
35.36477
32.09707
38.00000
37.50000
30.15884
29.40899
38.50000
40.00000
40.50000
27.60888
26.46224
27.57263
31.28365
27.60435
31.50000
27.65261
24.87343
29.23848
32.49957
33.50000
31.41479
30.26916
33.50000
24.71336
22.00568
30.54096
28.75568
27.77689
29.00000
26.51205
23.46673
24.44495
30.50000
23.04103
25.50817
25.30261
25.11349
28.59293
22.52221
32.00000
37.00000
28.08321
27.22132
23.72678
28.75568
33.82635
29.40899
27.10512
36.50000
28.87136
33.24990
24.01041
29.97777
30.68478
30.73905
23.76272
30.21405
26.78723
28.85981
27.92052
27.53584
29.51083
39.50000
43.50000
35.50000
28.85981
21.40467
21.09407
28.07468
20.04595
27.98015
21.24265
25.73300
31.47839
25.03775
35.50000
26.59992
25.97475
42.50000
30.62679
28.28820
25.38153
32.61901
23.61261
23.79542
21.22940
27.25599
15.76388
24.41766
31.00000
28.85981
33.00000
33.08911
30.30986
24.36883
21.57545
25.97862
23.64403
32.61901
32.56788
23.13547
21.35855
21.76436
23.15167
32.50000
36.00000
17.98889
18.58763
22.30595
21.64919
22.69912
28.39014
26.44911
30.00000
33.00000
31.59465
27.72484
33.35999
28.47221
27.06782
29.24466
44.50000
42.00000
26.78723
41.50000
34.70831
29.50424
27.25599
40.00000
28.99138
34.29610
24.92990
44.00000
38.50000
32.13513
32.09707
27.35365
20.79808
26.08959
22.58871
27.35365
21.06076
20.69269
25.61683
25.09357
23.50931
32.13513
28.19377
21.12250
36.08324
32.41742
27.31300
28.70927
38.50000
37.50000
31.20897
38.50000
37.00000
42.00000
26.41128
44.00000
21.51017
21.43012
24.01041
22.47310
24.26288
27.92052
23.08002
14.25482
30.24346
22.00505
23.97684
19.40844
22.42209
43.00000
23.88514
32.22146
24.19065
37.50000
32.31443
22.88422
32.53716
22.31054
35.50000
23.37734
23.60614
21.18372
22.26404
22.88422
26.13214
29.22328
31.37940
32.69047
39.50000
26.72078
29.51083
25.59785
43.00000
40.50000
21.00095
23.15572
29.93697
23.81570
22.29910
38.00000
27.82086
25.62984
36.50000
28.66279
26.24669
24.85067
35.00000
32.69047
23.29998
28.69233
28.80201
35.50000
25.00000
36.50000
26.71246
34.45125
22.08365
33.50000
33.35666
20.91315
22.07232
23.05428
27.85678
41.00000
27.53584
21.92411
37.00000
28.47221
35.14099
29.70971
28.75568
33.25658
29.50000
30.00370
30.50000
38.50000
27.35365
39.50000
38.00000
26.15764
26.54556
27.35365
35.91038
33.82635
41.50000
22.65745
29.22328
27.82086
27.01029
29.48199
34.02940
22.57626
43.50000
25.77251
25.13961
22.51419
24.85067
25.36840
32.41742
33.50000
33.24990
38.00000
22.50000
21.27910
21.63764
25.27350
30.00000
25.46021
27.72484
27.17842
27.15797
22.12888
21.05202
34.00000
26.41969
28.39014
38.50000
26.24246
34.00000
21.95996
23.92117
37.50000
30.26916
29.13188
25.92778
22.43881
33.29665
26.31045
35.03649
38.50000
32.13513
25.66450
39.00000
30.53175
24.45858
22.50000
27.01029
25.24986
29.97777
28.54626
25.98557
29.00000
22.23111
21.50000
20.58367
40.00000
27.42604
32.61901
31.94787
23.83275
25.31139
28.40579
41.00000
25.06990
24.47831
26.28477
26.99383
37.06151
23.47738
25.70019
24.51913
25.39193
32.78211
25.67586
34.29610
22.60285
30.91206
21.86687
24.23955
37.50000
36.00000
