29.04403
27.53616
8.59758
45.00000
21.37171
16.29724
36.85105
44.00000
45.00000
39.20317
16.31717
33.35999
25.26856
35.59026
33.15955
27.82485
17.59794
22.74313
37.00000
15.22367
34.96983
41.00000
32.56105
25.17053
26.08107
21.80459
27.64507
24.92870
23.98958
23.77499
22.45412
24.20744
27.15120
31.37940
29.87753
32.09707
41.00000
29.51589
39.00000
39.00000
19.74050
26.59992
36.00000
25.54408
32.88701
22.28228
17.43560
19.30026
24.55988
24.96372
31.56299
22.96193
29.00000
26.59992
33.00000
25.38153
24.20098
29.53341
25.65151
23.93742
26.67747
30.50000
26.03243
31.00000
17.08098
22.54301
36.00000
24.74874
40.00000
20.69269
29.04403
37.00000
34.00000
31.67894
33.50953
35.50000
35.50000
35.00000
24.12986
25.61250
28.28820
25.62226
26.52711
34.50000
38.00000
21.37025
22.52643
30.00000
24.23324
40.50000
24.17126
46.00000
26.47995
21.01190
17.22643
35.50000
39.00000
30.55630
23.03801
25.84999
29.04307
22.71563
26.49882
36.00000
40.50000
21.07576
30.65217
17.35655
23.93089
24.60804
21.76006
21.46363
20.89707
22.03270
23.93220
23.47102
35.50000
31.88521
20.83267
23.89328
37.00000
26.28054
19.45989
21.24984
24.28077
21.85304
19.30389
21.99290
24.99778
28.28820
25.23391
32.82614
28.85596
33.50000
31.00000
25.36114
27.78889
22.22611
23.24328
25.41038
21.93171
21.98727
26.22380
32.35566
11.36662
30.73905
38.50000
38.00000
31.15552
30.15884
17.95132
23.87802
35.23571
33.35666
32.60198
36.50000
32.88701
29.17512
34.66987
22.50000
37.00000
33.24990
36.59083
33.55923
29.00958
24.40164
23.88907
34.70831
32.09707
26.69582
28.00397
32.35566
37.50000
23.14087
31.32979
17.71553
28.20018
37.00000
29.44805
27.17842
28.11089
22.92788
34.09790
27.82086
33.95095
22.91288
30.26916
24.53243
21.67026
35.86394
22.00426
35.50000
36.00000
26.59992
23.92044
29.97777
31.32979
25.73300
30.15884
28.12275
33.15955
30.05308
38.00000
28.28820
32.50000
28.19377
40.00000
23.53720
16.21111
39.00000
29.62263
36.64545
31.16388
28.94055
30.34615
37.00000
24.49000
34.02940
26.69582
36.00000
25.03775
25.22345
39.00000
36.50000
36.00000
21.59074
30.24346
37.00000
40.00000
37.00000
34.09790
29.60105
37.50000
40.50000
40.50000
38.50000
38.50000
34.50000
26.88659
27.06782
31.28365
26.08040
23.22714
26.51205
42.50000
40.50000
35.61211
29.26602
27.44426
36.00000
38.00000
32.22146
26.14742
22.63156
30.07029
38.50000
42.50000
28.50767
37.50000
37.38389
23.60614
33.08911
20.40221
26.04270
23.02580
26.88659
30.50000
40.00000
22.70875
30.50000
33.08911
34.23773
33.55923
41.50000
24.68918
31.56299
30.58901
29.53341
35.44009
37.50000
33.08911
25.49510
22.50000
30.81486
33.08911
23.20560
22.59425
21.98153
23.61261
22.22611
27.53584
25.32291
31.00000
28.85981
27.17842
30.07029
27.50000
21.07576
27.92052
22.00568
16.89970
28.87136
31.47839
31.06847
38.00000
37.50000
35.00000
35.00000
25.25866
30.81486
27.64457
36.00000
38.50000
36.00000
31.28365
39.50000
40.00000
31.20185
32.72444
29.00323
44.00000
23.42008
24.19711
22.56518
40.00000
27.19477
21.87464
43.00000
22.18530
35.70559
30.56505
26.84937
32.09707
24.63511
35.91038
30.50000
24.63511
24.93366
32.00000
30.00370
30.18094
23.98307
27.35365
20.80114
31.63332
26.04270
23.47102
36.00000
35.91038
34.50000
36.50000
38.50000
30.07029
35.00000
32.00000
33.55923
33.00000
20.21880
26.22380
27.82086
31.00896
34.00000
27.82086
32.82614
24.91318
23.07379
28.00397
26.23399
31.84337
25.36114
21.84125
26.38602
28.39405
29.26602
30.94439
39.50000
42.50000
26.54556
31.50000
31.00000
32.50000
38.00000
33.53605
38.50000
29.17000
37.00000
39.50000
38.50000
38.50000
33.29665
30.73543
32.41742
27.01029
32.00000
25.15287
38.50000
34.76588
32.60198
33.15955
33.62869
39.00000
19.13113
31.84686
24.76388
34.50000
19.73423
23.12331
29.69100
38.50000
25.79123
25.53796
26.84937
36.00000
27.64457
33.00000
23.79075
27.47120
23.52127
24.58093
20.84466
25.70344
29.69100
40.50000
43.00000
36.50000
36.00000
39.00000
31.50000
40.50000
25.93582
25.36840
17.10263
30.55630
27.62044
32.35566
24.34132
26.24669
32.00000
38.50000
29.53341
20.90903
20.58543
24.00463
20.80865
25.78113
25.70384
26.04270
34.49960
42.50000
31.15552
32.50000
25.18432
31.47839
20.41176
32.41742
32.69047
31.94787
34.96983
27.39868
41.00000
31.00896
36.50000
28.87136
28.44293
27.88369
40.00000
33.00000
34.56716
24.68299
24.87343
29.79933
37.50000
32.00000
28.75568
28.28820
30.73543
30.09983
35.50000
30.15884
33.00842
42.00000
38.50000
30.21405
36.00000
38.50000
35.50000
33.98039
24.21260
30.50000
40.50000
41.00000
41.00000
40.50000
37.50000
32.14896
31.47839
42.50000
25.42145
29.04403
27.51818
34.50000
38.00000
29.13188
40.50000
33.03870
28.70540
32.50000
38.00000
24.46426
38.00000
26.31856
31.00000
25.66450
28.00397
26.59300
27.06782
28.19377
28.94055
26.78723
31.50000
30.50000
28.59293
26.38602
33.00000
35.70559
33.00842
37.00000
29.32955
28.12917
29.97777
25.95295
37.00000
25.95295
28.28759
32.14896
28.00397
28.19377
37.00000
30.07029
29.32955
34.92214
37.11544
30.94439
36.50000
31.75252
31.94787
30.86890
22.49861
19.22914
26.28477
38.94440
24.44381
32.41742
22.35710
27.42604
22.95406
28.39014
28.56960
26.27737
26.04803
33.29665
35.14099
23.29998
20.14547
31.28365
43.00000
25.65151
27.13393
21.91438
20.08109
21.29994
18.09530
32.49957
29.26175
30.53959
30.07029
22.49978
29.06028
33.76718
32.82614
41.00000
24.92990
25.86020
41.00000
33.08911
30.86530
41.50000
25.15287
23.44260
13.23584
25.24986
45.00000
22.29100
21.48384
21.24984
40.00000
27.28858
23.72060
22.90560
33.62869
14.72956
30.07029
33.00000
30.50000
38.50000
24.55988
35.00000
33.50000
37.32143
23.03389
27.35365
29.79933
29.50000
25.06367
26.56478
24.13504
27.60888
28.44293
21.76436
21.33659
21.28820
29.01724
29.32955
22.15147
34.00000
29.06315
25.03775
22.64950
22.88134
20.16928
26.08107
23.33809
25.77251
28.80201
31.00000
23.15167
33.50000
30.26916
26.84937
33.95095
27.19477
23.17731
36.00000
22.94967
24.56737
24.34475
26.08107
24.93366
25.30261
22.69116
23.93045
28.47221
25.66450
28.39014
32.50000
25.84999
28.39014
26.08107
30.00000
24.14022
26.71246
22.77608
41.00000
36.00000
24.58093
17.27956
18.61675
17.80976
37.00000
20.53182
22.95406
23.71049
27.53584
33.82635
31.67894
29.13188
27.94041
24.68918
26.71246
29.50000
24.60081
25.59687
30.91206
29.94810
25.24986
24.23955
37.50000
29.89240
21.92459
20.84866
26.41128
39.50000
23.09085
36.50000
39.00000
27.01029
38.50000
42.00000
41.00000
40.50000
41.50000
26.54974
27.15797
28.19377
25.46021
27.06782
33.00000
38.00000
35.00000
26.88659
29.17000
24.72965
27.92052
25.14334
19.51121
11.61723
26.05283
23.92044
25.19300
28.28820
37.50000
26.98148
28.57738
23.67488
33.50000
26.91963
30.00370
30.73543
27.82984
24.21260
23.29292
25.47057
25.50000
26.18205
24.74874
41.50000
26.08107
22.57078
19.96397
27.25599
32.82614
35.50000
33.50000
36.00000
37.50000
40.50000
36.50000
29.69100
36.00000
37.00000
32.00000
31.50000
36.00000
30.47403
31.67894
37.00000
39.00000
27.35365
29.74335
23.15572
37.50000
35.00000
32.50000
39.50000
27.65261
27.93246
39.50000
29.40899
36.12017
22.09072
26.28054
24.85067
22.89590
22.45551
21.44388
25.94706
23.33854
29.13188
22.69361
31.20897
30.53959
30.21405
31.00000
15.51411
34.00000
32.50000
36.50000
16.07980
27.94041
31.50000
29.87753
24.55988
38.00000
34.37376
23.08593
26.56478
33.00000
21.59861
31.67894
23.62202
32.03123
21.64486
41.00000
29.69100
27.35365
32.78211
23.41340
14.38610
26.08040
25.18308
31.20185
30.70650
28.39405
24.73232
26.28093
21.99290
25.94706
37.00000
31.47839
25.82419
28.54626
33.08911
18.24719
32.61901
34.76588
34.66987
28.08321
39.00000
18.02887
32.49957
33.76718
23.22041
22.49444
21.45926
41.00000
29.93697
39.00000
40.50000
43.00000
44.00000
35.14099
24.82312
41.50000
23.51064
30.15884
42.50000
33.82635
20.33931
28.54273
20.78912
37.00000
24.34475
40.50000
18.14828
36.50000
38.50000
36.50000
25.54408
37.24991
23.29998
21.68317
24.07670
26.42442
25.79123
27.72484
26.88659
26.27737
25.49877
25.13339
35.50000
35.00000
39.00000
32.00000
39.50000
34.00000
29.04403
28.85981
36.38070
42.00000
37.50000
30.07029
26.42442
24.70197
26.84937
37.00000
32.69047
30.44485
28.19377
25.30316
29.04403
17.59794
19.83331
37.00000
14.91643
21.02974
22.57211
25.17053
32.50000
34.00000
27.25599
32.50000
20.88510
33.00000
33.50000
33.00000
35.39303
37.11544
29.26175
29.67977
27.07859
23.55313
24.92990
22.94864
28.11089
23.04257
30.26916
29.22328
27.31300
25.61683
23.20022
28.56960
24.75379
31.00896
31.50000
35.14099
37.50000
31.47839
40.00000
23.97684
32.78550
28.66279
25.84999
30.50000
37.00000
27.47158
33.50000
32.00000
27.65261
24.10783
38.50000
32.00000
22.19234
25.15287
24.32077
29.50000
26.44911
26.71246
25.03775
21.59138
35.50000
28.40579
30.94439
25.23391
28.59293
17.02612
26.54556
30.50000
24.47831
20.87678
24.68299
22.70875
32.06590
25.70019
26.78969
35.00000
33.90510
26.51205
25.50817
28.50000
30.50000
38.00000
23.12331
26.69582
34.50000
35.50000
22.50866
23.04103
19.94593
21.71267
27.50000
28.19377
24.74242
26.12829
22.01454
28.87136
24.23221
29.08608
23.62599
24.19065
20.73065
26.59992
20.72438
25.31578
23.47738
21.73707
22.88422
29.47315
25.57342
20.38842
25.84999
24.83277
39.00000
31.20897
28.87365
25.95295
24.32463
30.73905
26.29045
33.00000
33.00000
31.50000
33.50000
24.83277
32.56788
27.53584
23.28089
25.61250
29.04403
32.88701
34.96983
32.22146
33.00000
35.00000
26.47995
33.25658
37.50000
31.63332
35.17891
41.00000
34.00000
31.56299
45.50000
32.96800
32.56788
31.00896
29.87753
35.50000
26.98148
27.45337
29.13188
19.03943
34.76588
39.50000
40.00000
34.56716
29.33712
33.35666
30.26916
31.37940
23.90607
23.71181
22.99321
30.81486
21.79195
19.81792
26.87936
28.60398
21.07576
20.91052
23.44260
36.00000
37.00000
26.96757
38.00000
22.90560
28.57738
22.52899
35.50000
35.50000
30.07029
33.00000
32.00000
30.90128
32.14896
29.04403
31.20897
35.00000
37.50000
34.50000
28.59293
26.79552
37.00000
39.00000
31.00000
28.87136
20.08582
25.97475
21.45344
21.08317
20.80385
25.49510
27.65261
34.50000
23.17731
28.24103
22.09497
38.00000
30.00000
22.12888
32.49957
31.56299
37.00000
35.50000
35.50000
38.00000
36.38070
21.35978
22.28228
21.07576
26.52711
28.70540
29.32955
30.53959
15.61282
26.15764
31.49603
40.00000
30.94439
29.87753
29.17000
29.60105
29.00000
40.50000
30.53959
28.70927
25.01999
36.50000
29.95923
32.22146
24.13892
22.77471
24.83277
24.32077
26.59992
38.00000
23.29998
28.39014
30.00000
31.41479
32.00000
29.51083
30.68478
35.00000
33.00000
30.50000
29.53341
34.50000
31.00896
27.15120
34.29610
33.55923
30.94439
26.16295
36.50000
30.53959
29.04403
29.22328
34.00000
29.00000
32.50000
34.00000
26.24669
26.41969
34.00000
26.54974
29.00000
27.08667
35.70559
27.35365
33.00000
29.40899
31.15552
31.94787
32.50000
40.00000
33.35666
36.00000
40.50000
39.00000
31.56299
33.35666
31.75252
24.82312
20.98809
26.78723
18.85312
23.34609
28.51644
29.26175
21.82172
28.40579
39.00000
33.82635
32.14896
36.50000
40.00000
40.00000
28.40579
33.50000
27.82086
27.65261
26.04270
26.87006
24.27318
22.94967
25.95295
25.78113
25.95295
25.49510
28.40579
28.66279
26.84937
28.80201
26.88659
29.74335
30.73905
31.00000
33.50000
31.12341
28.39014
28.08321
17.32692
28.85981
28.50000
31.47839
31.75252
30.26916
23.43160
25.92296
29.48823
37.50000
27.15120
29.97777
26.41969
27.94079
27.10166
43.00000
25.36114
20.45116
27.36786
36.00000
22.72664
32.78211
23.92044
27.25599
31.94787
22.94967
23.46673
27.25599
21.22940
21.45134
24.74369
37.50000
39.00000
43.50000
35.00000
28.94823
28.39014
34.50000
29.87753
30.68478
31.47839
24.21260
28.87136
34.96983
32.78550
33.29665
27.93246
41.00000
39.00000
27.93246
23.69599
20.52438
27.77689
33.06895
28.28820
32.31443
30.40833
21.64486
40.50000
39.50000
19.62619
21.09028
28.54626
31.56299
31.96385
28.38133
21.43012
22.21908
16.63250
18.60779
20.54805
19.61292
26.59992
27.62044
22.15147
22.44994
23.09882
18.80425
22.85826
23.61261
22.98369
23.82226
30.00000
27.25599
28.12275
22.09497
31.00896
29.95923
33.00000
27.00000
28.50000
20.05461
32.41742
26.51205
31.84337
38.00000
23.50931
24.79695
18.77998
21.27792
22.87466
23.25403
25.05369
22.09497
41.00000
22.55410
18.70829
27.45097
20.53047
25.46894
26.71246
28.94055
17.65899
25.97862
28.85596
28.22565
30.73905
36.50000
24.44381
24.49872
28.19377
36.00000
29.87753
26.24669
28.26106
25.72072
31.75252
30.21405
31.50000
34.49960
30.15884
37.50000
42.00000
32.13513
39.00000
29.74335
36.50000
26.69582
24.29506
25.16943
25.52559
29.00000
32.50000
29.51083
19.08507
27.82086
20.37057
38.00000
23.02716
34.00000
25.70344
40.50000
26.91963
22.23033
26.23399
23.78419
26.00481
20.91507
32.03123
30.81486
23.99349
39.00000
38.00000
25.96512
26.59300
38.21867
39.50000
30.53959
39.50000
38.50000
28.85981
27.01029
31.15552
26.42442
23.35996
24.25329
38.00000
33.03870
27.53584
28.00397
41.00000
36.64545
38.50000
24.55380
23.09085
30.34615
28.00000
27.39868
27.82086
25.03775
26.71246
33.00000
33.00000
31.09484
34.00000
30.50000
28.19377
25.31181
22.34390
25.50817
29.53341
26.98148
26.13214
31.00000
29.06315
30.21405
29.27266
35.50000
27.00000
24.21260
28.80201
31.20897
23.37065
36.00000
34.50000
24.93672
38.00000
28.11089
29.40899
28.85981
32.50000
27.25599
32.00000
24.55380
24.85067
25.15287
24.14309
32.35566
38.00000
39.00000
38.00000
35.14099
31.47839
26.24286
25.81182
26.42442
31.50000
31.50000
29.22328
29.79933
36.50000
34.92214
35.17891
31.56299
26.41969
21.86893
21.57979
27.82086
26.10555
30.34615
42.50000
27.58170
23.83799
13.71941
16.08904
23.61261
26.54556
32.88701
30.15884
20.40067
30.53959
18.83315
29.50000
32.35566
31.94787
35.50000
32.96800
26.04270
32.56788
23.77499
10.62100
21.21910
43.50000
41.00000
42.00000
29.95923
29.63481
29.80306
31.50000
27.53584
29.47315
25.38153
36.44478
28.28820
28.75568
43.50000
30.24346
26.83696
30.40102
25.95295
44.50000
32.69047
11.86966
30.34615
22.85826
23.90607
20.51067
42.00000
16.76305
25.99399
25.99399
33.55923
20.80769
23.74026
28.37693
23.71181
38.00000
35.50000
28.47221
31.00896
28.47221
43.00000
26.93859
23.83275
16.06736
24.64117
26.31856
26.96757
17.93565
22.41651
25.77251
37.11544
29.51083
29.79933
25.46021
28.11089
27.53584
26.08959
21.64919
35.50000
33.29665
28.66279
39.00000
27.68009
28.43707
34.00000
22.99321
21.46998
33.93008
35.64953
33.90510
19.55761
36.00000
17.97915
28.39014
28.54626
30.53959
41.00000
29.06315
34.00000
31.09484
39.50000
21.56965
35.00000
34.00000
34.23773
27.42604
36.50000
18.97999
25.65151
26.17938
23.20022
28.00397
25.49510
26.31896
31.28365
23.68016
23.09882
26.08959
24.05549
22.55410
27.72484
23.15167
33.82635
22.17105
16.88750
35.39303
21.80459
20.96873
28.00397
33.50000
29.13188
19.26623
34.49960
25.31139
27.85678
38.00000
36.50000
24.14309
30.81486
33.55923
31.94787
22.42209
31.56299
22.07232
23.80520
17.59261
18.01388
31.25522
23.14087
18.07318
19.25848
21.52905
18.24938
22.78706
19.95464
31.84686
34.29610
27.06782
25.19300
22.94014
31.15552
40.50000
20.89707
18.66548
24.68918
25.46021
23.93089
25.19700
33.35666
24.46426
20.08109
23.88907
24.70324
20.10572
32.69047
39.16064
40.00000
38.00000
33.00000
33.08911
29.51083
26.78723
26.08959
21.75431
19.49769
22.44460
42.50000
27.06782
34.00000
29.53341
27.77689
21.41699
27.31300
26.24881
25.62984
37.00000
35.86394
27.82086
30.00000
29.69100
31.00000
30.00000
24.94995
29.13188
35.00000
24.90356
24.71167
31.00896
39.00000
38.00000
38.00000
30.47403
24.76388
24.99000
27.86076
25.48638
26.50000
29.50000
25.78113
32.00000
34.56716
32.14896
24.89352
23.03666
30.73543
36.00000
36.12017
17.79438
34.56716
25.43005
33.15955
33.43651
34.29610
34.18577
23.69716
38.50000
39.50000
30.09245
29.94810
36.50000
44.00000
33.35999
33.98039
24.36883
28.54626
27.10627
28.84874
26.53653
27.31300
41.50000
22.86676
28.12806
33.82635
22.33383
24.95496
34.00327
27.36786
46.50000
34.29610
20.86115
39.00000
26.93859
29.95309
31.56299
37.50000
39.00000
24.99778
29.40899
24.36300
25.66450
27.92052
27.65261
25.95295
23.47102
30.00000
30.50000
33.50953
27.17842
29.74335
33.25658
33.00000
28.59293
25.42022
29.67638
31.67894
30.73905
38.00000
38.50000
39.50000
30.50000
33.50000
35.00000
36.55437
30.26859
26.31856
30.07491
25.85053
30.34615
24.91318
31.56299
23.56242
32.00000
30.73905
26.72078
35.00000
32.14896
32.78550
37.00000
38.50000
35.00000
34.50000
20.30763
21.13197
28.33137
39.50000
33.82635
38.00000
33.50000
38.50000
37.50000
37.00000
33.00000
38.00000
40.00000
38.50000
39.00000
38.00000
27.47158
30.53959
28.11089
28.39405
28.57738
28.00397
30.44485
39.00000
34.50000
37.50000
27.35365
38.50000
32.00000
38.00000
22.89590
29.87753
20.94487
20.96873
23.66901
22.07232
25.08984
25.77305
21.32487
31.60301
16.59987
29.32955
34.29610
26.08040
37.27674
31.47839
33.50000
28.39014
30.00000
29.95923
29.50000
28.00000
30.07029
23.08002
36.00000
27.92052
32.03123
27.45097
31.50000
30.00000
26.78723
31.00000
28.00000
27.17842
21.21320
41.50000
31.50000
30.00000
32.00000
41.00000
39.00000
29.74335
32.00000
23.08138
27.06782
36.59083
27.17842
32.50000
33.00000
31.00896
31.47839
28.59293
30.34615
24.31435
29.40899
28.31176
29.87753
27.92052
28.94055
30.53959
26.87006
29.00000
33.50000
35.50000
34.50000
39.50000
24.22579
37.50000
37.00000
25.24986
33.15955
40.00000
38.50000
38.00000
30.56505
32.14896
25.15287
23.88907
27.18251
32.22146
36.85105
30.07029
36.50000
34.96983
32.82614
34.70831
33.00000
33.50000
23.15647
25.38153
30.00000
28.39014
34.42222
29.69100
22.51577
23.15167
24.39034
26.88659
25.78113
23.57456
22.10204
32.50000
23.39204
32.50000
24.07670
19.51121
18.30073
21.35855
30.26916
29.40899
23.64847
17.42285
40.00000
23.19483
29.06028
27.01029
25.73300
19.59592
30.15884
19.00493
20.07209
40.50000
37.72120
25.13961
22.37605
45.00000
31.49603
32.22146
32.89377
23.13547
28.99138
46.50000
38.59476
19.34322
34.18577
29.90401
30.15884
34.50000
44.00000
46.50000
41.50000
42.50000
33.98039
32.78211
38.00292
27.62044
34.56716
41.00000
39.00000
40.00000
33.29665
32.78211
26.72078
21.43012
38.00000
38.50000
25.46934
27.56243
37.50000
32.50000
39.50000
35.50000
30.07029
27.90497
32.00000
34.00000
34.50000
27.04048
36.17550
29.40899
36.00000
30.53959
33.00000
29.87753
27.92052
28.19377
26.44911
31.62629
25.48638
34.66987
36.50000
30.26916
29.51083
24.25258
33.50000
35.00000
31.37232
