15.48184
19.37782
13.15143
21.65548
19.66949
32.61901
29.53341
28.24103
22.92379
15.47385
35.78019
14.18450
21.92411
46.00000
17.76232
9.01998
19.44865
29.97812
36.64545
32.78550
30.91206
15.75397
28.28820
24.30406
30.44485
23.79542
32.31389
18.32594
20.04395
26.13427
28.48684
28.19020
28.76195
26.02403
31.32979
35.91038
37.11544
27.29469
38.50000
30.43025
41.00000
46.00000
33.35999
23.44142
22.34950
25.74663
44.50000
26.42442
31.00896
27.53584
31.16388
21.22940
16.45114
43.00000
27.66315
24.32463
27.01029
18.76832
18.35647
21.84462
23.46572
28.33174
24.55380
27.17842
17.87065
30.03644
15.00625
33.35666
23.17731
26.98148
24.14022
25.97862
29.74335
22.00545
16.36337
34.02940
40.00000
21.43455
28.59293
34.50000
28.59293
38.50000
35.03649
19.48860
24.41695
25.19921
18.89974
23.63657
27.85678
23.95177
30.00000
35.50000
28.87136
31.56299
26.08959
32.53716
33.00000
33.00000
31.00000
14.78081
29.43956
34.56716
31.00000
19.71193
29.60105
30.40102
26.23399
41.00000
35.50000
22.09638
29.97777
30.50000
33.50000
34.00000
34.50000
33.15955
32.78211
40.00000
30.26916
33.50953
30.07029
28.94055
40.00000
38.50000
39.50000
34.70831
26.28093
24.58093
25.66450
38.50000
27.64457
25.83710
20.80114
20.70024
20.34109
20.34699
18.71330
19.49840
33.18969
34.56716
26.54974
22.92379
21.85606
22.28228
27.77689
20.71684
26.99383
22.57626
19.11151
38.50000
22.72664
26.54974
18.29098
27.53584
26.78723
30.07029
31.62629
28.94055
33.62869
39.50000
39.50000
38.00000
27.53584
37.50000
29.53341
23.65772
23.17731
35.17891
19.47434
27.50909
21.47673
28.35930
33.15955
14.33876
20.29008
18.13946
45.50000
26.54974
22.87881
18.05547
19.66949
18.65047
24.96498
31.94787
23.90607
27.62044
25.44602
24.56624
33.03870
28.71846
29.33712
41.00000
38.68965
27.93246
18.71330
23.20022
23.09085
36.50000
38.50000
36.00000
24.48852
27.19477
27.32927
23.41340
35.91038
37.50000
20.57912
29.32955
27.96762
29.93697
27.92052
24.85067
32.03123
37.00000
26.59300
25.77251
26.54974
24.22579
28.85981
22.75961
23.34286
27.65261
34.23773
39.50000
32.56788
24.32463
35.12201
39.00000
29.87753
32.42770
25.24381
36.38070
25.49196
23.71049
27.71620
24.46426
24.09746
22.70875
34.92214
44.00000
22.98369
36.12017
36.00000
42.00000
33.08911
38.50000
22.25281
37.00000
35.50000
31.66842
46.00000
20.00000
24.55988
39.50000
26.28093
23.19887
26.13214
19.40844
24.14309
22.29770
33.55923
32.82614
28.00397
42.00000
45.50000
27.31643
41.00000
24.94438
27.15797
18.45772
40.00000
38.00000
20.49932
24.81305
38.50000
21.76006
36.00000
37.00000
33.00000
22.01272
25.43005
26.24669
30.00370
27.31300
23.34286
25.59080
21.66923
35.00000
34.50000
37.50000
26.71246
21.03568
37.00000
37.50000
39.00000
42.50000
34.02940
32.49957
27.47524
37.50000
42.50000
33.53605
27.94041
24.59675
24.41695
25.84999
27.45097
28.87136
28.66279
28.85981
37.00000
41.00000
36.00000
25.46021
22.82455
29.51083
28.85981
33.00000
33.00000
25.06367
27.02314
30.73543
18.42390
33.00000
27.31300
25.97862
21.66795
27.64457
25.48638
34.49960
33.08911
25.19700
19.45508
30.62679
28.52192
22.69361
34.29610
27.77589
30.50000
28.39014
22.40536
33.50000
28.57738
28.70540
29.69100
27.02314
27.96762
23.62202
27.72484
36.50000
29.95923
40.50000
40.50000
37.50000
33.15955
23.92044
30.47403
34.00000
33.62869
35.00000
21.33512
30.62679
25.11349
34.50000
24.99000
27.57263
28.59293
29.50000
21.93599
26.24246
28.50000
37.50000
38.50000
27.45097
38.50000
27.45337
34.92214
31.00000
30.53959
33.00000
29.06315
32.50000
32.09707
35.86394
13.29239
36.50000
25.46021
16.03901
27.18251
27.92052
22.64950
34.50000
28.75568
27.72484
27.82086
17.96911
32.09707
23.58495
40.00000
22.70875
28.54626
30.34615
35.44009
35.00000
33.50000
27.39018
21.89178
25.55753
40.00000
29.98646
21.82172
27.94041
40.00000
26.88659
23.63657
22.69361
31.50000
31.00000
30.53959
34.00000
36.50000
36.50000
36.50000
33.00000
27.18251
24.12986
33.00000
22.21611
23.75921
23.02716
26.24286
23.25269
20.91507
24.26245
21.81192
21.66795
22.59840
24.87343
31.25522
27.26720
25.36114
30.94439
22.12888
23.47738
42.50000
31.28365
36.50000
37.00000
32.00000
37.00000
27.57263
24.43742
33.72767
26.08959
14.77329
29.50000
34.23773
30.50000
29.79933
31.84337
24.76388
26.78723
26.24286
14.16642
28.66279
23.21398
23.80520
35.50000
40.50000
33.00000
26.31856
31.12341
32.00000
37.50000
28.57738
41.50000
23.50000
26.59992
34.96983
28.40579
22.50000
23.28089
36.17550
22.56657
22.41093
38.50000
39.50000
32.96800
31.20897
30.62679
35.17891
22.45489
32.56788
29.69100
24.74874
23.25224
36.00000
22.09575
37.00000
24.25258
24.40671
22.54378
24.23955
23.66901
24.85067
38.00000
38.00000
37.00000
37.50000
22.59425
22.29770
34.50000
22.78569
22.50000
21.85606
22.84048
26.08448
21.85606
42.00000
25.33155
26.10555
34.19877
28.11089
31.00896
26.02403
39.00000
25.31139
26.35693
24.32463
24.25258
25.75849
36.38070
25.31578
30.00370
28.39014
29.40899
32.49957
36.00000
28.85596
37.50000
26.83631
34.50000
30.62679
33.50000
26.59992
30.50000
22.99275
35.31131
26.41128
26.13214
29.69100
27.94041
33.50000
32.50000
24.20098
34.50000
37.00000
40.00000
40.50000
30.70650
22.14018
27.86076
20.58367
21.75287
23.11190
24.84452
25.71381
25.06472
23.93742
21.55806
30.50000
24.22163
22.76489
28.79670
31.28365
26.03243
33.71778
29.74335
32.60198
29.40899
31.67894
22.59425
28.33137
25.66450
30.21405
31.50000
32.14896
21.19811
33.90510
28.08321
37.50000
38.00000
28.28820
28.87136
22.64862
20.54264
24.70324
24.53951
27.94041
28.75568
25.57342
26.13427
33.08911
40.50000
32.96800
31.96873
23.22714
36.80580
36.50000
35.00000
23.46673
24.72965
37.50000
33.50000
36.00000
36.00000
36.00000
38.00000
38.00000
36.50000
37.00000
29.69100
35.50000
31.00000
22.85142
29.69100
28.11139
30.26916
29.40899
23.15647
31.50000
34.00000
23.08138
22.64705
26.28477
35.97530
32.03123
41.00000
24.33490
33.35666
33.08911
26.98495
26.59300
25.36840
33.29665
27.02314
27.26720
42.00000
33.00000
29.79933
31.00896
36.00000
28.19377
28.19377
31.00896
28.50000
31.50000
28.33137
24.93366
30.07029
22.98913
24.64117
27.47158
46.00000
42.50000
20.82517
23.98833
26.78723
38.00000
26.78723
23.50886
22.89590
32.96800
24.90356
28.26106
22.21171
43.50000
31.84686
15.24248
18.23458
31.56299
31.94787
31.75252
35.91038
23.33854
42.50000
25.38085
30.53959
28.25221
28.40579
36.44478
25.50858
23.65587
22.39838
29.00000
30.07029
32.82614
37.00000
37.50000
27.64457
31.50000
29.95923
27.53634
27.94041
37.50000
32.69047
32.14896
29.33712
25.24381
30.26916
26.72078
19.68502
23.95177
21.80023
15.59558
18.48423
32.56788
25.84999
22.80838
23.03801
25.19300
26.35693
26.05163
32.14896
28.94055
22.21171
27.53584
31.37940
38.50000
24.57005
28.00000
34.00000
29.06315
26.19160
28.94055
28.66279
28.80201
34.50000
27.28553
30.07029
29.97812
36.00000
35.50000
39.50000
16.62829
35.39303
32.22146
24.39034
25.48638
24.12986
20.33931
26.27737
29.69100
24.53569
25.89672
36.05859
37.18721
18.30191
20.37646
21.97015
26.54556
27.01029
29.48823
24.85067
29.60105
38.00000
38.50000
39.00000
36.44478
31.56299
43.00000
26.61179
29.22328
31.66842
37.50000
34.93804
36.85105
30.41792
25.77251
25.77251
27.06782
34.50000
21.59138
36.00000
32.00000
25.15287
32.22146
34.50000
23.76272
21.52179
25.07987
25.77251
23.45682
23.97684
24.71167
33.50000
30.81486
30.00000
33.00000
28.12275
28.54626
31.00000
28.28820
26.59992
28.28820
35.50000
28.08321
32.03123
40.35674
32.13513
28.12275
37.00000
36.50000
24.46937
21.24117
26.03243
23.47738
35.00000
40.50000
24.19711
24.63331
22.35369
23.79601
31.88521
25.77251
33.15955
35.00000
38.00000
32.50000
20.24846
26.55654
21.69424
26.79552
32.78211
30.73543
20.56794
23.95177
26.72078
27.94041
24.99375
27.25599
36.50000
31.32979
25.04371
33.90510
26.08959
26.38602
29.51083
34.50000
32.50000
32.00000
26.71246
32.50000
33.50000
25.85053
26.52711
27.50000
25.36114
33.00000
24.87343
22.69361
32.50000
24.85067
25.78113
31.50000
24.16609
23.58495
26.52711
21.59138
29.48823
35.05234
24.23840
23.56905
39.50000
24.58997
28.59293
32.22146
22.18107
23.92117
24.05203
26.35811
26.13214
36.00000
30.40102
29.22328
33.00000
26.61179
24.25258
29.22328
25.32291
33.00000
36.00000
35.50000
26.71246
28.50000
22.69361
27.35365
22.60619
25.01999
31.00000
34.00000
33.50000
34.00000
33.50000
25.27350
38.50000
21.54623
19.68643
23.06919
24.79695
27.06782
20.32732
26.13214
30.47403
28.28820
22.88134
21.24117
29.47315
25.61683
40.00000
24.68918
28.40579
36.50000
26.88659
24.11431
25.73300
24.74874
24.14022
28.66279
23.27015
28.44293
33.08911
34.29610
29.00862
37.06151
33.82635
31.57927
17.45709
19.66437
31.20897
41.00000
29.69100
28.33137
36.00000
36.50000
33.50953
38.00000
27.72484
32.50000
29.74335
35.50000
38.00000
36.00000
36.00000
34.50000
38.50000
20.51067
32.53716
35.00000
31.47839
35.00000
24.48346
42.00000
24.13892
40.50000
37.72120
23.14087
25.26856
24.26288
27.47120
31.94787
28.33284
26.87006
39.50000
9.78979
38.00000
40.50000
37.50000
40.50000
22.51419
25.46021
23.21398
22.07232
26.03843
30.89802
29.17000
39.00000
39.00000
34.49960
19.73575
20.49390
21.00446
29.85381
28.19377
22.82630
31.32979
31.47839
36.08324
43.00000
25.92778
31.50000
30.94439
33.03870
26.84937
36.00000
39.50000
38.50000
35.00000
38.50000
30.26916
31.00896
34.76588
37.50000
23.79601
32.50000
37.00000
39.00000
24.05722
35.50000
32.50000
25.77251
27.69815
32.00000
32.50000
26.41969
30.00000
23.33854
38.50000
32.50000
41.00000
37.49667
26.51205
34.00000
33.50000
25.89764
25.70019
23.17731
21.93741
21.64486
26.04270
24.72965
27.31300
29.08930
24.21260
25.49510
28.26106
26.41969
30.15884
24.61707
30.00370
37.00000
37.00000
37.00000
44.00000
32.49957
26.83631
37.50000
30.55414
37.50000
43.50000
40.50000
21.59259
23.76272
32.60198
17.55449
25.38700
33.50000
29.13188
27.45097
31.50000
31.41479
20.01388
39.85251
27.32927
26.84937
25.98557
23.19483
26.71246
36.50000
20.77498
26.41969
27.35365
24.85067
28.39894
33.72767
28.91691
18.09530
21.65064
31.09484
30.13673
29.00000
25.38153
27.18251
27.92052
26.59992
30.21405
32.50000
41.00000
35.50000
25.31578
22.10204
28.75568
30.94439
30.50000
31.50000
25.01999
30.81486
33.35666
32.35566
41.50000
40.50000
40.00000
38.00000
39.00000
33.08911
34.96983
39.00000
38.00000
42.50000
35.50587
44.50000
14.36431
18.62495
18.49324
24.89352
36.64545
28.85981
39.50000
28.85981
34.50000
32.00000
38.50000
34.00000
31.15552
26.51205
17.60227
16.77299
20.30394
23.71049
34.29610
20.69269
20.93293
42.00000
24.56624
36.55437
36.80580
25.95295
28.47221
28.66279
27.94973
34.23773
29.24466
24.68918
30.94439
24.66146
27.57263
27.35365
25.35128
23.71049
26.24669
36.50000
28.66279
32.50000
27.86076
23.66960
26.00961
28.75568
37.50000
35.00000
35.50000
23.43160
23.71049
26.50000
32.50000
29.74335
36.00000
29.01724
34.50000
32.41742
26.34862
35.50000
33.62869
35.00000
39.50000
38.50000
34.18577
26.78619
27.19477
24.23955
22.20923
22.42209
22.50972
24.21260
35.00000
36.50000
28.19377
38.50000
38.50000
35.00000
33.50000
30.50000
35.00000
28.81297
40.00000
38.00000
36.24914
26.32964
25.62226
33.50000
32.35566
36.00000
29.22328
39.00000
38.52560
41.50000
29.51083
29.80306
37.79183
30.62679
29.00958
23.20560
29.40899
26.41969
30.90128
23.24193
19.77271
25.14334
31.75252
32.00000
38.50000
27.53584
31.88521
30.91206
31.47839
31.00000
38.50000
41.50000
23.26714
28.94055
28.00397
29.87753
36.00000
35.00000
41.00000
39.50000
35.00000
29.60105
25.61683
28.11089
27.77689
24.99375
22.20923
24.49943
34.50000
30.07029
26.99537
17.52256
17.03489
23.81092
38.00000
37.50000
35.50000
33.03870
29.80306
34.00000
31.50000
13.14344
34.00000
18.18424
15.92343
14.49784
13.13012
38.50000
42.50000
20.62008
16.55295
24.81305
32.35566
29.48823
30.24346
27.85678
36.50000
41.00000
31.47839
31.50000
29.74335
35.50000
31.56299
36.50000
28.66279
33.90510
27.13393
25.48638
33.15955
31.03045
31.32979
25.67586
39.20317
12.37740
36.50000
23.25269
35.70559
27.42604
39.00000
37.50000
26.93859
41.00000
35.50000
23.19887
25.82419
20.72100
31.20897
32.00000
32.03123
21.10355
36.50000
32.50000
29.11507
23.63657
31.88521
31.20897
32.41742
33.50000
20.64364
18.56879
23.28626
26.80485
29.69100
37.50000
28.57738
21.98153
39.50000
19.68643
18.31284
19.53682
21.82315
19.98600
22.32011
23.17731
23.01652
27.53584
30.81486
23.97684
29.79933
20.99905
30.15884
23.08138
27.25599
23.15167
19.41649
27.82086
20.23748
12.27548
22.00505
35.00000
32.82614
23.80520
25.45953
31.37940
20.85399
40.50000
34.96983
11.69134
24.85067
34.00000
42.50000
26.54556
24.15574
31.47839
24.28077
26.50943
21.63844
29.31818
25.59080
18.70829
30.15884
23.69995
24.60056
29.50847
25.95295
33.24990
28.00397
34.29610
23.41415
41.00000
26.41969
24.46426
38.00000
30.34615
23.97684
27.72484
36.50000
31.00000
25.01999
24.24376
33.00000
29.13188
26.59992
27.35365
26.91963
32.14896
26.93047
35.50000
21.13197
37.50000
35.50000
35.50000
38.00000
41.50000
33.76718
31.66842
32.14896
37.79183
41.00000
33.00000
32.06590
24.91318
27.82086
30.34615
25.62226
25.78113
28.33137
29.50000
37.50000
32.03123
39.00000
41.00000
40.00000
42.50000
32.88701
39.50000
31.62629
32.49957
36.50000
24.44381
27.91393
25.46021
23.71049
22.80838
24.57005
23.92117
32.00000
27.82086
17.55677
27.86076
37.50000
32.41742
35.50000
45.50000
15.34601
31.47839
25.38085
19.91381
20.12461
24.68918
19.84156
21.85177
19.91702
27.47120
24.71167
27.08667
26.13214
29.97777
28.31176
27.96426
20.32732
20.82066
32.61901
28.38133
41.00000
30.34615
36.50000
44.00000
37.50000
23.95177
33.29665
21.71405
24.46426
14.25658
39.00000
32.35566
38.50000
40.50000
38.50000
20.54720
43.00000
40.00000
41.00000
28.53458
25.52559
40.50000
30.73905
38.00000
22.79254
38.50000
25.59080
23.04431
19.91702
22.35369
23.08679
21.70714
30.73543
38.00000
21.33512
23.08138
33.08911
32.38055
24.52550
34.09790
42.50000
41.50000
30.86890
37.53221
22.12888
16.88750
20.01250
24.45858
18.60753
20.99735
24.07670
32.49957
27.06782
24.39034
23.66901
28.24103
31.09484
37.00000
25.61683
32.50000
28.94055
35.23571
28.19377
28.39014
22.30595
27.56243
21.03568
24.81305
29.00000
27.86076
30.00000
23.04751
35.00000
29.87753
30.53959
35.00000
18.75527
23.08593
31.15552
30.34615
22.10581
29.00000
32.50000
36.50000
31.00000
35.50000
34.00000
31.50000
24.20098
29.97777
28.24103
23.97684
16.76305
24.26288
23.56905
23.44867
24.56737
22.34950
30.26916
33.50000
38.50000
37.00000
31.62629
30.47403
26.24246
26.42442
28.54626
34.00000
34.00000
32.00000
26.98148
28.39014
26.16295
24.57005
37.00000
31.50000
32.00000
33.50000
25.95549
29.13188
28.85981
26.98148
28.50000
27.00000
28.66279
31.50000
24.55380
22.93878
24.03513
36.50000
29.67638
24.32077
21.52580
20.31420
32.41742
29.80306
40.00000
24.58997
41.50000
29.32955
27.64457
19.22238
31.75252
33.50000
27.65261
16.02498
22.37558
37.50000
32.00000
30.28510
29.24466
23.29292
26.18205
29.69322
27.25599
25.15287
29.01724
23.69995
26.08107
41.00000
21.21320
21.29684
31.47839
44.00000
26.27737
29.69100
22.85826
30.34615
39.50000
39.50000
27.34387
37.50000
34.50000
33.00000
31.50000
26.91073
29.50000
25.27227
26.91963
34.42222
23.68940
24.04553
26.23928
26.59992
27.64457
28.00397
26.78723
29.63481
31.67894
30.81486
22.52221
23.42363
30.53959
26.13214
38.00000
28.19377
36.50000
20.13013
32.96800
29.40899
35.50000
23.59423
28.28820
30.09245
25.70344
35.17891
39.50000
33.00000
29.79933
31.50000
31.62629
35.50000
29.22328
29.87753
29.80306
29.32955
35.39303
26.04270
30.15884
32.96800
27.53584
23.89328
25.19700
25.36840
31.09484
28.57738
32.50000
34.00000
28.47221
26.31856
27.50000
23.17731
27.06782
28.76727
27.94041
29.51083
29.06315
30.07029
28.94055
30.15884
30.00000
35.50000
31.50000
26.44911
35.00000
24.84452
42.00000
22.59840
25.30261
26.71246
34.00000
29.04403
30.62679
27.13393
20.32701
22.98369
21.64625
30.00000
27.86076
31.47839
31.47839
30.34615
32.49957
33.00000
33.00000
30.81486
36.00000
36.00000
23.50886
24.62088
24.00463
23.82226
22.46525
28.12275
36.00000
33.50000
39.00000
26.04203
37.00000
34.50000
41.50000
15.20000
21.00446
25.59080
22.74313
26.08107
22.61084
20.83717
28.12917
31.20185
33.50000
27.35365
31.94787
28.94055
36.50000
39.00000
29.17000
38.50000
40.00000
30.50000
27.39018
34.00000
31.00000
33.50000
35.50000
36.50000
23.62599
25.92658
24.99375
36.00000
37.79183
27.82485
25.02998
29.80306
31.00896
29.87753
22.09638
20.48023
19.40289
34.50000
30.00000
26.78723
33.50000
35.50000
31.88521
27.75225
28.66279
35.50000
35.00000
36.00000
34.00000
39.00000
15.70629
25.39764
30.00000
35.00000
29.79933
27.39018
22.74863
27.50000
28.87136
29.87753
36.50000
36.00000
28.66279
31.37232
27.72484
31.09484
31.94787
26.04270
27.42604
30.15884
40.50000
33.00000
26.59300
27.64457
34.29610
31.37232
37.00000
34.65384
25.03498
25.93742
31.20185
38.50000
33.00000
25.66450
21.11871
33.43651
19.30181
33.82635
27.10627
29.26175
34.50000
33.08911
28.19377
27.17842
26.65521
33.50000
35.91038
34.92214
32.50000
30.50000
28.28820
26.13214
27.64457
28.66279
25.03775
26.31856
29.50000
25.92296
23.98307
28.54626
26.84937
25.67465
39.50000
31.28365
40.50000
26.27737
21.92459
36.50000
27.65261
21.33917
34.00000
28.50000
24.79415
30.50000
31.15552
26.34862
32.14896
40.00000
38.50000
33.55923
31.20185
32.88701
26.38602
29.87753
39.50000
23.41340
30.00000
33.00000
33.00000
29.00000
33.50000
35.50000
31.41479
28.75568
36.50000
35.50000
28.47221
30.47403
34.00000
29.50000
24.16113
37.00000
26.59992
26.24669
27.25599
32.00000
28.19377
32.56788
36.50000
31.15552
35.00000
25.82029
34.00000
37.00000
33.00000
32.22146
29.53341
29.13188
30.50000
35.00000
33.00000
31.67894
33.35666
35.50000
35.00000
32.50000
35.00000
33.50000
30.00000
29.79933
34.00000
36.50000
27.17842
32.00000
33.50000
29.63481
29.00958
37.00000
32.50000
29.60105
34.00000
28.76727
32.00000
35.50000
26.13214
36.50000
29.95923
35.00000
26.13214
31.20897
38.50000
39.50000
37.00000
37.50000
32.00000
28.57738
37.00000
40.50000
28.97413
29.33712
34.00000
29.79933
26.08107
32.50000
25.36114
40.50000
37.50000
37.00000
26.76752
33.62869
37.50000
30.73543
22.16980
32.50000
26.59992
22.08365
21.21910
25.38153
29.69100
25.70344
30.40102
38.00000
28.87136
35.00000
36.50000
31.50000
25.97475
35.00000
21.26594
22.34390
28.40579
29.93697
23.15707
20.80769
36.52701
25.77251
30.70650
21.93741
29.08930
