14.56880
40.87651
28.08321
14.30690
25.72072
21.16979
36.24914
19.90603
27.27636
45.50000
43.00000
11.30880
13.45878
21.17168
13.45590
43.50000
20.93293
30.62679
30.09983
41.50000
29.63481
28.85596
42.00000
43.50000
31.32979
31.67894
25.32291
17.08801
12.27029
36.38070
22.32011
32.78211
21.27792
28.59293
34.56716
22.50000
36.00000
30.62679
17.46539
30.09983
29.53341
38.50000
14.44530
23.31309
33.00000
27.82086
24.20098
32.78211
35.50000
31.00896
36.50000
19.97968
39.00000
27.32927
28.00397
21.68525
17.28439
28.94055
29.95923
19.68146
25.48638
22.81447
26.41969
34.92214
23.77499
25.19300
32.50000
30.09983
30.34615
43.00000
25.38700
23.71049
24.28077
21.57979
22.50555
21.17044
19.06410
19.91381
17.00735
25.24986
28.07530
39.50000
35.70559
25.62591
32.22146
24.81305
41.00000
35.39303
38.50000
28.28820
32.82614
29.29590
28.07530
22.85142
26.78723
26.88246
22.89651
24.99000
35.50000
28.43413
28.94055
26.43270
30.18094
31.50000
18.64403
22.64705
35.00000
34.50000
28.75568
32.50000
28.39014
35.00000
24.27015
23.45208
22.74863
21.34854
24.99778
27.53584
27.38955
24.42335
15.95306
42.50000
41.00000
32.88701
20.26697
29.80306
33.50000
37.00000
24.27318
27.45097
24.72965
34.00000
21.10687
23.69995
25.61250
22.65364
20.96282
30.81486
22.85142
23.75921
24.56624
23.34925
20.22838
31.50000
32.50000
19.76582
23.50886
33.29665
25.84999
24.63230
23.99349
25.67465
34.00000
26.88659
30.00370
31.20185
26.18205
24.22579
19.82896
23.63657
29.00000
32.50000
22.07232
22.94967
28.59293
32.50000
26.53653
24.82312
27.35365
29.93697
32.31443
28.56960
26.38655
26.83631
32.13513
26.65521
17.40575
39.00000
20.21757
38.00000
26.28054
30.81486
28.08321
25.71357
32.13513
23.04886
32.03123
33.06895
16.63393
26.41128
18.64403
39.50000
19.80372
27.46816
31.09484
29.47351
31.09484
27.92052
25.85053
30.34615
34.76588
25.20417
30.23243
21.12315
20.94636
28.50000
27.21557
30.10814
27.06782
40.00000
25.30261
35.91038
32.40370
27.94041
28.31176
33.50000
34.42222
20.52438
19.72784
35.23571
27.65261
25.60273
22.05992
28.57738
26.21545
33.00000
33.08911
31.67894
40.00000
31.67894
26.38602
32.14896
26.65521
33.15955
28.24103
26.51205
30.50000
24.08780
15.80875
22.34390
20.30763
24.61072
27.53584
24.39034
21.23414
31.47839
43.00000
39.00000
32.41742
12.84523
39.50000
21.15420
23.83779
31.75252
21.29684
29.04403
23.17865
33.90510
28.75568
40.00000
25.59080
24.68918
22.18530
25.50817
23.55313
23.28492
23.41415
24.20098
25.38085
32.09707
22.70875
41.00000
37.50000
30.24346
34.49960
38.47366
20.94487
44.50000
25.95295
40.00000
23.59423
21.91397
25.50817
23.04103
31.28365
21.78440
21.54501
18.45427
19.83331
20.42517
17.85497
18.35453
29.23611
29.87055
23.79542
26.84937
23.39204
29.22328
35.00000
36.50000
25.27350
34.00000
12.97074
26.71246
38.50000
28.07468
19.00105
20.24451
41.00000
44.50000
35.86394
16.57977
33.35666
29.08930
31.00000
39.50000
41.50000
36.50000
21.98153
30.44485
22.56657
24.08780
28.47221
31.20185
39.00000
23.58495
35.50000
31.20897
25.51838
33.29665
31.20897
32.82614
29.87753
41.50000
29.06315
21.71405
23.86813
28.79670
24.93366
31.41479
38.00000
32.50000
17.43101
35.50000
23.70991
31.32979
38.00000
37.50000
27.72484
32.03123
32.13513
31.56299
40.00000
39.00000
34.76588
37.50000
36.50000
37.50000
33.50000
32.50000
35.00000
26.78969
18.04882
28.59293
32.35566
32.69047
37.50000
30.47403
30.34615
29.50000
25.15287
30.50000
34.00000
35.50000
28.19377
31.37232
39.00000
30.43025
35.00000
24.23955
33.50953
24.68299
36.50000
32.50000
37.00000
29.40899
21.60295
21.24853
15.02797
26.59992
18.83315
30.68478
28.66279
23.18103
19.30026
34.02940
24.68918
26.33439
45.00000
26.93859
37.00000
22.88422
33.00000
26.86424
32.56788
22.10204
27.86076
35.50000
27.35365
24.44495
29.48823
31.00896
30.91206
37.00000
35.64953
29.33712
32.49957
29.13188
35.44009
39.00000
24.87343
29.06315
24.81305
26.24669
31.00000
32.00000
27.50000
27.65261
40.50000
31.94787
35.00000
33.35666
33.62869
26.79552
29.21044
23.66828
22.90606
34.00000
27.84219
34.76588
45.00000
28.24103
24.79415
25.66450
18.70829
27.90497
29.00000
21.07576
27.65411
22.50555
27.02314
33.55923
31.84337
30.73543
23.62599
18.29754
39.00000
29.04403
24.87343
29.62263
29.60105
27.14199
34.49960
25.15287
27.53584
21.47528
21.00095
23.22041
40.00000
22.55364
24.39034
23.87860
25.62226
20.94636
32.78211
22.67510
27.47524
28.70540
39.50000
17.41953
24.99778
26.54974
25.77251
26.08040
24.83277
25.38153
26.71246
28.19377
22.65364
27.77689
22.43184
25.24986
24.12468
28.54626
24.05549
25.36237
25.48638
26.10555
18.75100
26.69582
19.70381
31.00000
22.22071
16.28906
23.37734
24.26245
17.72005
19.54962
28.39405
21.86893
28.40579
39.50000
34.96983
25.20293
25.61683
24.35544
43.00000
42.00000
28.31176
38.66379
35.17891
22.41093
28.28820
23.36664
28.18244
32.50000
21.21762
26.78723
30.43025
31.00896
22.14018
28.12275
31.00000
26.42442
30.68478
25.49510
31.67894
29.79933
32.50000
26.43388
23.15572
27.21557
30.07029
31.50000
26.61244
23.15167
25.10423
22.15762
23.93742
24.68918
22.55364
23.71181
28.47221
22.91288
19.83532
34.50000
36.50000
37.50000
35.00000
27.86076
30.00000
29.58040
27.77689
42.50000
39.00000
27.25599
29.40899
26.58007
21.54501
29.13188
27.15120
39.00000
36.00000
37.50000
26.78723
24.95371
29.23848
27.65261
19.70336
31.75252
21.22940
33.00000
25.00000
19.53202
30.34615
21.65179
29.32955
30.53959
30.21405
25.95549
33.50000
28.19377
26.04270
30.00000
24.20098
24.63230
30.50000
27.45097
34.00000
30.07029
37.00000
32.00000
38.00000
38.50000
32.35566
35.00000
26.31856
26.72078
37.00000
22.92788
26.71142
26.41969
27.41350
34.37376
30.86530
28.59293
24.08838
36.50000
26.54556
23.61261
30.43025
34.00000
34.00000
34.02940
31.50000
23.20560
31.09484
34.50000
37.50000
31.47839
35.50000
36.50000
29.60105
36.00000
29.13188
45.50000
38.50000
40.50000
30.26916
33.50000
35.50000
34.50000
26.53653
38.50000
39.50000
34.00000
28.20793
28.51315
30.62679
32.50000
30.44485
24.14022
29.13188
15.86190
23.15647
22.12465
25.97475
28.15582
29.04403
26.78723
22.43184
23.15167
25.42022
32.61901
31.67894
37.50000
33.50000
27.00000
23.50931
26.83631
26.19160
23.15707
31.00896
30.44485
29.27266
29.79933
22.75961
37.50000
23.09882
37.50000
37.50000
41.00000
25.84999
38.00000
34.00000
32.61901
33.50000
32.50000
32.00000
26.54974
35.50000
32.50000
29.74335
34.66987
30.94439
30.53959
32.06590
31.47839
30.26916
30.00000
28.39014
38.50000
24.47958
22.69116
37.00000
29.06315
38.50000
26.83631
25.17315
25.55753
25.86020
29.32955
25.36840
25.84932
29.38005
26.23399
22.77471
24.33490
46.00000
22.29770
40.00000
33.25658
32.22146
28.00397
29.50000
24.84452
26.51205
21.46363
20.58367
28.12275
24.62088
25.84999
36.50000
36.50000
31.67894
27.07859
27.22132
25.11349
25.24986
23.37065
21.45344
26.28054
26.04270
27.17842
23.52361
23.28492
21.79880
25.32291
26.24669
28.87136
25.38153
28.00000
32.35566
29.40899
30.62679
32.49957
26.96757
37.50000
40.50000
34.23773
42.00000
28.85596
39.00000
22.41093
30.40102
34.50000
21.52324
22.46419
38.19249
23.79542
27.98015
28.28820
25.88919
31.09484
32.14896
28.66279
24.25329
25.06990
28.39014
21.99558
20.84466
35.70559
32.61901
46.00000
33.98039
23.79075
33.00000
32.22146
28.00397
26.71246
33.08911
30.90128
30.15884
33.03870
36.50000
43.50000
29.10136
32.13513
27.71732
25.11349
20.36388
22.85142
30.36857
27.35365
29.32955
37.00000
23.09085
12.99038
31.00896
27.65261
31.00000
35.50000
27.06782
25.48638
17.38534
20.87313
36.00000
22.76373
33.62869
29.53341
39.00000
35.50000
38.00000
32.35566
26.50943
31.00896
36.50000
30.24380
35.00000
28.12917
34.18577
27.35365
24.56624
24.47958
32.03123
27.55903
29.33712
30.09245
39.50000
40.00000
39.50000
33.35666
26.13214
32.49957
25.31798
25.83710
27.64507
22.94559
22.69116
23.56905
37.50000
28.66279
34.00000
19.63893
18.99342
44.50000
27.18251
22.19657
22.36565
21.29225
21.48384
27.88369
38.50000
24.28348
22.06099
29.50000
22.41071
22.48911
27.41350
21.22891
34.00000
21.31249
16.84518
9.35860
21.64625
32.41742
17.23046
31.16979
39.00000
39.00000
19.29352
31.32890
38.00000
25.84999
31.15552
27.82086
36.17550
28.94055
25.49510
23.95177
31.84337
40.00000
39.00000
37.50000
39.00000
38.50000
35.50000
39.50000
33.35666
40.00000
31.20897
33.08911
26.27737
40.50000
45.00000
22.99321
34.09790
24.77902
24.08780
38.50000
26.05163
27.47120
25.81666
29.72688
39.46588
36.17550
44.50000
29.80306
31.79448
23.97264
41.00000
37.53221
41.00000
43.00000
38.50000
30.94439
31.94787
35.23571
29.40899
16.90578
17.85746
32.88701
15.85686
17.38534
32.49957
33.62869
27.47158
34.70831
34.96983
22.53531
40.00000
44.00000
26.05163
28.08321
28.70540
45.00000
21.74601
28.70927
25.48038
40.50000
26.55654
25.16943
22.06099
31.37940
42.00000
39.00000
37.50000
25.62226
31.70568
28.39405
27.17536
19.70178
20.60679
21.96019
30.26916
26.41969
25.61683
29.87753
31.00896
20.48628
20.99256
22.02272
30.26916
22.08365
27.35365
24.68918
26.54556
24.26245
28.33137
26.23399
26.29045
25.95549
33.00000
33.55923
30.50000
25.95295
34.50000
29.97777
27.47524
28.47221
35.50000
30.47403
32.50000
33.50000
27.58170
31.41479
28.12275
24.44381
30.50000
25.77251
25.78113
26.40549
35.50000
30.62679
27.01029
27.94041
23.90607
24.57005
30.62679
26.24669
17.56891
37.50000
33.50000
31.56299
32.69047
35.50000
26.95366
32.78211
32.78211
36.00000
34.29610
31.47839
33.03870
38.50000
43.00000
38.00000
29.22328
20.40152
37.00000
35.00000
39.50000
22.23033
30.68478
25.78113
27.72484
30.73905
26.87006
27.19477
22.06241
13.94633
28.11089
29.69100
23.71181
36.80580
39.00000
19.72942
23.01207
29.60105
36.50000
30.15884
28.01227
26.12829
28.47257
34.50000
33.00000
30.26916
30.43025
24.51913
25.19300
37.50000
35.50000
21.24117
26.88659
38.50000
32.50000
33.55923
34.50000
31.50000
29.13188
28.07579
20.83843
24.62214
26.41128
34.50000
29.87753
33.98039
32.50000
26.14742
32.25937
34.50000
27.07744
30.15884
36.00000
32.22146
25.82029
23.66960
30.47403
20.30394
25.10423
24.85067
25.31578
26.78723
27.10512
29.33712
35.50000
28.66279
27.60435
37.00000
36.00000
31.67894
37.00000
23.97165
32.69047
25.11573
33.55923
23.60614
37.96782
27.90161
25.30929
25.58686
24.80297
25.99399
23.30638
34.00000
28.19377
30.50000
25.33155
37.00000
28.40579
29.13188
34.00000
25.24381
27.47120
36.50000
24.75379
31.09484
31.20897
21.93741
39.50000
22.07232
28.89204
31.10768
36.50000
24.44381
38.00000
29.81051
23.34286
29.97777
32.61901
37.50000
38.50000
29.40899
37.00000
37.00000
35.50000
29.06315
27.82535
32.10746
35.17891
22.69361
25.24381
22.66054
23.11190
24.03513
25.79244
32.50000
26.89796
22.62051
40.50000
28.39014
33.50000
29.20188
39.00000
23.84324
31.09484
40.00000
23.68016
38.50000
39.00000
40.00000
38.00000
23.76272
38.00000
29.32955
32.03123
28.70540
25.92296
33.50000
34.70831
33.53605
21.21320
31.03045
31.75252
23.48404
25.39029
23.44142
27.64507
26.74883
33.35666
37.00000
40.00000
38.50000
36.12017
39.00000
41.50000
43.00000
33.55923
24.46937
31.37940
20.75958
19.84156
29.50000
25.79244
24.28992
29.17000
19.33908
21.66795
32.50000
30.00000
30.47403
25.51838
22.88422
34.84250
31.50000
34.76588
30.47403
27.35365
29.22328
23.71049
24.34475
31.15552
35.00000
24.79695
24.99778
28.70540
22.55364
21.96019
42.00000
36.00000
31.67894
35.50000
28.47221
32.96800
26.62236
19.30803
20.68061
20.36075
23.17240
28.38732
21.60247
12.89202
19.80909
29.17000
23.32857
20.43282
19.07059
33.71778
43.00000
20.08731
23.62599
25.73300
11.40877
21.31314
24.58997
25.95295
21.58147
25.31578
39.38133
22.59734
30.50000
34.00000
32.14896
28.85981
21.45344
21.18175
24.99778
30.50717
31.67894
29.74335
26.95830
26.13214
31.66842
34.00000
30.07029
29.87753
29.04403
40.50000
40.00000
39.50000
42.00000
43.00000
34.29610
24.25329
36.50000
38.50000
40.50000
31.15552
37.00000
42.50000
40.00000
43.00000
25.62984
41.50000
39.00000
35.64953
32.31443
30.44485
38.00000
22.61084
43.00000
41.50000
37.50000
43.00000
37.49667
32.50000
20.20891
35.00000
42.50000
22.14159
22.99275
19.84453
24.12468
26.83696
28.50000
21.75684
30.15884
20.49932
22.42518
18.33712
27.35365
37.00000
30.00000
27.30728
24.26288
21.85304
38.50000
32.00000
34.00000
26.04270
37.50000
29.00958
24.56115
32.00000
26.13427
26.51205
29.00862
33.82635
29.60105
28.66279
28.66279
26.41969
25.77251
25.86020
28.39014
21.82252
32.50000
29.06315
26.31856
32.50000
33.82635
30.94439
36.50000
28.66279
27.17536
21.49855
22.27527
30.34615
29.60105
30.53959
28.81297
34.50000
37.00000
41.00000
40.00000
37.50000
37.74770
30.07029
29.00958
29.38005
41.00000
30.81486
16.17676
30.21405
28.11139
13.30564
22.80838
19.97999
33.98039
20.35927
21.10687
19.18821
36.50000
19.35200
26.04803
32.22146
32.09751
34.09790
21.35936
19.82927
8.47113
30.70650
31.67894
43.00000
28.85596
25.62984
35.00000
36.00000
25.15287
31.20897
31.50000
22.29910
27.52373
28.75568
25.84999
31.88521
38.00000
28.28759
22.96056
32.50000
42.50000
39.00000
31.50000
33.47968
29.79933
40.00000
40.00000
33.00000
24.68918
38.50000
42.50000
37.50000
37.00000
34.00000
35.50000
22.29770
24.74874
25.10478
40.50000
41.00000
40.07770
21.55551
12.93986
24.46426
18.59677
35.50000
37.00000
43.00000
42.00000
35.23571
23.52361
39.00000
38.50000
23.33809
34.00000
26.12829
19.31806
27.94041
33.55923
24.00500
33.82635
40.00000
18.62686
20.71835
27.14199
32.03123
30.41689
36.50000
35.91038
32.88701
19.16377
24.99375
30.07029
25.79244
27.17842
40.50000
23.59025
31.18760
32.09707
33.65511
19.01808
38.00000
27.47120
27.78889
27.98015
29.63106
31.49603
27.07744
29.69322
30.91206
26.10077
23.51064
30.91206
28.50767
25.85053
28.39014
29.97777
27.94041
29.50000
30.00000
26.04270
29.40899
25.91693
23.60614
33.50000
33.00000
26.54974
36.50000
29.48823
38.50000
39.50000
25.02998
23.95177
30.53959
29.53341
30.00000
21.93599
29.40899
36.50000
20.78912
27.77689
12.49960
21.68525
25.34142
31.20185
33.06895
30.26916
26.91138
20.44113
24.76262
25.52817
18.51054
21.89749
23.41340
23.17086
28.22676
28.39405
37.50000
28.28820
32.03123
23.42008
20.74030
21.15089
32.22146
22.12465
18.98025
26.51205
31.00896
19.44865
30.91206
25.75849
23.41340
42.00000
26.31856
32.50000
19.56119
16.99882
25.32291
30.98790
23.02580
29.04403
26.80485
37.00000
29.06315
30.65217
38.00000
30.53959
26.04270
25.05369
20.33716
23.16652
27.28553
18.94624
37.50000
34.50000
41.00000
36.17550
29.03769
28.18244
29.92073
37.49667
32.88701
25.82029
19.31839
13.65548
33.35666
31.02015
40.50000
32.82614
28.22565
33.08911
24.34646
24.55380
26.28093
29.60105
27.77689
30.91206
45.00000
21.64486
22.75961
30.53959
19.56400
19.00658
36.00000
20.26820
20.60679
36.00000
39.50000
27.64457
25.50858
31.75252
26.29045
20.17325
32.00000
31.00000
22.01272
28.59293
23.26478
28.40579
27.39868
26.13214
29.60105
29.18904
23.37065
38.05552
23.28492
23.95177
36.85105
37.50000
16.93517
30.50000
22.99275
36.00000
33.00000
37.00000
22.98913
30.26916
30.73543
33.98039
27.25599
28.59293
29.33712
26.59992
29.01724
22.37558
27.35365
26.09598
27.79726
28.59293
29.07211
34.00000
33.35666
28.47221
27.53584
27.39018
23.28492
32.96800
13.93413
24.55988
25.38085
25.42022
39.00000
33.90510
23.55180
24.40671
21.33659
25.77251
21.89612
31.15552
30.50000
22.79666
28.19377
30.53959
30.47403
30.07029
41.00000
27.17842
39.00000
27.02314
38.50000
37.50000
38.00000
39.00000
37.50000
34.23773
36.50000
27.35365
38.50000
36.00000
36.00000
25.19700
26.94851
29.53341
30.12474
34.49960
29.80306
37.50000
29.00000
35.00000
34.00000
35.50000
27.27063
27.92052
34.00000
34.00000
23.97264
32.00000
36.50000
29.87753
35.50000
33.00000
31.20897
24.68299
30.50000
32.00000
29.13188
34.00000
24.44495
34.50000
31.50000
30.73905
23.04886
33.00000
35.00000
39.50000
40.50000
41.00000
36.50000
32.49957
43.00000
33.15955
35.50000
37.50000
39.50000
33.50953
41.00000
34.23773
39.50000
32.49957
35.50000
35.00000
25.01999
29.32955
32.50000
34.00000
35.50000
28.85981
27.06782
31.00000
26.04803
29.00000
29.00000
27.79726
24.51913
29.50000
30.00000
27.60435
21.43012
21.79880
23.98958
20.47407
29.80306
31.67894
25.97475
27.08667
29.60105
32.69047
34.02940
36.00000
37.00000
36.00000
20.31420
28.94055
36.50000
37.50000
31.88521
30.62679
28.07530
34.50000
30.50000
27.72484
27.06782
40.00000
27.72484
33.50000
43.50000
26.31856
26.38602
30.15884
26.78723
23.63657
26.31856
26.73741
28.75568
31.37940
31.59465
31.67894
33.43651
30.73543
24.23324
27.53584
25.27350
26.96757
32.31443
33.82635
30.53959
36.00000
36.50000
28.11089
22.79254
26.69582
26.54974
16.33891
28.47221
27.21557
40.50000
31.56299
41.00000
33.72767
38.00000
35.50000
31.49603
20.40221
30.50000
34.02940
30.18094
39.50000
40.00000
42.50000
32.61901
29.60105
26.54974
41.00000
22.48456
19.95464
37.50000
31.56299
28.00397
26.69582
33.00000
36.00000
39.00000
25.84999
29.50000
24.36300
27.82086
26.05163
25.39070
23.97165
26.38602
27.17881
31.32979
33.50000
34.50000
26.73741
29.04403
23.15167
36.50000
32.50000
33.50000
42.50000
25.92658
27.35365
31.00896
36.38070
34.00000
32.25937
32.00000
26.71246
28.76727
33.50000
24.70324
25.22276
34.00000
28.57774
31.75252
34.29610
38.50000
30.49898
25.49877
33.50000
31.47839
30.47403
36.50000
41.00000
40.50000
36.85105
35.50000
39.00000
33.47968
32.42770
38.00000
32.61901
38.00000
29.81191
31.00896
39.50000
24.75379
38.00000
37.50000
29.33712
41.00000
28.89961
29.60105
24.25329
31.50000
28.66279
32.14896
31.28365
37.00000
39.50000
32.35566
38.50000
39.00000
23.79601
24.99375
28.52192
20.13841
24.70324
25.73300
22.96193
26.22022
29.32955
24.76388
40.00000
19.95551
38.00000
30.62679
26.54556
31.16979
29.63106
26.73741
39.50000
26.51205
27.45337
32.41742
18.11997
21.60295
31.00896
25.56365
17.21837
28.71846
26.72078
19.13531
28.59293
28.97413
28.26106
23.19887
32.09707
24.38579
14.71394
16.57307
32.50000
27.68009
28.26106
32.03123
23.38033
28.94055
40.00000
36.00000
30.90128
30.81486
27.26720
30.21405
29.13188
36.50000
40.50000
18.91454
20.97046
30.40102
31.63332
37.50000
42.50000
32.03123
26.71142
27.88369
28.36701
39.67367
33.24990
37.32143
26.94851
32.22146
22.68920
25.19300
25.88919
33.08911
23.06919
33.50000
34.66987
44.00000
31.20185
25.08984
24.94438
20.34109
23.76315
30.50000
29.51083
28.00397
25.19300
21.09407
23.74210
34.50000
27.01029
25.95295
24.06242
24.22579
28.59293
31.50000
29.27266
26.59992
30.00000
