13.51619
16.92631
47.50000
44.50000
42.00000
28.12917
20.08731
46.00000
33.35999
42.00000
21.27792
36.64545
41.50000
26.79552
31.75252
34.00000
37.50000
29.93697
44.00000
22.84732
33.98039
16.19413
29.13188
33.50000
22.89629
29.97777
33.50000
18.06066
27.64457
38.94440
29.02872
34.49960
28.47257
27.41350
35.50000
42.00000
19.01999
30.00370
28.85981
21.92411
21.27596
23.73815
20.88660
19.60070
23.66901
34.47060
12.98798
23.53720
21.76006
38.47366
35.91038
24.99778
33.00000
29.79933
24.80297
34.19877
27.51818
26.40549
35.50000
23.93742
36.50000
25.17053
22.11425
28.19377
23.45608
22.29100
20.74849
28.57738
27.17842
25.01999
30.00000
34.50000
35.50000
29.70971
22.19009
29.87753
35.00000
36.50000
35.50000
24.32463
40.50000
33.50000
31.09484
31.67894
25.23391
35.03649
38.50000
39.00000
28.24103
32.31443
23.59423
24.72965
25.84999
24.10783
40.00000
32.88701
27.47524
28.40579
28.00397
27.94041
28.14694
32.96800
25.46021
22.02839
38.00000
33.08911
20.44505
32.56788
23.33809
19.00000
27.94041
27.25599
19.50795
13.87660
26.54556
24.84326
30.81486
26.54974
19.17029
26.85493
30.73543
27.01029
28.43707
23.34286
20.74030
24.12986
25.30261
35.00000
21.82888
23.90084
33.00000
34.92214
35.00000
38.00000
39.00000
32.60198
32.88701
29.53341
24.23324
28.44293
28.85981
26.59992
31.00000
27.18251
25.38153
27.08667
25.75243
28.00397
39.00000
25.82419
33.29665
29.87753
33.55923
20.08582
28.70540
32.14896
33.50953
34.23773
35.50000
30.53959
37.50000
23.84717
32.78550
27.47524
37.00000
27.64457
30.73905
31.94787
36.00000
39.00000
25.03775
21.64486
27.19477
30.91206
32.50000
29.63481
30.13673
23.69716
22.14159
29.13188
29.04403
26.71246
20.06390
25.70344
26.41969
28.87136
34.50000
27.28553
38.00000
28.39344
25.61616
23.97684
38.50000
25.98557
29.79933
23.47102
24.38579
26.24881
24.58997
14.34592
18.24938
22.55410
28.19377
20.36388
36.71815
28.19377
26.61179
40.50000
19.36205
23.47102
34.00000
33.08911
24.85067
33.55923
31.09484
24.08780
39.00000
23.62202
37.50000
22.07232
22.01562
31.57927
18.05104
26.13214
19.04600
23.47738
23.79542
34.00000
29.32955
23.61261
21.29994
33.00000
21.49855
24.58997
28.00397
35.61211
31.17190
34.50000
32.35566
28.75568
37.00000
35.36477
35.44009
29.69100
39.50000
39.50000
40.00000
32.50000
31.37940
30.13673
23.98833
25.30316
38.00000
36.24914
36.59083
30.89802
30.76524
34.70831
16.66000
33.50000
21.71837
32.00000
32.00000
38.00000
25.84999
31.28365
31.94787
28.70927
21.32340
18.70401
26.78723
29.13188
23.89561
26.44215
23.89561
26.88659
29.32955
35.00000
33.50000
32.69047
32.72444
34.00000
37.00000
35.50000
27.72484
32.50000
32.03123
32.00000
27.45097
27.72484
30.34615
31.56299
35.00000
23.89561
36.00000
39.00000
38.00000
35.00000
26.31856
25.74393
22.12465
35.00000
29.53341
32.00000
37.50000
27.17842
25.19700
23.28492
22.64950
21.26617
24.72965
25.10423
24.01432
32.00000
26.59992
21.70714
23.66960
37.00000
25.77251
31.37940
24.60056
27.32215
22.91288
39.50000
36.50000
33.50000
33.50000
35.00000
34.00000
36.00000
35.00000
33.15955
38.00000
26.71142
38.50000
32.82614
39.00000
37.00000
28.69233
26.04203
32.00000
30.50000
36.00000
25.15287
25.01999
23.17731
24.14022
39.00000
32.50000
32.49957
25.50858
29.22328
25.89764
28.24103
39.00000
18.45427
10.71862
21.00095
28.69233
27.69928
26.16295
27.26720
43.50000
37.00000
30.28510
29.51083
20.30172
31.50000
36.50000
28.00397
27.60888
29.60105
30.34615
34.96983
36.50000
27.25599
26.88659
24.05549
24.84452
21.43012
21.46363
25.66491
25.08984
32.61901
28.94055
33.43651
29.40899
31.00896
29.53341
38.00000
33.50000
38.50000
34.50000
33.50000
29.06315
33.50000
25.31578
29.50000
29.79933
26.38602
24.12468
31.20897
17.74824
20.37253
16.90825
25.78113
27.82086
28.21679
24.15574
23.89328
31.20897
26.54974
40.00000
38.50000
14.67515
25.86020
40.00000
37.00000
37.00000
43.00000
35.00000
27.64457
30.50000
32.50000
32.50000
26.91963
23.74210
22.92788
21.67227
27.01029
37.50000
23.22714
23.63260
25.18308
24.99778
22.57334
25.46021
38.50000
28.66279
39.00000
38.00000
29.97777
39.00000
31.20897
30.62679
26.22022
31.09484
28.94055
39.00000
39.50000
39.50000
25.54408
37.00000
31.09484
29.06315
37.50000
40.50000
36.50000
40.00000
40.00000
27.25599
24.91318
25.34142
25.24986
22.29910
34.00000
35.00000
24.99000
26.38602
27.25599
25.84999
26.71246
25.02998
23.28089
24.55988
23.45208
28.12275
22.30471
33.72767
38.00000
34.29559
28.89961
35.23571
30.86530
22.57078
26.28093
22.99275
21.12315
21.26594
10.59434
27.48181
18.44560
30.56505
34.70831
29.00862
39.00000
41.00000
23.68016
20.37768
40.50000
23.97684
10.57166
11.62067
26.29045
21.29994
31.50000
24.91318
35.50000
26.88246
28.59293
24.41695
26.59992
24.91318
30.00370
30.34615
31.28365
31.50000
22.52082
24.36300
33.98039
22.00568
24.25329
26.99537
22.90742
26.13214
28.11089
29.27266
27.72484
21.01190
26.31856
25.48638
36.00000
27.77689
40.00000
23.46673
20.60340
18.06239
21.57545
31.09484
30.07029
29.93697
27.82086
24.33490
22.29770
20.91507
28.19377
29.27266
23.89561
25.57342
22.94967
26.69582
27.93246
27.01029
26.24669
25.78113
25.82419
22.42518
26.23399
26.54556
32.69047
27.53584
31.20897
22.70875
21.82172
24.85067
28.85981
28.07530
26.24286
28.39014
34.00000
36.50000
32.56788
36.00000
40.50000
29.50000
35.00000
35.00000
33.50000
36.00000
29.00000
35.00000
34.00000
31.00000
22.90742
30.90128
37.00000
34.00000
34.50000
34.00000
32.50000
31.94787
27.01029
37.50000
34.02940
33.50000
19.86957
26.78723
27.82086
25.11349
24.14309
24.26245
23.80126
23.33988
35.00000
30.53959
36.50000
36.33486
40.00000
36.50000
27.48977
40.00000
29.22328
17.51190
30.44485
26.14742
31.09484
24.01432
25.70384
28.39344
24.79695
19.37782
22.72114
25.06990
20.99143
34.65384
23.98958
18.67262
24.14022
33.15955
27.06782
25.03775
23.93220
33.95095
40.50000
25.39029
28.94055
25.54408
25.29204
28.94055
41.00000
22.90502
27.35365
28.12275
29.04403
30.00000
26.80485
16.74730
21.45279
26.88659
21.85606
21.37849
24.51913
20.24451
31.28365
30.81486
24.38579
32.50000
30.07029
34.00000
41.00000
32.61901
33.53605
33.62869
35.50000
25.89764
36.50000
34.50000
20.80264
22.75275
35.39303
22.74863
22.31950
26.80485
28.41215
31.00000
37.50000
25.11349
27.17842
27.06782
22.62051
36.77862
20.01000
21.43269
30.94439
23.73157
21.69997
23.15707
30.34615
24.53569
37.00000
24.08780
22.36627
36.08324
38.00000
40.00000
32.96800
21.48255
37.50000
32.14896
36.59083
39.00000
38.00000
19.68978
19.89190
33.50000
23.82226
26.41969
33.24990
32.35566
24.06242
31.09484
29.67638
23.93220
36.00000
27.82086
28.85596
24.85067
21.63844
21.74601
25.52450
22.20783
28.08321
34.49960
30.21405
23.22714
31.28365
22.69912
21.02974
19.54073
22.64398
22.29770
41.00000
29.33002
28.85981
30.00370
29.13188
38.00000
28.39014
26.88659
37.50000
21.96968
38.50000
27.56243
39.50000
41.00000
40.00000
40.00000
35.03649
21.41391
45.00000
19.57141
19.71516
21.37849
41.50000
40.00000
23.61261
25.39193
25.06990
24.38579
26.19518
37.50000
21.67395
19.47922
24.64752
22.88580
23.03666
31.40362
34.29610
33.15955
39.00000
39.50000
41.00000
25.70019
40.50000
24.31435
40.00000
35.31131
33.43651
42.00000
30.81396
28.25221
42.00000
25.96151
21.66923
24.56737
22.71976
17.94882
21.63764
41.00000
39.50000
23.93045
35.00000
34.50000
26.98148
23.50886
23.90607
30.53959
31.09484
35.50000
24.31435
28.00397
23.09882
22.75961
32.87381
32.13513
23.58495
33.00000
38.00000
28.40579
41.00000
39.00000
25.22345
38.50000
23.68940
33.62869
25.39029
21.74281
20.77258
20.27215
29.60105
25.92778
24.75379
37.00000
33.50000
28.54626
37.50000
36.50000
28.01227
29.58040
31.09484
33.15955
30.73905
32.22146
31.03045
30.26916
30.53959
29.87753
24.20098
27.72484
31.50000
25.36114
32.00000
33.00000
28.66279
32.50000
31.50000
30.73905
34.50000
28.39014
29.40899
24.53569
28.66279
29.32955
29.70971
29.13188
32.50000
35.00000
29.69100
31.00000
31.67894
29.50000
32.49957
21.92459
31.00896
32.13513
15.73809
28.94055
28.19377
29.48823
22.14159
22.08365
19.72784
25.12966
19.42164
21.76006
21.07576
20.74247
28.85596
32.22146
30.62679
36.00000
30.50000
18.87385
41.00000
15.30229
19.25325
35.91038
35.78019
35.50587
27.88369
24.34475
24.70197
27.73536
36.00000
35.50000
26.55654
29.48823
24.53569
27.01029
27.62044
34.00000
25.39193
33.76718
37.00000
36.64545
38.50000
36.50000
30.07029
36.17550
27.32215
28.12275
32.00000
26.71246
34.50000
29.80306
34.00000
25.34245
24.27318
27.72484
29.13188
40.00000
36.50000
34.23773
22.91288
28.38133
39.00000
35.50000
33.24990
26.59300
26.44911
24.68918
23.97684
26.50000
29.32955
32.00000
28.57738
26.61766
24.94995
30.50000
23.62202
23.27015
26.71142
34.56716
27.92052
31.50000
15.58489
41.50000
31.50000
21.36586
21.32340
30.56505
27.01029
34.50000
23.79542
29.50000
31.50000
29.32955
28.71846
23.45682
19.75316
22.36627
35.50000
26.13214
30.15884
26.41128
23.31309
27.31300
25.62984
26.55654
35.00000
20.51067
25.15287
31.88521
31.88521
23.55136
37.00000
25.45953
31.00000
27.01273
34.00000
31.94787
40.00000
20.63220
29.97777
29.18904
23.01494
23.13785
27.18915
24.13892
19.02630
21.24712
22.85826
18.72538
27.57263
42.00000
32.49957
22.82953
38.00292
29.93697
34.47060
38.50000
37.50000
42.00000
22.29100
37.50000
23.53720
23.53720
23.09882
21.29684
20.16804
19.21588
25.17053
28.24103
36.91432
29.22328
33.03870
23.82226
30.19106
37.00000
29.48823
32.82614
38.50000
39.00000
26.41128
32.13513
26.40549
21.07576
24.56737
19.41546
18.41087
28.24103
26.84937
27.19477
20.88636
29.63481
33.15955
22.20783
30.73543
34.18577
18.36301
22.29770
19.77271
21.74601
25.46021
37.50000
35.00000
31.62629
27.94041
22.88134
39.50000
40.50000
38.50000
38.00000
39.00000
39.50000
39.00000
29.83706
22.79254
22.09497
31.88521
36.50000
35.50000
27.96762
35.50000
30.15884
27.53584
19.73423
27.52373
20.09378
22.19009
26.31856
24.84326
31.50000
32.00000
30.07029
24.05549
27.53584
35.00000
31.00000
20.90903
28.33137
30.34615
21.47673
23.71181
20.51067
29.22328
20.41960
27.34045
27.77689
22.86132
22.38722
24.38579
22.32011
27.32927
22.72664
18.83189
35.39303
19.90377
27.19477
22.97145
24.59675
33.18969
20.35927
41.50000
42.50000
28.70927
43.50000
38.50000
41.50000
27.17842
30.56505
39.00000
31.28365
39.00000
41.00000
17.68238
28.19377
30.34283
35.50000
34.02940
31.75252
22.36487
40.00000
33.55923
34.50000
36.00000
33.00000
30.53959
25.67465
33.50000
30.91206
23.31180
21.29554
18.86372
21.51017
23.97684
32.50000
31.00000
27.82086
31.00000
23.41340
26.71246
25.31139
26.23399
29.85381
25.24986
30.53959
34.00000
28.90502
31.94787
40.50000
37.50000
37.00000
20.01250
21.63764
28.66279
29.40899
34.66987
33.50000
26.08107
29.40899
32.14896
28.54626
25.82029
41.00000
31.32979
23.68016
26.71246
27.82086
28.50000
30.47403
29.50000
29.22328
22.18107
30.50000
25.31139
26.13214
27.50000
32.50000
33.50000
28.47221
24.14022
31.47839
31.41479
27.39868
24.57005
26.24881
34.00000
25.38153
23.09085
32.09707
38.00000
23.89328
34.02940
35.14099
27.01029
22.32711
24.76388
29.14940
26.66927
34.50000
12.92440
20.92463
25.01375
24.83277
23.66960
35.00000
25.61683
34.00000
36.00000
33.50000
34.50000
28.66279
32.09707
33.50000
32.00000
32.00000
35.50000
26.70557
29.04403
29.60105
31.00896
29.51083
27.42604
29.51083
28.11089
19.38453
17.12698
22.64705
21.63844
33.00000
32.00000
17.90949
34.50000
28.39014
19.50795
22.72114
35.39303
23.71049
29.60105
32.61901
25.70344
32.14896
40.50000
41.00000
40.00000
32.03123
36.64545
26.91073
15.55121
30.44485
33.71778
19.08533
10.19259
35.50587
24.53951
29.02872
31.00896
35.50000
22.60285
29.13188
27.25599
29.00000
23.89561
21.78302
16.05265
23.31309
22.55364
23.89328
17.40575
22.46419
25.18928
24.95371
24.53243
29.61735
27.63251
26.33439
37.11544
30.94439
40.00000
31.63332
24.21776
32.22146
32.40370
33.06895
39.00000
38.00000
35.00000
32.00000
10.11187
39.00000
40.50000
35.00000
34.09790
36.50000
28.40579
31.49603
24.12986
26.53653
29.79933
22.42209
37.00000
36.00000
21.01190
25.75849
23.47738
32.35566
40.50000
28.26106
35.50587
44.50000
30.40102
28.87136
30.26916
34.23773
40.50000
31.47839
33.82635
34.49960
29.73529
31.20185
32.61901
27.69928
26.09598
38.00000
31.59465
30.68478
26.54974
23.32857
28.00335
27.77689
34.92214
37.50000
33.50000
27.06782
30.73543
33.98039
36.00000
36.00000
33.35666
30.20244
28.24103
19.55761
22.46108
23.67884
31.10768
33.43651
33.82635
14.90712
29.04403
30.26916
31.56299
40.00000
42.00000
31.20185
28.87136
22.32011
29.87753
23.20560
28.11089
29.02872
37.50000
27.02314
33.08911
24.78351
28.66279
30.47403
19.84943
19.69489
40.00000
34.76588
31.00000
33.50000
38.00292
21.59282
27.33130
35.50587
21.35416
19.27434
18.56744
17.85497
26.39865
25.15949
26.54556
23.62710
30.81486
23.34286
33.82635
31.88521
27.53584
26.13214
27.47120
33.76718
18.31502
23.28492
32.00000
37.11544
38.00000
37.50000
24.41766
38.50000
26.04803
29.74335
18.77232
24.03513
22.07374
41.00000
40.50000
39.00000
37.00000
26.31856
36.50000
30.24380
26.49882
26.71246
35.50000
24.14022
33.55923
34.19877
24.55988
21.24853
28.11089
27.21213
35.23571
31.75252
35.50000
28.07530
23.46274
23.68544
33.00842
26.59992
35.00000
31.00000
31.75252
19.84943
26.71246
30.00000
32.50000
33.08911
22.91288
35.00000
38.00000
22.75961
29.79933
28.11089
27.53584
33.08911
28.94823
24.65132
36.50000
23.17086
24.08780
26.13214
28.00397
32.00000
28.66279
26.24286
27.65298
22.81447
39.00000
27.10166
17.52855
31.20185
26.83631
20.46745
32.50000
35.17891
30.26916
37.50000
34.37376
27.38955
30.00000
26.33795
30.00370
25.24986
35.50000
26.13214
33.50000
27.50000
29.32955
39.00000
25.19425
34.50000
38.00000
28.00000
33.76718
39.00000
40.50000
26.70557
23.33854
26.03243
23.60614
20.80385
37.50000
20.94373
24.26245
31.00000
21.11871
26.49882
29.13188
32.49957
22.18530
31.94787
23.97684
25.36840
25.95295
33.00000
29.87753
32.35566
37.00000
43.00000
31.56299
44.50000
35.03649
24.46426
39.00000
36.50000
9.55249
25.08984
31.47839
29.27266
24.08651
36.38070
29.00000
25.61683
26.24286
27.01029
18.87220
26.59300
28.66279
22.89590
31.84686
23.29998
23.55136
34.00000
29.90401
35.50587
37.11544
24.33490
28.71846
24.19065
32.00000
35.17891
32.78550
38.50000
34.29610
35.00000
31.94787
39.50000
30.56505
34.50000
34.00000
26.79552
33.00000
29.13188
30.50000
35.50000
21.73476
26.71246
36.50000
36.00000
29.79933
22.62051
30.73905
39.00000
29.13188
27.65261
16.81682
35.50000
26.24246
33.50000
20.94373
29.60105
25.49510
36.00000
32.35566
27.08667
27.06782
27.06782
26.87006
23.21637
27.25599
25.30261
24.57005
23.33854
28.47221
28.66279
16.99882
20.70628
28.80201
37.50000
23.03620
22.75961
26.50000
32.00000
31.50000
32.00000
28.00000
22.88134
22.79666
23.62541
19.67708
17.32513
20.57912
25.94706
19.38266
33.24990
29.85381
37.27674
18.79328
17.07161
24.66272
29.29590
29.50424
34.50000
30.07029
19.18821
28.87136
33.50000
24.66272
33.82635
32.13513
33.82635
30.07029
22.03270
39.50000
31.09964
35.91038
43.00000
38.50000
27.72484
18.23623
27.64457
36.50000
36.12017
40.00000
38.00000
31.41479
23.80520
15.37043
25.70384
32.82614
21.72004
32.56105
31.37940
41.00000
32.22146
37.00000
34.00000
38.00000
23.28492
34.12070
45.50000
28.71737
30.81486
26.47168
25.01999
32.41742
23.68940
24.61707
25.95295
39.00000
34.50000
33.00000
35.50000
30.44485
32.14896
25.01999
29.33712
34.50000
35.00000
27.53584
24.62722
31.03045
36.50000
37.50000
35.00000
25.13961
32.22146
38.50000
31.62629
30.34615
29.74335
28.59293
36.00000
39.50000
28.39014
30.21405
26.52711
34.50000
38.00000
36.00000
29.06315
33.00000
28.00397
38.00000
23.03620
24.91987
21.59282
22.66054
23.15647
24.68918
23.62202
34.19877
30.81486
28.08321
23.20022
23.17731
22.86236
21.61452
28.66279
27.18251
26.51205
35.00000
25.85053
28.26106
38.50000
32.96800
20.67742
32.50000
30.34615
28.85981
33.00000
28.00397
28.75568
26.72078
26.59992
22.08365
34.92214
33.35666
29.74335
39.00000
26.59992
35.00000
31.09484
26.71246
35.00000
23.47738
28.99138
30.62679
23.66901
36.00000
26.54556
36.85105
29.74335
31.50000
30.53959
30.90128
26.24669
29.00000
18.73393
25.50817
24.53951
29.60105
19.34942
25.50817
25.46894
17.57726
22.60946
32.61901
34.02940
24.37212
38.50000
23.82226
23.84324
20.32142
21.85606
24.72965
24.45858
25.49510
38.00000
25.92296
21.98863
29.04403
27.17881
21.80023
27.31300
21.71837
22.91288
20.15564
22.94967
23.92117
26.91963
30.50000
24.72965
35.12201
14.35923
25.24876
25.46566
26.88246
32.88701
21.14681
23.17731
20.91650
28.94055
20.15564
31.20897
31.94787
21.29684
17.76760
14.81351
17.46425
20.93293
20.63977
29.69100
33.50000
31.75252
26.88659
30.00000
30.50000
33.50000
28.87136
32.82614
35.64953
30.56505
24.10783
29.17000
29.00958
24.87343
23.74210
28.94055
26.79552
34.50000
27.00000
24.38237
29.01724
30.53959
31.37232
32.50000
27.35365
25.46934
41.50000
33.18969
18.99474
32.89377
38.73270
29.32955
30.53959
24.20098
23.55136
31.15552
28.50000
34.00000
33.35666
32.00000
29.40899
33.43651
27.06782
37.50000
25.49510
37.00000
34.18577
35.17891
39.00000
30.44485
30.55414
38.50000
23.37065
34.50000
25.77251
30.15792
29.33712
37.50000
30.00000
36.00000
28.94055
29.00000
29.00000
31.50000
32.50000
37.50000
30.00370
24.74874
24.38579
32.78211
29.48823
30.73543
28.54626
24.96372
29.60105
40.50000
38.00000
32.22146
39.50000
38.00000
36.80580
38.50000
34.00000
36.50000
38.00000
38.00000
41.50000
30.56505
39.00000
37.50000
22.92788
24.41695
24.21260
26.88659
19.15138
32.14896
25.32291
30.44485
29.48823
42.00000
19.93590
19.08298
23.45682
25.31139
23.89328
24.53569
24.03123
20.18044
25.84999
24.85067
24.80297
23.27015
43.00000
25.92778
35.91038
31.53966
27.32558
31.75252
30.00370
21.33659
35.50000
25.88919
34.00000
34.50000
25.24381
17.74119
17.56588
21.15420
27.28858
21.16979
25.54408
28.39014
22.08365
44.50000
19.47274
21.92459
23.62673
26.78723
30.34615
24.70324
24.55380
22.98369
18.89550
22.39544
23.28089
27.77026
27.35365
27.39018
26.50000
31.88521
22.24770
26.13044
21.45320
23.41340
29.60105
33.50000
38.00000
38.50000
34.49960
32.61901
35.50000
32.82614
25.31578
24.25329
25.56365
26.74883
38.21867
39.50000
25.11349
23.68016
28.39014
29.27266
30.44485
27.56243
26.59992
30.53959
27.45097
30.09983
26.59992
27.82086
23.15572
20.52285
22.45551
31.94787
19.06713
18.44343
27.50000
32.50000
24.84452
29.13188
32.50000
24.81305
23.01494
26.39129
22.38722
