29.04403
46.00000
41.73727
17.15809
38.32319
26.43861
23.83799
38.68965
20.94487
33.50953
16.35543
16.49916
15.62850
28.00335
19.88718
16.71123
39.53339
18.63297
34.75629
17.10439
33.62869
19.40515
17.38354
20.63977
21.99290
23.62599
25.08984
20.52900
24.14022
23.76047
19.42936
19.79899
22.42518
21.35855
8.49730
29.04307
29.43920
29.48823
22.06099
24.10783
21.17044
33.90510
18.64832
36.50000
31.28365
23.33854
30.90128
24.68918
21.94311
35.64953
33.35666
22.60285
23.68940
34.37376
37.50000
34.96983
35.50000
21.51485
17.29884
15.92757
24.06159
20.68816
25.31139
24.12468
37.50000
38.50000
21.82888
20.81730
32.56105
31.28365
37.00000
23.15707
38.00000
29.93639
39.50000
31.94787
28.39894
22.47310
28.99138
41.50000
37.50000
36.50000
33.72767
27.17842
27.29469
19.81918
24.44381
22.62051
31.41479
35.50000
40.00000
25.31181
31.37940
30.26916
28.19377
30.15884
24.44381
24.09746
25.83710
26.38602
24.76388
24.15574
27.32927
27.28553
29.33712
28.75568
25.03775
29.87753
27.39868
24.93366
19.50795
24.91486
26.31856
26.41969
32.03123
26.71246
29.40899
23.17731
26.71246
24.86463
33.76718
26.12829
31.56299
27.71620
34.49960
32.96800
36.50000
29.72688
35.86394
35.50000
35.03649
25.73300
39.50000
28.70927
30.90128
34.00000
34.50000
36.38070
29.00958
27.82086
24.25696
29.78068
12.48359
14.35270
36.00000
31.37940
28.19131
29.27266
12.64911
16.37834
18.38478
32.14896
23.61261
28.28820
24.08838
23.25855
24.71617
25.15287
30.81486
33.00000
22.77471
27.18251
28.08321
25.36114
28.11139
40.00000
37.50000
38.50000
32.69047
40.50000
40.00000
39.00000
31.56299
31.75252
36.00000
39.00000
29.60105
37.50000
28.59293
37.50000
37.79183
31.41479
42.00000
32.78211
20.86864
25.92778
25.10423
23.52127
20.82517
26.35693
35.00000
34.50000
30.50000
35.50000
33.25658
29.74335
25.57342
25.46021
29.48823
19.87932
33.50000
25.57342
29.27266
34.50000
36.00000
35.50000
37.00000
38.00000
34.50000
31.00000
33.00000
30.00370
27.64457
34.50000
26.91963
30.73905
33.00000
31.50000
33.50000
24.72965
34.50000
31.50000
33.00000
22.23033
26.50000
25.30261
25.94706
21.98727
23.74210
25.10423
25.61683
23.04886
22.03270
24.26245
24.87343
28.12275
30.90128
28.00397
32.00000
38.00000
27.06782
26.41377
28.11139
36.00000
27.23394
33.43651
33.35666
26.29045
21.10095
34.50000
27.06782
32.50000
26.04270
20.94487
21.59074
29.40899
23.54782
28.76195
21.43455
21.43012
25.42022
28.18244
26.23399
28.75568
34.29610
36.71815
25.17315
30.40102
36.50000
25.79123
29.17000
23.22041
35.50000
21.10687
27.22476
30.53959
28.00000
25.57342
25.94010
12.17210
21.96019
13.50000
21.45926
20.29008
24.99778
19.55761
30.62679
32.31443
21.89178
23.79601
23.58495
25.48638
42.50000
24.04553
23.25269
21.67227
24.26288
31.63332
26.41969
23.60614
36.00000
37.11544
28.12275
25.16943
26.73741
21.77728
27.28858
31.88521
24.34475
27.64457
22.29770
42.00000
30.73543
29.02872
26.78036
36.00000
27.77689
29.17000
31.00896
27.18251
26.84937
25.70384
29.51083
35.00000
35.00000
27.72484
20.54264
28.11089
27.94041
38.00000
24.79695
31.88521
28.33137
31.15552
28.59293
19.22498
32.50000
36.00000
34.00000
41.00000
30.73543
39.00000
34.23773
28.59293
40.50000
26.54556
34.50000
31.41479
36.50000
25.42022
32.00000
33.00000
35.50000
32.14896
31.50000
31.37940
28.66279
32.00000
38.00000
36.50000
25.61683
32.60198
32.49957
25.03775
24.71167
46.50000
29.35227
37.00000
22.55364
21.85304
23.58495
22.03406
26.47995
26.08959
25.10423
21.87893
32.41742
26.08107
23.08002
31.50000
34.50000
26.38602
22.71563
30.50000
27.25599
25.42022
33.15955
38.00000
30.21405
26.38602
30.44485
26.22380
20.00600
24.07396
21.92459
27.89601
28.75568
25.97862
24.63511
29.32955
28.94055
40.50000
39.50000
34.00000
32.09707
35.50000
34.00000
31.28365
29.79933
32.53716
26.22380
25.97862
29.01724
36.50000
32.50000
31.00000
19.69772
22.85142
25.15287
35.50000
29.31818
22.85142
36.00000
25.65151
25.18308
32.50000
29.53341
29.23848
36.00000
19.39072
28.57738
25.46021
33.53605
24.23955
28.33174
35.50000
27.86076
25.56365
26.19466
30.26916
34.23773
29.43956
22.03406
25.17053
21.20142
27.94041
25.48638
24.19065
34.00000
25.66450
22.45551
22.19610
26.41128
25.61616
24.01432
28.94055
29.63481
22.79666
29.43956
27.37700
36.33486
23.49468
21.46363
28.00397
27.35365
30.50000
33.50000
34.19877
30.26916
36.50000
24.88473
30.47403
32.00000
36.50000
13.62672
34.00000
27.77689
31.28365
31.47839
29.44805
21.75287
31.41479
26.59992
26.74299
27.92052
25.61683
21.79880
29.79933
29.00000
39.00000
39.50000
25.75243
24.88976
22.17403
26.56478
30.26916
26.18205
28.87136
37.00000
33.00842
38.00000
37.50000
23.30638
21.13498
27.47524
34.50000
28.28820
32.00000
21.49046
27.06782
32.50000
28.71846
27.06782
26.31856
29.48823
26.18205
26.61244
27.47524
31.67894
38.50000
26.05163
32.00000
30.00000
30.26916
28.19377
33.50000
32.69047
33.29665
26.83631
23.66901
33.00000
25.98557
41.00000
27.77689
39.50000
21.40531
35.00000
27.06782
29.33712
26.59992
26.84937
24.14309
24.72246
27.64457
41.00000
37.50000
35.50000
39.50000
41.00000
25.36840
24.44381
29.60105
21.65641
22.57334
29.00000
26.23399
24.72965
25.61683
22.56518
29.17000
26.24669
27.15797
19.62244
33.55923
26.53653
24.07670
22.92788
25.99399
35.50000
25.78113
35.50000
26.59992
18.86160
30.91206
32.50000
30.73905
33.82635
33.50000
33.50000
30.81486
34.50000
35.00000
33.50000
28.94055
27.22132
25.79244
33.72767
28.11089
30.15884
29.31818
23.89561
28.56024
36.59083
26.87355
30.00370
32.49957
43.00000
39.50000
37.00000
36.00000
20.95328
19.41546
22.39838
32.61901
27.82485
26.28093
19.92586
25.73300
34.50000
37.00000
35.50000
35.50000
25.82419
30.65217
23.65772
24.89352
25.01999
29.50000
27.60435
27.86076
20.90550
24.46426
27.53584
34.56716
25.43005
29.13188
25.84999
33.03870
38.50000
23.15572
26.72078
28.66279
40.00000
28.44293
36.50000
38.00000
32.41742
32.82614
33.50000
31.50000
37.00000
28.47221
25.06367
38.00000
38.00000
23.60614
29.00000
26.90144
32.96800
27.77689
30.07029
30.43025
33.00000
34.29610
33.50000
33.03870
41.50000
31.75252
37.00000
33.82635
39.00000
37.00000
34.50000
36.50000
34.75949
33.08911
26.54595
24.25258
30.53959
30.53959
19.43079
28.75568
33.00000
35.50000
33.50000
35.00000
40.00000
30.26916
38.00000
28.47221
28.00397
31.47839
39.00000
37.50000
25.86020
25.95295
29.50000
29.79933
23.69716
34.00000
27.92052
34.00000
28.66279
29.87753
23.62202
30.34615
25.77251
26.73741
27.32673
31.56299
20.77258
21.90177
24.14022
19.52402
22.15762
24.63331
24.09746
31.50000
32.50000
31.50000
28.08469
27.65298
39.00000
25.66125
25.18928
28.75568
29.40899
25.79244
34.23773
31.20185
29.40899
35.61211
36.24914
37.58546
33.29665
17.70198
35.44009
20.94487
18.82976
28.85596
28.11089
17.25804
19.86353
24.85067
24.71167
21.67948
18.13725
32.22146
23.01825
32.41742
21.31249
25.50817
30.53959
27.86076
25.66125
30.34615
29.79933
30.50000
31.94787
19.95551
24.34475
23.27418
21.43012
28.47221
32.56788
32.61901
25.67465
30.07029
27.47158
32.88701
34.00000
35.00000
34.65384
27.17842
34.66987
25.10423
23.25224
23.79542
24.94438
25.66450
35.50000
21.45926
24.12468
25.31578
28.50000
24.44495
26.08107
30.50000
28.12275
32.50000
29.74335
31.56299
36.00000
30.07029
32.82614
36.00000
35.50000
38.00000
35.50000
29.79933
37.50000
29.81191
33.00000
34.00000
25.66450
22.69361
21.02974
25.77251
27.18251
31.50000
22.77471
20.09198
24.47831
28.50000
29.63481
23.19483
28.57738
29.87753
26.71246
22.68039
25.79244
31.50000
33.50000
28.54626
27.14199
28.48684
30.00000
33.00000
32.00000
25.66450
29.63481
23.60482
27.73536
34.02940
37.50000
37.00000
41.50000
33.00000
23.64847
25.38153
33.00000
37.00000
36.17550
22.39838
22.43184
41.00000
26.31896
29.00958
24.82312
27.84219
43.50000
34.84250
32.41742
22.01562
20.89856
27.65261
33.08911
33.00000
30.81486
40.50000
37.50000
31.75252
31.00000
36.00000
32.00000
22.39838
34.50000
29.87753
26.88659
29.13188
23.76272
29.79933
34.50000
34.00000
31.28365
38.50000
25.18928
28.00397
40.00000
38.00000
42.00000
31.62629
28.28820
26.88659
21.12315
36.00000
27.06782
30.94439
33.50000
34.92214
22.00568
25.75849
30.81486
24.33490
30.62679
41.50000
25.61683
24.71167
25.78275
27.35365
36.50000
42.00000
37.00000
27.77689
32.50000
36.17550
19.39555
24.51913
27.82086
28.39014
33.00000
30.50000
35.00000
30.68478
33.00000
37.00000
30.07029
35.50000
37.50000
25.02998
36.00000
33.00842
23.22714
27.35365
31.75252
30.53959
26.38602
24.55380
27.35365
37.50000
26.08959
28.00397
31.08356
25.97475
31.00896
32.00000
36.50000
23.93045
29.69100
35.50000
38.00000
34.00000
35.50000
37.00000
36.00000
40.00000
30.81486
33.50000
28.85981
37.50000
25.97862
33.00000
30.07029
29.51083
26.40549
32.78550
27.45097
33.50000
32.00000
28.94055
28.24103
27.35365
25.95295
26.24246
27.01029
24.99778
34.50000
30.00000
32.61901
24.91318
29.55503
37.50000
27.01029
40.00000
35.00000
23.44260
27.32927
28.75568
40.00000
32.14896
26.62236
30.26916
40.00000
29.97777
27.06782
20.98809
27.77026
27.04163
28.12917
27.50795
39.00000
27.47524
22.91697
25.53919
23.63657
22.33131
34.45125
26.99383
30.84943
28.41984
24.24376
18.76832
29.60105
22.65039
34.50000
25.00500
38.50000
37.50000
32.14896
20.67742
38.00000
20.88510
22.44994
30.09245
40.50000
27.28858
26.58007
30.73543
37.50000
31.75252
28.40579
39.50000
37.00000
37.50000
32.13513
34.66987
35.00000
31.09484
15.85686
28.39405
33.50000
34.50000
31.47839
22.69116
37.00000
26.88659
31.00000
24.38579
27.01029
33.47968
26.91963
16.30951
15.55635
26.41128
25.31139
23.83799
35.00000
34.00000
33.00000
36.50000
30.53959
35.00000
33.50000
27.35365
34.00000
33.50000
33.50000
28.19377
34.50000
34.50000
31.50000
27.36215
32.56788
31.62629
30.50000
21.99290
26.08107
31.00000
23.58495
28.47221
30.68478
25.84999
25.42022
33.50000
31.67894
33.50000
31.62629
23.89561
37.00000
34.00000
32.00000
33.00000
27.82086
27.92052
27.64457
27.35365
23.41340
26.88659
30.00370
25.67465
29.40899
33.50000
30.21405
29.93697
26.74299
34.50000
37.50000
36.00000
30.73905
31.67894
37.00000
31.88521
27.21557
39.00000
27.18251
29.60105
28.11089
22.41093
30.00370
38.00000
37.00000
23.20560
29.22328
31.28365
26.13214
30.26916
34.76588
33.50000
32.41742
37.00000
36.00000
25.63567
25.36840
31.28365
35.00000
39.50000
34.56716
38.00000
34.76588
38.00000
39.50000
22.52643
23.47738
21.24117
30.50717
20.13554
38.00000
40.50000
26.28093
27.45097
29.50000
25.66450
29.50000
28.00000
26.24246
30.68478
39.00000
30.59718
28.24889
27.18251
29.32955
34.00000
31.00896
25.19700
36.00000
33.50000
19.98600
34.00000
34.00000
24.44495
23.76447
32.50000
35.50000
29.87753
32.00000
33.50000
33.00000
28.70540
32.03123
33.50000
29.40899
26.78723
34.00000
25.62984
29.40899
25.39193
22.17205
27.90161
22.83759
15.47385
32.00000
34.00000
34.00000
22.36487
31.94787
26.49882
30.09983
33.00000
20.04395
26.04270
21.26617
18.58763
31.56299
27.15797
33.15955
23.86813
24.34646
34.56716
27.35365
31.00000
27.14199
33.15955
28.47221
23.36322
23.26371
23.83668
23.79601
22.81858
21.02825
23.60614
22.60946
31.75252
23.08138
26.31896
28.66279
29.51083
27.82086
30.73905
29.69100
25.02998
36.50000
26.88659
22.59203
23.15572
27.02314
32.69047
28.94055
29.63481
33.76718
21.64486
19.94593
25.84999
34.00000
35.00000
33.50000
33.50000
24.20098
20.77884
26.72078
27.47524
29.53341
26.98148
26.60827
26.67747
38.00000
35.39303
28.11089
14.38888
28.89961
19.55121
12.43543
27.53584
30.07029
29.70971
28.12275
28.59293
27.50000
25.42022
30.00000
28.75568
27.01029
29.97777
27.60774
36.17550
36.50000
34.00000
20.46949
29.13188
26.24286
35.50587
34.23773
21.65064
24.38579
19.19635
25.04496
23.05428
29.51083
29.97777
22.70875
26.34862
19.35631
22.75961
21.40093
22.29770
20.81316
23.21398
18.64955
29.00000
23.14087
28.56024
31.09484
40.00000
28.29642
38.00000
23.04886
19.84156
28.70927
32.09707
27.41350
29.48823
26.83631
28.28820
32.49957
36.50000
21.67227
36.50000
24.44495
18.47160
25.92296
33.55923
25.77251
27.31300
26.41969
32.31443
32.88701
30.47403
21.74601
21.19434
21.94174
35.00000
34.00000
40.50000
29.69100
27.09705
28.22676
29.79933
37.50000
29.87753
28.11089
22.73324
24.03513
36.00000
34.02940
32.69047
30.26916
40.00000
38.00000
33.08911
39.00000
23.46274
43.50000
37.00000
28.80201
29.53341
31.62629
40.50000
25.15287
26.78619
36.00000
26.24246
31.75252
20.84866
22.44298
21.39533
34.49960
31.88521
28.00397
27.33130
29.87753
20.58367
31.88521
21.09597
30.53959
24.12468
35.50000
39.50000
23.54782
22.08365
22.28228
24.39034
26.61179
37.00000
36.00000
27.31300
41.00000
24.68918
18.72832
30.00370
23.17086
30.01111
25.39029
26.28477
25.17053
25.13961
18.92676
21.98863
22.60285
19.10988
20.35092
21.99290
27.62044
22.60285
22.93953
23.09882
39.50000
38.50000
38.00000
20.43418
23.92117
24.14309
25.49510
21.74138
39.50000
37.50000
19.36976
43.00000
28.00397
34.29610
37.50000
14.30690
29.89240
28.70540
40.00000
43.50000
24.34475
28.19377
24.79695
28.12917
29.97777
28.11089
26.31856
30.47403
32.03123
37.00000
41.00000
28.40579
30.26916
27.72484
23.37734
26.70674
24.85067
29.02872
26.08040
29.02872
39.00000
41.00000
43.50000
38.50000
39.00000
26.14742
38.50000
44.00000
37.32143
26.08959
24.91318
23.47102
36.59083
19.36976
32.13513
20.80114
24.60804
42.50000
36.85105
39.00000
20.81466
38.50000
24.43742
41.50000
24.79415
27.06782
30.50000
26.59992
29.31818
26.59992
28.00397
26.74883
24.08838
31.50000
21.87893
32.96800
33.47968
27.72484
25.78113
27.06782
30.40102
18.73393
25.36237
27.18251
33.50000
28.85981
29.13188
27.01029
28.50000
30.50000
27.50000
31.00000
40.50000
29.06315
29.33712
20.35927
26.24246
27.45097
28.70540
25.43005
29.81191
23.76315
31.00896
31.88260
35.44009
29.87753
29.60105
22.95406
31.37940
30.62679
24.95371
19.64077
31.09484
29.06315
32.41742
27.82086
29.50000
29.47315
27.39018
39.50000
33.50000
33.50000
30.15884
32.03123
35.50000
32.22146
33.82635
24.65132
30.62679
25.31578
20.52438
26.38602
27.00000
36.50000
31.50000
26.59992
28.75568
25.66450
25.84999
33.29665
24.91318
27.45097
23.84324
27.82086
26.41969
29.40899
26.31856
27.94041
28.94055
32.50000
36.50000
35.00000
33.08911
27.31300
23.29292
31.75252
26.84937
38.50000
43.50000
39.50000
42.00000
22.36487
26.91963
39.00000
18.88268
26.49528
32.13513
29.87753
38.00000
29.80306
25.04496
24.08838
32.03123
39.00000
36.00000
37.00000
27.19477
28.70540
28.24103
29.13188
25.62984
25.61683
20.75301
22.20923
22.75961
24.63331
31.00000
37.00000
26.31856
36.00000
27.86076
27.53584
22.16275
22.32011
20.81466
26.95830
32.00000
28.33137
28.66279
26.95830
24.57005
23.28492
28.50000
23.25224
38.50000
25.67465
27.45097
29.50000
27.06782
33.00000
27.86076
26.88659
19.00493
27.39018
29.06315
27.50795
33.15955
33.76718
27.25599
33.50000
38.00000
23.01825
40.00000
33.90510
21.89612
36.38070
32.96800
30.73905
39.00000
30.26916
30.21405
28.39014
25.17315
22.03089
26.16295
37.00000
32.50000
28.29605
31.09484
29.69100
33.50000
35.00000
31.67894
33.50000
34.50000
30.81486
35.91038
35.00000
32.56788
25.31578
22.23111
34.00000
26.49882
28.66279
33.15955
23.58495
24.50510
25.39193
24.20098
26.47050
20.40152
25.76820
27.15797
41.50000
24.96372
30.26916
25.19700
33.50000
43.50000
41.00000
36.50000
42.00000
39.00000
24.21260
25.66450
31.56299
27.53584
25.70019
26.78723
27.36215
22.50972
22.28228
27.17842
21.91318
24.92990
25.60273
23.35996
25.73300
31.28365
26.54556
42.00000
28.19377
32.82614
30.53959
29.69100
27.08667
31.00896
31.47839
28.28820
32.41742
27.15120
20.58367
35.97530
31.94787
24.92067
31.09484
29.50000
28.87136
30.09983
36.00000
39.50000
24.84452
37.58546
43.00000
34.92214
26.49528
33.08911
40.00000
20.40067
36.24914
40.00000
39.50000
24.49943
20.60744
21.24984
23.17086
30.80043
24.44381
23.16652
38.00292
15.35867
35.03649
23.90481
30.58901
23.08138
38.50000
29.69100
33.62869
28.57738
40.50000
37.50000
26.24286
21.99290
28.57738
32.09707
22.07374
20.57766
21.76899
24.22579
26.08107
30.81486
28.08321
28.39405
31.84686
38.50000
26.69582
37.00000
39.50000
18.80307
36.12017
33.82635
31.09484
42.50000
30.24346
26.04270
18.18424
42.50000
19.29216
20.19127
27.02314
29.29590
41.00000
22.23861
26.73325
27.47524
23.58363
25.05369
27.15797
38.00000
29.00958
39.50000
35.91038
35.03649
28.12917
31.00896
34.92214
23.54060
29.69100
29.69100
31.20185
25.95295
21.29554
24.85961
34.56716
32.09707
38.50000
38.00000
36.30733
29.22328
35.50000
27.77689
26.88659
33.50000
34.00000
25.79123
30.21405
29.27266
30.43025
30.00000
28.84874
26.78723
34.50000
38.50000
29.97777
25.46021
31.41479
25.43005
20.38842
24.86463
45.50000
24.43742
34.96983
35.44009
27.58170
30.34615
24.95371
32.96800
39.50000
26.55654
25.24986
26.51205
34.50000
32.00000
30.91206
38.00000
31.96178
22.47638
33.50000
32.88701
31.66842
23.45682
37.00000
36.24914
31.37940
33.15955
29.74335
33.50000
41.50000
29.22328
26.38602
24.58997
27.50000
28.94055
22.83759
31.00896
23.37734
39.50000
30.59718
28.94055
39.00000
28.39014
21.56386
38.00000
34.00000
39.50000
33.08911
33.00000
29.32955
26.13427
29.17000
24.71167
21.24265
30.98790
33.08911
21.43012
37.00000
16.54350
30.34615
40.50000
25.43005
28.11089
34.09790
27.02314
27.47120
39.50000
36.30733
35.44009
26.08959
39.00000
40.00000
31.50000
33.00000
36.00000
25.05369
34.50000
32.50000
29.13188
31.94787
34.00000
30.07029
28.75568
26.71142
27.01029
26.41128
39.50000
37.00000
35.50000
25.31578
32.61901
33.00000
28.75568
29.13188
32.00000
28.75568
29.00000
26.08959
21.98153
20.51731
24.55988
30.00000
29.06315
25.31139
33.08911
33.71778
28.24103
40.50000
22.72664
34.50000
33.00000
29.06315
26.08107
25.31578
29.60105
39.50000
25.83710
25.20293
35.00000
32.69047
38.50000
30.53959
37.00000
28.66279
40.00000
26.16773
28.39014
29.60105
34.50000
34.00000
32.50000
31.50000
26.41969
33.82635
31.09484
30.00000
22.94559
25.61616
25.77251
31.88521
37.00000
43.50000
40.00000
28.56024
27.79726
24.34646
33.50000
35.12201
24.20098
29.00000
26.24246
27.31643
33.50000
38.50000
26.56478
36.50000
34.76588
32.96800
23.71049
30.70650
31.56299
22.30595
26.28054
40.50000
38.00000
24.36570
29.51083
26.59992
27.35365
27.02314
30.34615
31.47839
28.85981
26.91073
36.50000
32.96800
26.65052
33.03870
40.00000
37.00000
36.00000
34.92214
34.00000
34.00000
33.15955
31.88521
33.15955
34.92214
32.50000
35.00000
26.99537
37.50000
38.00000
30.53993
22.79825
30.53959
35.00000
29.79933
