18.91666
35.69314
34.47060
37.32143
17.92170
17.86582
11.85580
10.71474
21.35936
23.88807
41.50000
11.75255
22.79254
15.58204
18.77498
18.60611
18.26712
17.78342
26.28054
24.58093
29.04630
16.63009
21.01190
27.47120
24.36300
23.99349
35.03649
34.58645
22.91288
32.69047
30.07029
34.00000
21.99290
23.45682
24.41695
30.81486
37.00000
36.00000
33.50000
32.88701
24.09703
30.26916
29.17000
36.64545
13.86542
28.66279
29.80352
22.47310
26.80485
20.40067
32.03123
20.80114
26.84937
27.06782
29.80306
29.69100
32.61901
35.22625
32.49957
29.69100
38.50000
28.24103
16.43844
25.62984
27.01029
35.00000
41.50000
32.96800
25.77251
33.29665
22.26404
28.85981
27.23394
31.50000
22.59978
32.03123
31.79448
28.70927
22.71976
33.62869
28.24103
34.50000
28.33137
26.23399
30.68478
32.09707
34.50000
27.52373
28.08321
31.00000
34.76588
24.93366
26.74883
26.72078
27.64394
23.04886
27.25599
29.69100
38.00000
27.62044
28.00397
22.28228
24.72965
24.25329
23.03801
32.14896
20.89593
24.13892
31.32979
22.52082
33.08911
32.78211
45.00000
36.38070
26.98495
20.56599
37.00000
30.26916
37.00000
25.77251
28.66279
23.48404
28.08321
27.94041
25.65151
27.35365
25.92296
34.50000
22.80838
26.23399
31.00896
26.22380
25.11349
31.00000
34.50000
24.03513
30.50000
36.00000
35.00000
38.50000
38.00000
23.25224
33.35666
30.07029
41.00000
24.92990
29.60105
26.06722
32.41742
36.50000
27.50909
28.50000
25.21428
23.43160
19.93740
24.45858
19.54891
30.65217
23.71049
22.32011
33.50000
24.81305
33.50000
28.11089
30.34615
36.00000
35.50000
34.00000
31.28365
33.72767
27.47524
21.77154
37.00000
40.00000
37.50000
31.66842
28.70927
28.87136
26.98148
26.59992
32.00000
28.94055
28.07530
27.50000
30.00370
30.53959
23.60614
40.00000
20.63220
26.71246
30.00000
23.39204
32.50000
34.50000
29.13188
28.85981
26.78969
31.00896
30.09983
32.31443
35.61211
24.79415
24.81305
27.94041
38.00000
25.30316
31.28365
32.22146
39.50000
43.00000
23.73157
23.76447
23.29998
24.68918
25.01999
34.50000
38.50000
35.00000
23.79075
37.50000
38.50000
29.87753
30.07029
34.76588
39.00000
34.02940
25.93742
32.88701
30.81486
25.23391
25.19700
32.00000
31.00896
32.09707
31.12341
32.96800
23.20690
30.18094
27.53584
23.61261
19.87181
35.64953
25.89764
35.23571
33.06895
36.91432
33.35999
28.18133
36.17550
42.50000
22.45529
32.31443
31.62629
29.51083
40.00000
36.50000
28.12917
37.50000
36.64545
41.50000
23.77367
27.77689
36.50000
24.04496
33.06895
17.79513
34.49960
28.20018
39.00000
30.70650
26.08959
27.64457
28.12275
28.19377
31.88521
33.62869
34.00000
26.54974
30.81486
28.00397
29.48823
31.00000
30.34615
27.45097
35.00000
33.00000
32.00000
29.32955
31.50000
28.00397
37.00000
32.00000
28.94055
32.50000
32.50000
33.50000
30.00000
28.12275
31.47839
38.00000
27.35365
33.00000
26.88659
28.12275
30.00000
32.61901
34.02940
33.03870
32.00000
24.44381
29.69100
32.56788
30.00000
32.50000
33.50000
35.50000
38.00000
28.87136
21.46253
25.24381
25.42022
30.65217
27.45097
24.63511
29.50000
33.50000
27.86076
32.03123
38.50000
35.50000
33.00000
34.50000
35.50000
33.00000
34.50000
37.00000
34.50000
36.00000
33.50000
32.00000
26.54556
31.00000
27.62044
34.50000
33.00000
32.09707
32.00000
33.00000
38.50000
33.50000
41.00000
30.53959
27.77689
31.75252
32.00000
25.97862
33.72767
24.63511
33.00000
27.45097
34.00000
33.50000
25.67465
33.98039
39.50000
29.79933
35.00000
25.57342
29.48823
28.94055
36.00000
28.75568
26.24286
30.07029
22.36627
28.12917
29.44805
33.55923
30.26916
27.82086
26.41128
30.62679
27.82086
19.60230
32.00000
29.00000
30.47403
27.47524
23.95177
32.13513
26.35811
29.32955
22.99275
27.17842
35.78019
20.22838
22.00545
30.50000
35.40559
21.93741
19.24578
20.94487
28.80201
32.00000
30.26916
29.79933
22.67157
23.15707
39.00000
21.14681
36.50000
32.22146
28.94055
28.57738
19.29216
20.02998
35.39303
25.30261
20.86864
32.35566
25.08984
21.13498
23.50931
31.67894
28.85981
33.50000
20.17889
18.69117
30.21405
29.04403
42.00000
36.50000
24.86463
29.97777
26.94851
25.61616
33.00000
33.08911
29.63481
32.50000
23.54060
32.14896
29.13188
34.00000
23.98958
29.50000
31.50000
34.00000
22.23033
37.00000
29.01724
37.00000
30.34615
27.72484
33.00000
38.50000
32.56788
23.52127
34.02940
32.82614
32.82614
24.66146
24.45731
23.79601
28.00000
29.40899
23.74210
37.00000
27.17842
20.94487
34.00000
28.24103
29.04403
22.34950
19.10861
24.84452
25.06990
23.25269
28.19377
26.54974
38.50000
31.20185
29.79933
38.50000
25.78113
35.50000
25.31578
29.40899
21.21320
19.39691
28.75568
24.53569
31.15552
22.82455
17.20142
22.91288
36.00000
20.72679
18.10540
20.67742
39.00000
31.56299
19.26655
19.87561
29.87753
37.06151
32.22146
25.57342
19.93590
22.84048
31.88521
21.67948
22.73076
28.24889
16.75373
25.88798
18.43475
26.52711
24.71167
22.43881
22.43184
26.23928
28.75568
25.49510
26.10077
25.75243
31.84686
38.50000
40.50000
22.38392
36.44478
44.50000
29.22328
24.55380
24.72965
25.92296
13.59841
24.83277
23.09085
26.50000
20.58367
28.00397
32.69047
36.00000
34.50000
33.76718
32.49957
35.70559
35.78019
34.00000
29.50000
30.62679
21.93599
26.24669
25.54408
31.62629
23.62202
35.00000
33.00000
34.00000
28.33137
28.50000
30.07029
30.53959
30.00000
31.88521
35.64953
36.50000
37.50000
24.08838
31.00896
32.41742
33.00000
30.44485
36.00000
33.29665
26.41969
24.45858
32.69047
34.56716
36.50000
38.50000
28.43707
42.00000
44.00000
26.23399
24.68918
37.00000
22.98913
31.00896
22.88134
26.29045
24.48852
26.15764
26.09598
25.49510
39.00000
36.50000
42.00000
41.50000
41.50000
26.54974
40.50000
34.50000
23.89328
25.03775
26.78723
26.73741
25.31139
41.50000
27.19477
31.66842
30.62679
34.50000
42.50000
37.06151
23.73815
45.00000
27.82086
27.25599
22.43184
31.50000
29.79933
25.56365
24.61707
27.31300
23.28089
24.34420
29.87753
23.92117
25.19700
34.50000
30.73543
27.85678
29.74335
20.31157
29.27266
28.39014
25.48638
27.92052
34.00000
28.39894
25.97475
24.66146
25.51838
24.72965
23.50830
24.36570
32.78211
24.32463
31.28365
20.69269
31.00896
28.33137
24.55380
30.50000
27.35365
29.53341
36.00000
28.94055
33.08911
36.50000
34.00000
23.90607
28.66279
34.00000
23.69716
13.31766
23.14492
26.90725
23.02716
25.17053
17.09503
30.26916
28.00397
22.07623
29.58040
19.24838
20.71232
29.31818
31.75252
37.50000
28.08469
34.45125
33.03870
31.09484
24.00463
18.05104
20.80264
26.94787
29.74335
31.50000
26.51205
34.00000
27.06782
26.53653
27.50000
33.50000
27.25599
32.00000
28.66279
32.03123
20.06240
25.96512
26.83631
26.47050
27.18251
22.94864
26.69582
34.50000
26.59992
20.50951
17.29046
23.15167
19.30458
42.00000
25.93582
39.00000
26.27737
31.28365
32.69047
27.06782
28.34608
24.02166
26.91963
21.93741
37.00000
32.82614
30.07029
29.32955
40.50000
20.46069
29.76050
33.29665
33.50000
31.00896
35.00000
29.69100
23.97684
31.75252
27.35365
36.50000
31.09484
37.00000
40.00000
32.14896
37.00000
32.31443
33.35666
35.50000
27.82984
32.82614
32.00000
26.98148
35.50000
30.23243
32.49957
37.79183
39.00000
32.78211
39.50000
22.62051
21.56850
26.91963
19.30512
23.84673
25.70344
24.08780
34.56716
29.32955
21.31249
21.71405
26.41969
25.89401
32.96800
28.07468
20.40152
28.01227
39.00000
37.50000
31.84337
40.00000
31.49603
23.24995
40.00000
38.50000
22.94967
23.12331
38.50000
21.36586
31.94787
33.08911
30.21405
24.17126
35.50000
29.32955
34.50000
33.00000
24.44495
28.66279
37.00000
19.87932
29.04403
25.94010
21.76436
27.53584
23.15647
26.41969
26.71246
26.28093
34.66987
33.00000
33.50953
39.50000
25.61683
21.76436
22.42518
29.02872
24.82942
24.74369
24.50796
29.17000
23.74363
35.03649
39.50000
32.00000
22.29770
22.62211
23.76552
28.16358
31.64736
48.00000
37.38389
40.00000
27.34387
23.29565
31.56299
28.87136
24.40983
28.57738
31.37940
29.17000
23.47738
33.43651
25.92296
27.62044
22.59978
24.76388
32.41742
20.11685
23.95177
33.00000
20.79038
28.59293
36.50000
29.87753
36.50000
32.00000
37.50000
28.33137
37.50000
35.50000
33.00000
30.90128
27.64457
36.50000
19.15434
23.90607
27.64457
24.70324
37.50000
27.53584
28.70540
32.22146
40.00000
28.40579
23.55180
43.00000
24.13892
25.75243
32.09707
32.82614
30.26916
25.62984
19.72308
21.85606
40.00000
25.46021
26.18205
41.50000
23.29998
22.48456
25.03775
28.68604
22.74863
39.00000
22.09497
21.29994
16.13915
25.39029
24.58093
25.60640
22.98913
41.50000
24.85067
31.84686
25.59663
25.73422
27.82984
30.73905
29.48823
24.63230
28.94055
37.50000
30.07029
30.53959
25.59080
31.67894
30.53959
43.50000
22.99275
37.50000
41.50000
25.77251
40.50000
31.47839
44.50000
32.41742
25.67465
34.02940
32.00000
29.18904
28.66279
30.05308
33.53605
25.42145
18.92512
20.54720
23.97684
27.82485
26.31856
27.39018
28.39014
24.91318
29.80306
36.00000
35.50000
29.40899
27.35365
27.53584
27.35365
28.85981
29.13188
23.62202
23.15647
26.13427
35.50000
34.00000
26.78723
28.80201
24.72965
26.41969
32.82614
28.11089
21.89178
28.24103
28.56024
36.50000
24.91318
31.50000
24.76388
33.50000
30.94439
35.69314
29.22708
30.59718
36.50000
35.50000
31.00896
33.98039
33.08911
36.33486
32.50000
30.26916
35.00000
28.11089
32.88701
32.56788
25.38085
35.50000
38.00000
37.50000
34.50000
28.59293
35.50000
39.50000
28.43413
41.50000
43.50000
40.50000
34.00000
36.50000
34.70831
41.50000
37.50000
31.41479
26.35811
41.50000
41.50000
37.00000
26.41128
40.00000
22.66176
24.75379
25.77251
38.00000
28.26106
36.00000
25.86020
33.65511
25.95295
26.61179
34.00000
27.92052
40.00000
37.50000
33.50000
29.04403
33.50000
36.00000
33.50000
34.00000
36.00000
25.70344
35.00000
29.87753
40.50000
27.57263
35.50000
28.47221
38.50000
33.00000
32.31443
36.50000
35.00000
34.00000
37.00000
38.50000
41.00000
39.00000
31.47839
31.39566
21.86687
35.00000
31.28365
23.15647
32.88701
23.47102
25.31578
34.49960
22.72664
36.50000
40.00000
28.39014
22.28228
33.15955
22.69116
29.79933
32.50000
25.31139
25.31578
31.00000
30.00370
29.27266
32.50000
29.06315
26.83631
34.00000
32.00000
34.00000
28.47221
27.08667
38.00000
35.50000
33.50000
34.45125
29.32955
34.50000
34.00000
36.50000
28.85596
27.62044
23.61261
33.15955
31.50000
23.95177
26.89215
33.35666
39.50000
30.44485
28.19377
40.00000
30.50000
22.98309
28.12275
29.40899
40.00000
33.76718
33.82635
31.47839
27.02314
28.50439
19.29954
23.60614
23.17758
18.45941
31.00896
25.10423
24.74369
24.64752
37.50000
25.84999
26.04270
27.15797
27.47524
30.07029
33.50000
34.50000
23.17758
26.84213
22.43184
23.25269
22.77471
34.02940
22.77471
23.02580
33.50000
34.50000
35.50000
41.00000
30.81486
30.44485
31.88521
35.50000
28.24103
27.35365
26.81767
28.19377
31.88521
25.70384
29.79933
39.50000
29.55503
28.22565
28.85981
25.95295
27.17842
21.32340
22.72664
42.00000
22.49978
19.65095
32.88701
25.98557
39.00000
34.00000
28.94055
30.00370
32.00000
28.47221
22.94967
25.38153
23.69599
20.94039
19.31968
28.59293
27.25599
29.60105
30.00000
26.51205
29.50000
31.47839
30.94439
28.59293
29.48823
24.41695
26.61179
26.59992
29.63481
30.81486
31.47839
24.58093
24.07396
33.15955
25.95295
29.25214
23.90607
25.61683
33.50953
27.24885
23.92990
25.70019
21.28286
28.68362
36.50000
29.80306
25.23267
28.74456
38.00000
40.00000
37.00000
39.50000
29.87753
35.39303
28.03904
28.31176
31.03045
29.08608
33.86370
36.85105
35.87323
35.03649
36.50000
33.43651
31.49603
22.75275
27.73536
19.30181
28.08321
30.81486
24.53569
29.17000
29.97777
19.12822
24.03513
20.66398
20.26543
17.97331
21.74138
22.28789
21.49791
27.77689
27.50000
28.80201
26.41969
33.29665
35.50587
29.97777
29.19225
30.40833
37.27674
40.50000
24.77272
17.76063
28.43413
20.46851
24.74995
38.00000
28.94823
17.14643
32.86673
22.91724
25.92778
24.72221
25.36237
22.69273
19.11021
24.54078
16.88606
20.42517
22.86190
30.00000
22.09072
25.67465
28.74456
37.02552
34.00000
31.00000
29.50000
34.00000
27.82086
25.78113
35.50000
39.00000
30.91206
28.47221
29.74335
38.00000
33.35666
30.73905
27.39018
30.47403
27.14199
29.93639
23.08138
37.00000
29.31818
27.62044
28.69996
21.33659
22.53192
23.08002
29.78068
30.44485
20.83651
23.44260
20.24846
33.00842
26.74883
28.11089
29.50000
21.26470
33.48963
29.79933
37.00000
27.77689
26.24669
38.94440
32.88701
21.69533
43.00000
35.50000
29.69100
26.08040
35.64953
34.89349
44.50000
27.36215
29.79408
37.02552
37.00000
26.91073
31.00896
29.63481
32.00000
29.87753
38.00000
27.92052
26.42442
23.01825
40.50000
41.00000
30.93138
33.35999
44.50000
26.59300
20.26820
34.09790
24.21776
26.10077
34.02940
34.49960
38.50000
38.00000
30.50000
26.78723
30.65217
31.50000
29.32955
25.24381
31.88521
30.53959
35.50000
32.00000
25.31578
28.19377
39.50000
24.93366
30.00000
28.59293
36.50000
20.01599
33.50000
25.23391
26.13214
29.42257
31.20897
25.95295
32.56788
21.97157
34.50000
25.18308
21.76133
20.95328
31.00000
30.00000
32.00000
29.53341
34.12070
30.73905
22.00545
25.84999
29.91237
43.50000
28.75568
31.09484
29.79933
44.00000
40.50000
27.34387
43.00000
42.50000
25.93582
31.32979
26.91189
22.29770
29.27266
25.38153
27.50909
30.53959
26.24246
23.22834
31.67894
20.36075
38.00000
30.00000
28.11089
26.87006
38.50000
32.03123
26.23399
27.72484
21.17168
21.45279
22.02697
24.99778
37.06151
14.89966
36.59083
26.64583
18.84251
38.00000
32.83577
34.89349
24.12986
27.24885
36.00000
39.50000
30.43025
40.50000
22.73030
27.52373
22.52082
26.50000
25.43005
40.00000
24.06990
29.00000
35.00000
33.98039
29.87753
30.26916
40.00000
25.61683
23.21398
22.18530
28.75568
26.15764
28.90502
37.00000
34.50000
39.50000
40.50000
28.87136
30.94439
23.60614
28.75568
40.00000
36.50000
40.00000
32.22146
32.35566
33.35666
22.32011
32.60198
33.62869
37.00000
35.00000
31.88521
26.06243
32.14896
21.15656
38.50000
18.84642
21.98153
22.30471
19.72942
20.53182
21.96019
24.53569
21.67948
17.09269
21.89035
28.28759
21.77522
16.12193
23.80520
23.04257
23.93045
19.96873
26.31856
17.86617
26.78723
25.86020
25.95295
18.27567
36.91432
23.30322
30.07029
39.50000
31.75252
35.00000
39.00000
35.50000
30.94439
34.56716
36.17550
29.69100
26.72078
29.12366
16.44688
24.68805
25.30316
34.88393
12.91511
21.04493
16.71742
42.50000
29.32955
23.62202
40.50000
33.90510
23.62731
25.06990
28.75568
23.59025
19.14909
24.56624
21.96968
26.13214
16.66000
21.80023
23.42363
28.57738
21.74138
23.39204
23.28089
28.12275
28.57738
30.50000
37.50000
28.20018
27.93246
35.23571
28.99138
25.59785
31.96178
25.55753
31.28365
46.50000
35.03649
27.27063
38.50000
20.43282
34.50000
17.89525
19.93113
27.53180
33.62869
32.31443
22.07232
26.23399
20.51926
33.62869
23.15707
32.50000
25.95295
23.39204
28.75568
31.00000
22.56518
38.50000
38.00000
26.54556
39.50000
34.00000
29.79933
33.00000
29.47315
36.00000
36.17550
29.19225
38.59476
27.38955
25.39193
13.52775
29.33712
20.30369
22.45351
38.68965
44.50000
46.00000
23.98437
23.38033
24.27447
20.83651
18.87220
20.91052
20.41786
19.94593
34.65384
16.37834
15.48419
26.02403
18.21229
25.42145
27.10166
44.00000
21.41699
22.67708
35.00000
24.34475
33.00000
25.01999
27.72484
37.50000
39.50000
21.31103
26.78723
21.63331
32.50000
20.94636
28.94055
36.00000
27.18251
32.82614
29.00862
26.59992
25.71964
33.00000
37.50000
36.00000
18.20638
25.66450
40.00000
30.76016
24.49943
29.33712
20.00000
20.24846
18.49925
25.36237
39.50000
30.00000
29.51083
30.53959
33.35666
21.79358
25.15287
23.74026
30.68478
28.11089
32.50000
34.00000
34.02940
30.15792
35.00000
23.61261
26.41969
24.70197
30.44485
29.60105
25.92658
30.50000
27.25599
26.71246
29.50000
33.15955
30.50000
33.00000
30.50000
21.78732
21.91318
24.16609
24.23195
28.80201
33.00000
27.72484
29.27266
30.15884
35.50000
32.50000
33.00000
34.00000
34.00000
26.88659
33.76718
26.47050
42.50000
29.87753
26.08107
24.55380
23.12331
34.00000
22.28228
29.60105
29.87753
32.78550
34.50000
35.00000
37.50000
34.50000
33.00000
29.48823
25.92658
22.65364
30.43025
29.40899
25.15287
30.81486
24.13892
32.82614
41.00000
23.29463
31.00896
42.00000
40.00000
34.50000
33.08911
38.00000
23.64847
30.28510
29.34706
28.66279
42.00000
33.35666
29.06315
22.79825
35.70559
36.00000
34.70831
24.85067
36.50000
34.29610
28.33174
31.28365
24.89352
34.84250
34.49960
27.96762
27.64507
32.82614
31.66842
19.61345
20.76505
15.39610
27.82086
36.00000
21.33917
27.53584
24.92990
31.28365
44.50000
21.56128
34.89349
34.76588
45.50000
21.29554
21.93171
39.50000
23.69716
35.23571
30.24346
39.50000
41.50000
40.50000
41.50000
37.50000
25.95295
35.03649
22.81447
24.70324
17.10750
41.50000
39.50000
36.59083
36.59083
39.00000
34.76588
35.86394
38.50000
38.50000
33.35666
39.63164
28.12275
37.00000
19.95464
36.00000
23.76973
26.66250
27.92052
32.00000
25.38153
31.88521
37.50000
28.24103
27.01029
36.00000
23.71181
31.09484
24.89980
24.17988
34.76588
36.50000
38.00000
28.33725
29.01724
34.66987
45.50000
37.00000
23.62202
28.11089
32.31443
35.86394
38.00000
36.50000
40.50000
33.29665
37.50000
31.94787
37.00000
38.50000
38.00000
26.24669
37.50000
35.00000
33.24990
26.28054
30.15884
31.09484
38.00000
34.00000
28.85981
32.00000
36.00000
26.56478
27.01029
39.00000
37.00000
37.00000
30.34615
28.85981
33.03870
36.50000
21.44388
30.81486
36.50000
38.00000
37.00000
27.25599
25.84999
28.59293
24.05203
26.70557
24.41311
24.79695
39.00000
30.34615
38.00000
39.00000
40.00000
41.50000
31.20897
19.96246
36.00000
33.50000
35.00000
31.62629
30.00000
28.39014
31.94787
23.93742
19.65165
17.15291
34.50000
24.08780
27.77026
21.87893
36.08324
35.50000
24.58093
27.47120
23.77499
41.50000
40.00000
26.78723
33.50000
32.00000
30.62679
24.96372
28.94055
34.18577
33.08911
22.22611
34.23773
30.43025
33.00000
29.51083
32.41742
30.50000
33.00000
32.00000
26.08959
21.74764
24.79839
28.87365
30.00370
31.00000
30.50000
25.62226
28.94055
33.03870
32.50000
30.53959
31.20897
24.23324
33.50000
35.00000
33.35666
35.17891
33.50000
25.48638
35.00000
33.00000
31.00000
34.50000
37.50000
34.66987
26.98495
21.11871
22.09434
23.98307
34.49960
31.94787
38.50000
28.19377
37.50000
39.50000
38.00000
15.96524
28.47221
32.50000
28.85981
32.88701
37.50000
38.00000
25.84999
28.39014
24.08838
33.50000
30.50000
29.00000
22.47638
28.59293
27.25599
33.00000
27.18251
30.44485
26.44911
28.07530
24.27318
21.99290
24.34132
32.50000
34.00000
37.00000
33.76718
29.40899
31.67894
34.00000
31.00000
29.24466
32.56788
27.31300
34.50000
30.26916
33.00000
31.37232
35.00000
36.50000
35.50000
35.50000
37.50000
32.41742
26.10555
28.76195
34.49960
41.00000
39.00000
29.00958
