20.85399
17.89553
18.74000
23.17086
13.31666
9.51169
30.86530
30.62679
43.50000
10.72381
46.50000
46.00000
26.04270
31.96178
21.45926
22.43184
19.00658
35.78019
32.96800
29.22328
18.84808
18.77942
29.63481
20.75301
10.11050
18.72538
14.51914
27.69815
42.50000
37.50000
21.33512
28.22676
41.00000
32.49957
36.12017
19.36976
32.88701
31.16979
30.53175
26.79552
31.75252
28.19377
32.31443
22.61084
21.08317
27.26720
26.16295
18.23458
33.82635
32.88701
33.76718
40.00000
24.53569
35.50000
36.50000
32.26744
30.26916
21.17192
23.26478
39.50000
44.50000
40.00000
41.00000
26.83696
41.00000
38.50000
22.41093
31.20897
36.50000
24.12468
32.41742
32.06590
26.88659
25.46021
34.02940
41.00000
36.38070
27.78889
37.00000
33.50000
26.93859
28.59293
31.67894
30.44485
40.00000
24.72965
21.35855
29.95923
25.17053
19.22914
30.07029
44.00000
32.41742
23.09085
44.00000
38.21867
41.50000
27.78889
23.84717
37.96782
32.22146
20.15409
24.71617
37.06151
31.20897
29.00958
24.79695
36.50000
34.00000
28.12275
28.59293
27.72484
24.53569
36.00000
21.97015
34.23773
39.50000
35.64953
40.00000
40.00000
27.78889
25.55753
28.55696
30.09983
31.00000
30.44485
37.50000
32.36510
19.20286
25.48638
26.18205
15.63650
27.28553
28.08321
33.50000
35.00000
24.31435
21.00595
25.31139
32.60198
34.29610
33.82635
29.87753
24.49943
26.89215
42.50000
38.00000
20.00625
27.62044
28.47221
19.16664
38.50000
30.81486
24.08780
36.00000
30.07029
22.66054
19.17707
24.48346
20.05592
26.56478
31.20185
26.23399
35.17891
28.24103
25.67586
35.17891
23.20022
24.37596
35.61211
35.50000
30.26916
25.19300
31.56299
15.25410
18.18482
27.75225
28.99138
29.08930
40.00000
37.50000
32.41742
37.00000
40.00000
33.08911
28.87136
32.14896
39.50000
27.47158
27.75225
27.17996
21.79358
28.69996
22.86190
12.37740
26.41377
39.50000
34.23773
33.90510
22.26404
30.80584
26.44911
21.13498
26.70557
29.97777
24.62722
33.82635
46.50000
35.40559
20.49976
20.73644
30.53959
30.13673
20.08109
22.09638
25.50817
23.28089
24.10783
21.41699
27.39018
33.15955
22.41093
27.63490
36.50000
35.00000
30.94439
26.99537
27.50000
31.00896
35.36477
16.53602
36.00000
33.25658
36.50000
19.24405
24.01432
29.50000
16.21111
25.30316
31.00000
28.08321
33.50000
31.94787
31.50000
28.66279
29.01724
27.53584
29.22328
28.75568
24.03513
20.05617
28.00397
37.00000
31.20897
23.11190
30.30986
34.09790
43.00000
30.91206
23.56242
34.23773
40.50000
25.66450
32.00000
23.62202
19.97498
25.77251
34.56716
40.50000
22.28228
42.00000
29.13188
27.15797
27.25599
40.50000
34.50000
40.50000
22.84048
21.35855
20.00600
45.00000
27.32558
20.33931
32.22146
21.52324
25.26856
16.30460
39.50000
24.71167
22.29910
20.31420
39.00000
37.50000
30.26916
29.33712
26.23399
26.31856
27.27063
24.23324
27.47120
24.23551
28.19377
24.57005
31.41479
25.48638
23.41340
27.31300
30.81486
28.39405
24.91318
38.50000
24.53569
43.00000
25.30261
32.00000
27.45097
24.63511
25.57342
40.50000
29.40899
24.32463
23.47738
20.47407
21.92459
20.50951
22.60285
18.34557
19.54073
23.29998
25.04496
17.48828
27.35365
28.66279
28.57738
31.37940
18.76832
37.50000
21.78991
20.89402
26.31896
19.96246
24.50893
22.23111
36.50000
24.06761
36.00000
33.00000
38.00000
42.00000
40.00000
37.50000
29.97777
35.83605
36.00000
39.00000
43.50000
32.41742
32.03123
43.00000
24.23955
39.00000
17.71553
30.62679
22.21486
39.50000
40.00000
31.67894
30.09983
29.13188
21.97635
27.45097
26.84937
27.45097
32.00000
33.95095
31.00896
37.50000
35.44009
30.15792
19.94593
30.15884
23.37734
29.04403
31.66842
31.56299
25.29204
29.22328
30.44485
31.00896
20.69269
25.61683
37.00000
25.97862
32.50000
34.50000
30.26916
28.22565
37.00000
24.14022
35.00000
21.08910
28.80201
44.50000
24.53569
26.88659
23.79542
16.39169
30.00000
28.00000
30.07029
23.74210
33.08911
31.20185
25.09095
33.50953
22.00568
26.61179
25.78113
28.66279
29.27266
23.61261
34.00000
25.42022
30.15884
28.57738
37.50000
23.25269
42.50000
30.07029
33.00000
30.26916
31.15552
29.00000
25.38153
38.50000
27.57263
29.38005
23.50886
10.68457
16.24808
22.09638
35.00000
30.00000
31.32979
26.31856
20.08731
38.00000
33.72767
26.94787
39.00000
44.00000
29.87753
38.00000
40.00000
36.50000
20.31354
34.00327
26.61766
36.64545
37.79183
29.97777
41.50000
30.44485
26.55654
42.00000
23.44260
31.41479
21.59282
19.66437
29.78068
33.50953
32.82614
35.50000
32.03123
45.50000
24.58997
32.41742
26.08107
18.12457
24.55988
17.61076
21.48384
9.90757
26.31856
20.69269
26.90144
28.00335
33.00000
37.72120
35.17891
36.85105
35.23571
29.06315
25.74663
23.31309
30.00000
27.26720
28.00397
37.00000
30.00000
30.50000
33.50000
29.69100
28.07530
20.94039
30.73905
37.50000
35.00000
38.00000
28.57738
37.50000
32.00000
25.77251
26.51205
25.33155
23.93045
24.99000
27.31300
28.75568
32.00000
36.50000
33.03870
31.47839
31.84337
28.47221
23.79542
18.92512
25.19700
26.50000
28.40579
22.13956
28.11089
30.73905
35.50000
35.00000
28.59293
22.96193
24.72965
17.13009
17.75215
22.60285
34.84250
26.51205
33.08911
23.04344
26.15764
21.77154
20.85399
30.44485
20.50951
24.55524
39.00000
25.43005
28.28820
30.26916
24.61707
26.24669
36.00000
34.00000
35.00000
32.50000
26.31856
26.13214
32.00000
30.21405
26.41969
34.00000
37.00000
35.50000
29.87753
27.25599
24.53569
30.15884
28.81297
31.00896
33.00000
27.53584
28.39014
29.69100
28.01227
33.06895
27.27063
35.44009
27.39868
25.53919
25.95295
27.72484
28.01227
27.25599
21.52766
33.00000
38.00000
34.00000
35.00000
33.00000
32.00000
28.39014
31.00000
29.60105
33.50000
33.50000
37.50000
36.00000
35.00000
31.28365
32.53716
29.04403
32.50000
29.53341
20.88593
34.50000
35.00000
35.50000
40.00000
39.50000
35.00000
39.50000
37.00000
36.00000
40.50000
41.00000
23.84717
37.38389
25.50000
31.49603
25.55753
35.86394
19.04101
18.92512
29.13188
23.33988
41.50000
31.15552
32.22146
23.18809
33.15955
45.00000
36.05859
32.82614
38.00000
40.50000
36.00000
41.00000
39.00000
32.61901
29.24893
45.00000
27.75225
36.33486
44.00000
21.46363
35.70559
37.58546
31.20897
19.21874
18.75527
34.50000
30.00000
20.98952
29.40899
35.83605
32.35566
26.98148
23.98958
27.06782
18.88121
11.05622
33.35666
24.32463
35.00000
41.00000
23.34286
38.00000
25.77251
25.83710
38.50000
21.75287
39.00000
23.58495
29.07211
23.27418
17.65673
25.59663
26.83631
20.07209
19.71801
27.35365
22.74313
24.53569
24.43742
29.06028
22.65364
26.28093
23.97684
35.50000
28.39405
21.98153
22.73076
28.87136
19.56119
18.20027
22.57211
25.95295
28.11089
24.03513
33.24990
24.26417
42.50000
33.26785
37.50000
20.73644
43.00000
25.56365
39.50000
30.68478
35.39303
36.00000
21.41401
19.41546
26.28054
28.19377
29.00958
27.77689
29.32955
30.26916
25.23886
29.47315
28.85596
22.74863
39.50000
35.00000
27.82086
27.00000
30.43025
25.92658
28.59293
24.63511
29.00000
33.50000
35.00000
31.00000
27.35365
31.62629
19.15434
23.63657
31.50000
34.00000
30.91206
31.09484
25.81182
13.19801
30.53959
28.00397
37.50000
40.00000
33.55923
38.00000
33.00842
33.00000
23.65079
24.62519
32.09707
33.50000
31.67894
35.61211
27.21213
39.00000
26.71246
28.59293
30.86890
23.88907
30.73905
30.90128
20.52438
30.07029
25.17315
27.92052
31.15552
30.81486
32.69047
33.03870
35.50587
40.00000
41.00000
22.66274
20.74030
24.07396
34.50000
29.04403
26.05163
29.33712
27.94041
37.00000
25.36840
25.13961
38.50000
36.59083
27.17842
34.50000
41.50000
30.34615
29.51083
22.13594
26.16295
23.50931
30.94439
31.00000
22.90560
27.45097
24.01432
23.04886
30.07029
25.48638
23.20560
27.39018
28.66279
27.65298
28.00397
31.84337
31.20185
28.33137
35.50000
29.27266
26.88246
24.64117
27.82086
31.88521
28.80201
26.93047
25.19700
24.89352
31.75252
33.50000
35.50000
27.96762
36.50000
28.66279
41.50000
30.34615
34.00000
34.50000
33.00000
26.54556
26.88659
35.50000
30.00000
21.80023
33.50000
35.50000
34.00000
37.00000
29.79933
25.38085
28.19377
36.00000
30.91206
29.02872
38.00000
27.92052
25.19700
36.50000
36.00000
29.04630
29.51083
34.50000
29.32955
30.09983
34.96983
35.00000
36.00000
30.07029
33.50000
30.00370
27.82086
25.92778
34.00327
24.64117
29.13188
34.00000
33.50000
29.62263
28.00397
28.70540
29.97777
21.63701
24.60056
23.92117
26.24669
29.63481
42.50000
25.61683
38.00000
25.49510
38.00000
24.61707
31.88521
36.38070
27.93743
34.76588
26.98611
27.22132
30.91206
34.84250
39.00000
31.20185
36.00000
35.50000
26.88659
39.50000
32.69047
39.50000
23.37734
27.58170
26.88659
24.35544
33.62869
23.78419
34.66987
26.78723
35.00000
34.00000
35.00000
30.94439
40.00000
42.50000
30.21405
25.97862
42.00000
35.00000
37.50000
29.60105
27.82984
21.06751
27.65411
28.85981
25.71964
24.99778
34.50000
36.50000
33.29665
33.50953
21.82172
9.72968
20.96873
21.27346
16.16663
23.29998
20.34699
22.20923
24.00463
26.87006
28.70540
20.34699
28.57738
22.57964
41.50000
34.29610
38.00000
33.76718
28.07530
27.77689
32.41742
26.22380
25.30316
33.55923
25.19700
27.35365
36.00000
28.00397
26.08107
22.79254
25.48638
30.00000
20.12362
29.00000
31.84686
33.62869
29.53341
26.71246
25.19300
30.62679
15.08642
29.69322
25.18928
26.04203
27.47524
38.00000
27.02314
30.21405
33.98039
33.29665
24.99778
26.73741
26.38602
34.50000
24.91318
18.85736
27.53584
27.77026
34.23773
33.55923
26.98148
32.50000
31.62629
25.63567
26.88659
27.45097
24.23955
35.50000
29.51083
36.50000
35.83605
33.72767
24.63230
34.00000
25.25248
33.15955
40.50000
33.62869
33.50000
31.00000
29.50000
30.50000
32.50000
35.50000
33.50000
34.50000
33.08911
28.85981
35.17891
38.00000
32.78550
33.43651
34.50000
27.01029
29.27266
38.00000
27.10512
35.50000
31.94787
36.00000
21.17044
27.64457
31.20185
21.51485
27.94973
30.81486
28.39014
27.82086
31.50000
42.00000
32.82614
36.00000
24.23955
34.76588
30.10814
36.85105
40.50000
19.18984
22.06099
12.77498
30.81486
20.98809
23.35594
17.25804
23.42363
19.75247
17.10994
27.82984
25.00000
33.00000
21.85304
21.00595
36.50000
32.50000
29.60105
25.97475
27.94041
28.28820
33.15955
23.02716
32.82614
24.84452
28.59293
25.44602
41.00000
32.88701
24.25329
26.24881
27.50000
29.04403
24.74242
25.19700
24.10783
31.62629
24.95371
24.25329
26.59992
31.50000
30.43025
36.00000
35.00000
38.00000
35.50000
36.00000
34.00000
29.69100
29.04403
40.00000
37.00000
38.50000
33.98039
37.50000
30.00000
37.50000
40.50000
27.17842
32.49957
30.26916
27.65261
29.62263
31.94787
33.55923
37.50000
29.43956
21.50907
24.55988
26.23399
41.00000
38.00000
26.23399
31.20185
29.78068
37.85352
35.50000
35.14099
24.08780
34.92214
33.76718
25.78275
22.38392
29.32955
28.00397
26.41969
31.00000
25.87832
24.75379
32.50000
27.21213
24.90482
18.29317
29.78068
26.16773
24.35544
23.03666
20.09975
20.14547
21.64486
24.60056
24.22579
25.81061
20.11368
22.20923
22.85826
27.04163
31.00896
35.50000
29.13188
22.24410
28.99138
32.13513
25.19300
33.65511
29.94810
25.42022
24.91318
38.00000
39.50000
28.08321
41.50000
32.00000
42.00000
31.20897
34.37376
36.50000
27.47158
25.49510
23.79075
38.00000
25.70019
39.00000
34.84250
45.00000
23.68309
37.65634
41.50000
33.62869
39.50000
35.17891
36.50000
26.88659
37.50000
37.50000
39.00000
33.82635
34.00000
35.00000
36.50000
36.50000
24.58093
24.50510
31.28365
34.96983
28.57774
18.14828
27.33130
25.75849
29.63481
23.36322
30.50000
31.75252
25.01999
37.50000
19.20000
18.68047
35.23571
20.32701
23.83741
25.61616
28.94055
24.72965
22.45551
22.53192
18.61612
31.28365
27.35365
27.91393
28.47221
33.00000
30.00000
27.72484
27.45097
29.17000
45.00000
27.17842
29.69100
22.82542
38.00000
33.03870
34.70831
30.53959
20.00600
21.65733
18.22601
18.08832
20.41786
21.83461
26.71246
25.19425
27.19477
41.00000
23.90084
33.82635
41.50000
23.17086
24.99778
33.98039
20.43418
40.00000
18.80307
38.00000
36.00000
30.47403
35.50000
30.34615
34.19877
32.35566
26.27737
27.88369
26.61179
21.45344
31.50000
32.50000
30.81486
21.55365
30.53959
30.26916
27.53584
36.00000
33.08911
38.00000
42.00000
38.50000
19.41649
23.42008
39.50000
33.00000
33.03870
33.50000
34.00000
30.53959
35.50000
35.50000
22.61858
29.22328
33.43651
24.47831
26.67396
25.78113
38.50000
28.80201
19.25617
21.31168
28.85596
24.09746
29.69100
27.17842
33.08911
25.32291
34.45125
31.50000
24.66146
28.39014
21.10687
28.00000
31.88521
23.78419
25.97862
28.47221
24.07396
30.34615
40.00000
23.97684
22.91288
20.86115
31.49603
42.50000
21.64809
25.96151
31.96178
23.88907
22.85279
25.59663
18.92512
28.01227
30.24346
21.95877
36.50000
22.27527
25.31139
21.73108
27.82984
27.53584
38.00000
37.00000
23.56242
29.13188
30.55630
40.50000
38.50000
31.59465
29.04403
27.76126
29.51083
31.94787
22.99321
32.78550
33.00000
32.41742
26.95830
32.03123
34.50000
31.84337
40.00000
36.50000
39.00000
30.73905
39.50000
33.55923
31.66842
26.29045
34.00000
34.50000
40.50000
35.00000
35.00000
36.00000
40.50000
35.50000
38.50000
37.00000
38.00000
37.00000
33.50000
38.50000
37.50000
39.00000
35.50000
35.50000
40.00000
29.33712
32.14896
39.00000
40.50000
37.50000
37.50000
39.00000
40.00000
39.50000
28.24103
38.00000
37.50000
39.50000
35.03649
38.50000
14.55472
20.69269
22.18107
28.28759
25.92778
23.04886
23.92117
20.35927
24.57005
27.34387
37.50000
30.56505
30.94439
34.50000
29.97777
22.49444
24.45858
28.19377
28.15582
22.74555
26.31856
29.06315
26.04270
23.15647
20.03123
26.04803
38.00000
26.04270
22.04966
29.50000
24.80297
28.28820
23.74210
29.23848
22.18530
34.00000
30.26916
27.53584
24.56624
33.35666
29.78068
40.00000
28.94055
24.01432
29.06315
37.50000
32.41742
31.84686
40.50000
32.00000
25.02998
21.44502
25.82419
24.34475
40.00000
42.00000
22.45489
28.64728
28.08321
31.00896
26.24286
39.00000
29.06315
24.26245
22.64705
20.75958
21.83317
30.09983
25.84932
37.06151
31.75252
38.50000
34.50000
19.88718
38.50000
21.74601
20.60340
19.63893
34.50000
41.00000
29.60105
35.00000
35.23571
25.32291
34.00000
31.67894
39.50000
33.50000
29.32955
32.56788
29.33712
39.00000
24.99375
25.27350
29.87753
28.80201
39.50000
36.00000
34.00000
27.35365
37.50000
30.62679
31.75252
18.22601
24.32463
31.50000
24.72965
22.28228
25.66450
22.83759
34.50000
28.50000
25.15287
30.00370
23.66901
32.35566
34.09790
25.84999
30.50000
30.50000
39.00000
27.17842
18.57310
25.79123
29.00000
28.40579
29.04403
24.53569
24.84452
30.81486
26.71142
38.50000
41.00000
34.00000
31.37232
30.44485
34.00000
28.47221
31.15552
30.07029
28.85981
34.45125
18.59677
20.01666
32.53716
24.34646
21.91397
22.89590
36.38070
18.63974
20.62008
17.91536
24.05722
25.22276
22.06099
28.63019
20.52285
34.18577
21.71405
31.56299
29.06028
27.08423
25.60640
30.09983
27.89601
23.78419
28.39405
23.13547
38.00000
31.88521
21.84125
29.60105
29.80306
25.61683
24.19065
28.28820
27.35365
22.42209
35.00000
21.95996
25.93582
24.00463
29.63481
28.12275
31.15552
27.18251
24.81305
26.24881
26.94851
22.19369
29.69100
31.09484
33.50000
29.17512
28.12275
29.48823
32.06590
42.00000
32.40370
16.70080
22.39544
20.39608
25.77251
42.00000
25.06990
27.62044
11.64045
30.65217
21.63331
33.50000
26.39129
28.55696
41.98677
14.83989
28.40579
37.50000
29.50000
24.85067
28.99138
31.56299
37.79183
40.00000
28.66279
26.24669
29.00958
25.07364
26.59992
29.22328
38.00000
35.03649
32.22146
38.00000
37.50000
32.22146
38.00000
36.00000
36.50000
30.43025
37.00000
40.00000
37.50000
23.93045
36.50000
24.07396
29.53341
31.00000
31.50000
34.50000
35.50000
23.20022
34.29610
29.40899
30.26916
26.41969
25.10423
22.38392
32.50000
34.00000
36.00000
29.53341
31.15552
30.50000
28.39014
27.25599
28.54626
30.00000
33.50000
27.51818
21.88515
21.75431
26.05163
31.03045
35.00000
31.28365
31.67894
30.07029
25.31181
26.29045
24.71167
20.81316
26.59300
26.23452
27.95532
26.16295
37.00000
36.50000
33.00000
27.35365
25.19700
33.00000
31.32979
20.17889
32.41742
26.31896
32.22146
24.25329
31.48313
24.47831
22.12888
18.99342
26.54974
36.50000
19.93740
23.92117
22.17403
23.04886
26.24669
20.92271
32.22146
23.34286
27.17842
20.72679
38.50000
34.02940
39.50000
36.00000
32.00000
27.78889
33.50953
35.00000
34.50000
33.50000
41.00000
22.01562
27.69815
24.61707
24.06159
27.94973
33.55923
33.29665
27.92052
32.31443
24.38237
30.86530
32.14896
33.08911
35.39303
41.00000
35.50000
35.00000
29.97777
31.09484
33.35666
42.50000
40.00000
34.00000
24.43742
33.29665
35.39303
31.94787
29.74335
28.66279
24.58093
37.50000
37.50000
40.50000
39.00000
32.88701
23.03620
30.68478
24.51913
41.50000
36.00000
38.00000
40.50000
42.00000
27.65261
27.96762
29.95923
33.08911
41.50000
31.28365
36.00000
33.15955
36.64545
34.65384
30.34615
36.00000
36.50000
36.50000
37.50000
27.60774
31.62673
25.37100
20.70749
33.55923
22.63156
36.50000
41.50000
33.95095
40.00000
38.00000
35.50000
39.00000
25.03775
30.50000
22.46479
28.46379
38.00000
24.64117
23.04886
23.28089
25.21428
33.53605
22.00568
22.32011
31.50000
22.81858
24.63103
23.57456
31.37232
30.50000
32.50000
27.82086
31.15552
25.19700
23.39744
27.92052
28.39014
31.94787
26.42442
31.84686
33.00000
37.50000
23.39204
20.38038
33.00000
37.50000
26.54974
36.00000
22.10204
31.88521
34.29610
32.14896
28.87136
35.50000
30.94439
20.94636
38.50000
41.50000
32.41742
29.79933
24.79415
22.33025
41.00000
31.59465
28.70540
25.59663
32.82614
19.14419
29.40899
27.77689
25.06990
28.54273
24.07670
31.50000
33.98039
35.00000
28.75568
40.00000
26.31856
21.97015
28.18244
27.53634
29.53341
42.50000
36.00000
34.00000
19.45989
25.31798
31.50000
34.50000
29.22328
29.32955
26.28054
28.33137
24.44495
29.50000
31.62629
28.87136
31.56299
34.93804
35.70559
30.81486
34.02940
21.51017
30.71645
36.50000
26.84937
37.50000
24.56624
32.00000
32.00000
29.23848
25.38085
29.04403
33.50000
30.53959
32.78211
37.50000
26.13214
36.50000
32.00000
34.00000
36.00000
31.47839
32.69047
20.57152
30.00000
32.50000
36.50000
26.55654
30.91206
23.58363
28.19377
33.00000
35.00000
28.33137
28.12275
26.96757
28.94055
27.38042
24.30021
36.71815
36.38070
28.24103
23.79542
22.93953
32.35566
24.31435
27.82086
37.00000
37.50000
29.69100
27.96762
29.60105
35.00000
27.86076
29.60105
29.33712
29.79933
32.88701
23.21398
26.23399
28.31176
37.00000
22.93953
42.50000
24.27447
26.67747
37.50000
21.75868
33.53605
40.50000
26.64934
24.19065
28.28820
22.82953
23.39204
31.62629
27.13342
25.95295
29.00000
33.00000
36.00000
26.59992
29.13188
22.72664
30.65217
22.69116
27.53584
23.97684
38.50000
23.71708
30.50000
24.63511
27.47524
39.00000
36.00000
26.38602
29.80306
33.00000
26.91189
29.97777
38.50000
