16.83568
18.49324
31.64736
16.09930
20.27039
20.51016
22.03270
16.14776
20.98147
12.66228
16.06736
26.19160
34.09790
26.47011
21.04163
20.45727
25.28339
27.88369
22.55364
38.26225
31.47839
36.50000
29.13188
25.50000
22.93953
27.84219
36.08324
27.32215
30.84943
24.68299
25.82029
21.85606
15.50000
24.79695
21.50000
27.90161
27.86014
24.34646
32.61901
32.96800
27.31300
27.82086
24.89352
20.15409
28.28820
23.09085
26.50000
25.76820
26.54556
30.34615
26.88659
27.25599
28.85981
35.00000
26.51205
34.50000
23.01207
25.95295
32.56788
23.50931
19.37137
24.84452
28.40579
19.77271
24.05203
23.96221
21.67227
26.74883
34.00000
17.29884
33.00000
18.57118
30.91206
33.50000
28.54626
26.78723
31.75252
37.00000
39.00000
27.34045
23.66432
31.28365
34.09790
29.40557
23.09882
36.50000
23.09882
24.27447
37.50000
32.31443
24.99375
25.54408
30.91206
33.00000
24.20098
23.20560
27.77689
31.50000
42.50000
29.50000
30.00000
27.45097
32.41742
24.72965
21.58333
30.67572
21.40531
29.67638
39.00000
33.00000
35.00000
34.00000
32.00000
33.29665
34.00000
18.99177
39.50000
31.00896
23.50659
30.34615
32.89377
34.23773
35.50000
21.23414
25.01999
18.98842
34.50000
32.96800
25.51392
26.31856
29.32955
27.17842
22.72796
24.03513
36.30733
29.85381
27.53584
23.12331
24.74242
30.53959
29.87753
22.61858
31.10768
23.93045
23.00408
22.69116
21.82172
18.00667
22.07374
38.50000
26.05283
30.53959
28.03569
29.87753
32.53716
21.76436
25.65151
31.09484
28.94823
20.31420
30.73543
22.85279
17.86757
35.00000
24.43440
32.35566
29.95923
34.09790
34.09790
29.31818
26.93859
29.00000
39.50000
27.22476
21.96968
36.12017
40.00000
34.50000
29.93697
37.00000
29.79933
28.56024
27.72484
29.79933
29.32955
40.00000
39.50000
27.77026
34.02940
32.07413
26.28054
22.09434
25.81182
34.00000
33.35666
28.87136
40.50000
20.87678
37.50000
36.85105
31.84686
34.02940
31.47839
26.41969
20.10373
25.31578
25.49510
32.50000
34.00000
26.08107
26.41969
36.00000
39.00000
38.00000
38.00000
33.25658
27.72484
35.70559
31.09484
32.35566
27.92052
26.67747
28.56960
22.88134
37.00000
37.00000
37.00000
33.50953
31.50000
32.50000
35.50000
31.00000
38.00000
31.94787
32.22146
29.93639
28.85981
39.00000
21.98727
26.88659
28.39014
37.00000
36.50000
28.59293
29.06315
34.19877
27.77689
20.45092
34.50000
28.57738
32.69047
25.38208
23.03666
28.59293
27.53584
29.00000
37.50000
35.50000
36.50000
36.00000
28.47221
39.50000
25.57342
21.79449
24.87343
25.61683
25.77251
29.79933
26.09521
26.61179
21.69997
18.31284
18.85736
21.36001
24.05203
25.77251
27.10512
33.82635
19.39716
24.89352
22.70875
24.33490
35.39303
39.50000
29.78068
35.91038
27.69815
17.62101
22.38722
19.11649
20.72572
26.24669
36.50000
34.50000
32.41742
33.00000
36.50000
25.79244
25.48638
25.46021
28.19377
23.51064
23.55136
24.13504
20.36388
23.58495
23.22929
28.75568
26.52711
25.73300
26.88659
31.84337
35.78019
32.22146
32.50000
29.97777
24.72965
23.45608
29.42257
23.69599
24.96372
24.91318
29.17000
23.09882
33.50000
28.24889
37.00000
31.09484
31.28098
21.46363
17.41723
41.00000
11.74379
13.97095
16.92631
21.23414
22.41093
25.22276
27.72484
29.33712
26.16295
38.00000
22.53353
33.50000
29.53341
31.50000
31.00000
28.75568
26.78723
25.66450
31.00000
22.50000
24.33490
34.92214
28.75217
42.50000
26.23399
31.47839
22.60946
29.32955
35.00000
29.27266
29.60105
27.06782
32.50000
31.94787
33.50000
27.94973
22.96193
24.99778
24.70324
34.50000
31.41479
37.00000
28.47221
37.00000
34.00000
23.80520
32.00000
23.76272
38.50000
25.17053
22.00505
23.61261
26.41128
25.19700
26.71246
27.17842
28.70540
31.41479
24.62722
27.64394
27.88369
39.00000
25.15287
33.50000
29.60105
29.79933
35.00000
30.34615
30.53959
18.63760
21.18112
30.26916
23.27015
27.92052
26.71246
25.01999
22.72796
32.00000
29.74335
35.44009
32.60198
21.45320
23.76315
28.11089
25.03775
22.76489
25.00000
29.23848
27.65298
30.86530
40.10265
41.50000
21.11303
30.44485
17.40575
26.13214
29.67638
23.04257
17.72710
25.43005
33.15955
22.55410
24.72965
26.31896
27.64457
30.40970
45.50000
26.24881
23.24866
27.82086
27.01029
25.59663
33.90510
17.82710
14.48586
19.47274
23.89328
25.49510
20.31157
20.95034
22.71035
27.18251
31.37940
38.50000
37.32143
26.91073
17.90419
28.57774
35.44009
20.98147
35.00000
30.09983
25.78113
33.50000
24.68299
36.80580
21.11871
25.43005
37.50000
29.79933
42.50000
39.50000
38.68965
30.28510
26.59992
35.14099
33.76718
29.17000
39.50000
29.51083
36.50000
37.50000
17.72710
33.00000
21.14681
22.28228
24.89352
23.31309
29.79933
21.61452
25.18308
32.82614
37.50000
25.27350
22.06717
33.29665
32.00000
36.50000
31.67894
31.00000
38.00000
34.50000
39.00000
40.50000
21.12315
39.00000
27.06782
23.79542
24.58093
22.75961
25.78113
30.62679
23.95177
32.35566
36.50000
31.75252
27.82086
27.17996
20.63589
20.84866
32.61901
39.50000
33.62869
41.50000
28.28820
42.00000
30.73543
43.50000
19.81582
45.50000
35.64953
41.04469
25.92778
38.05552
19.91702
31.63332
35.91038
19.80372
25.62591
26.24669
32.31443
16.31632
27.34387
37.11544
33.48963
20.75958
26.23399
21.12315
33.53605
36.50000
31.84686
17.69294
20.36664
20.37768
20.86864
25.42145
31.67894
27.15120
34.50000
33.55923
31.41479
26.71246
34.00000
31.50000
19.51000
23.16247
27.99107
28.85981
29.13188
31.62629
38.50000
35.23571
31.15552
31.20897
31.00896
22.99321
31.50000
27.48181
23.94133
38.94440
31.00896
20.87103
28.94055
21.37025
39.88595
33.43651
25.36840
21.98153
29.43920
35.12201
31.63332
20.77884
27.01851
20.22474
24.14309
12.74755
19.06568
20.42156
21.74090
20.37768
28.85596
22.64950
27.18251
24.57005
32.88701
23.58495
38.50000
33.50953
33.35999
16.77796
20.94636
22.12465
22.88134
18.68047
24.45858
33.50000
29.50000
25.95295
34.00000
37.50000
20.75958
24.39034
20.16928
23.34286
21.87893
38.50000
21.74090
21.78732
21.69997
41.50000
20.57912
37.50000
35.50000
30.73905
26.13427
26.84213
38.00000
21.62776
25.30261
23.34925
42.50000
30.15884
31.20897
31.94787
35.50000
27.47524
32.14896
30.73543
23.27574
23.80520
28.54273
32.03123
19.33287
27.27063
17.58472
26.63996
17.73809
16.24808
28.83899
27.93246
22.64398
20.94636
21.96019
20.60795
34.18577
23.38376
22.88422
25.01375
23.53381
20.41176
25.84999
25.15287
32.61901
35.50000
37.00000
27.06782
19.30458
18.58386
26.78036
24.53569
27.06782
20.32701
9.54667
22.03270
7.91261
19.76107
20.71684
20.84916
22.29770
11.32431
20.56794
14.71598
31.30495
34.10116
20.91507
19.39691
20.58737
16.78571
24.69185
31.84686
25.66450
35.50587
45.00000
33.82635
33.18969
34.09790
24.75480
35.12201
19.05781
26.61244
22.61637
14.64487
18.09530
18.38042
21.89612
16.58878
21.94174
32.31443
27.60888
26.71246
34.29610
13.60882
42.00000
36.00000
34.00000
17.33413
24.66146
28.28820
28.08321
27.06782
22.36487
27.01029
26.78723
21.41699
20.11685
35.17891
27.25599
23.37065
38.50000
30.81486
23.32381
27.35365
28.47221
30.68478
28.40579
29.60105
36.85105
30.94439
38.50000
26.08959
43.00000
32.14896
37.00000
23.33809
27.58170
36.71815
30.62679
24.22579
32.41742
29.79933
40.00000
28.54626
24.01432
29.87753
43.00000
22.43184
43.50000
39.88595
23.92154
23.47738
19.20124
25.77251
24.58997
31.56299
36.00000
24.33490
22.01562
35.17891
28.24103
23.42408
15.23770
31.20897
38.50000
21.79195
22.09575
26.78619
23.45741
27.34387
22.06556
23.66901
31.37232
30.09983
28.67926
25.96512
17.73336
38.26225
27.53584
26.08959
23.94786
24.18677
26.02403
15.44798
27.10512
24.05203
38.00000
30.15884
37.00000
35.50000
28.39405
32.56788
41.50000
35.00000
31.15552
28.70540
32.22146
20.69269
34.29610
32.13513
41.00000
43.00000
40.50000
40.00000
37.00000
26.87006
34.49960
35.12201
23.89328
28.08321
27.09705
32.56788
22.67686
26.08999
38.00000
33.35666
30.24346
44.00000
15.32337
15.11897
10.56177
24.83546
20.81730
31.47839
18.92676
43.00000
31.00896
32.44226
45.00000
25.24876
23.49468
26.38602
29.33712
19.32253
20.07953
24.99778
31.16979
31.40064
40.00000
31.56299
27.19477
24.94494
21.32229
24.94438
21.83461
21.19404
30.05308
32.96800
15.49710
23.53381
18.65047
25.38153
33.76718
26.57536
35.64953
33.00000
16.34625
19.63059
20.85399
20.25241
15.77847
16.66396
23.62202
30.44485
11.49728
26.89796
19.61224
37.00000
43.00000
38.32319
25.63201
36.91432
26.61297
22.06556
26.84937
18.84642
27.98015
13.91717
28.11089
30.12474
31.84686
40.00000
18.77942
36.30733
20.27776
21.13197
36.08324
34.50000
22.63156
27.32215
34.50000
23.44014
35.03649
19.60230
20.14349
16.81930
27.65261
31.75252
18.92676
24.70197
23.37007
34.66987
27.60435
36.50000
23.44260
22.83759
8.87694
17.70424
30.50000
30.00000
29.50000
27.82086
34.49960
29.30444
42.00000
26.71246
32.50000
30.00000
25.83710
24.11431
21.85177
28.08321
19.95395
29.95309
36.00000
28.24889
32.50000
24.79415
26.59300
27.09705
28.47221
25.79244
26.71246
42.50000
24.55380
25.75243
20.86265
22.86190
22.02362
26.54556
29.17000
25.43005
27.22132
26.87006
31.28365
20.43282
21.84033
23.60614
28.54626
23.34286
30.56505
36.00000
28.51644
27.35365
26.98148
34.00000
38.00000
33.00000
31.50000
32.22146
29.79933
29.53341
15.28071
34.19877
22.40000
43.00000
25.48638
42.50000
36.50000
26.32489
34.02940
36.30733
43.00000
41.00000
23.63657
40.50000
39.00000
40.50000
22.43747
34.70831
32.61901
35.39303
29.40899
23.50931
25.29204
20.30172
32.00000
26.06722
21.17044
20.94487
21.03901
30.00000
30.07029
27.78889
33.00000
26.34862
30.43025
23.69995
29.79933
30.00000
36.50000
24.53569
28.00397
31.00000
23.65772
28.00397
23.33809
20.65188
30.53959
22.79666
35.00000
28.00397
27.47524
38.00000
29.33712
30.34615
37.00000
30.21405
30.50000
27.71732
28.47221
28.33137
30.62679
35.00000
35.50000
33.50000
31.50000
36.50000
32.00000
30.50000
21.66795
21.99290
21.89178
29.74335
30.68478
25.95295
25.75243
25.47548
30.07029
23.52127
26.70557
26.08107
24.44381
28.75568
28.00397
29.40899
25.66450
32.50000
26.98148
26.13214
37.00000
27.72484
25.31578
28.28820
23.98437
25.82419
23.93742
22.26404
37.50000
23.55136
23.92117
25.49510
25.51838
24.07396
23.49468
22.09497
22.98913
31.66842
28.94055
35.23571
37.00000
39.50000
18.65905
29.00000
31.00896
36.00000
32.41742
29.69100
42.50000
28.28820
34.66987
29.17000
24.99375
33.50000
35.50000
34.23773
36.00000
37.00000
31.94787
37.50000
35.50000
20.10597
37.00000
36.50000
34.50000
28.66279
26.31856
25.38153
26.41128
33.50000
32.78550
36.00000
34.00000
27.25599
25.51838
25.61250
33.62869
26.91073
30.15884
27.17842
29.50000
33.00000
33.50000
27.25599
37.00000
30.00370
28.40579
22.01136
21.36586
23.55136
23.02716
24.36570
24.20098
20.05393
24.85961
26.31856
32.56788
27.92052
24.74874
33.00000
28.11089
25.72072
26.51205
37.00000
33.00000
21.48384
32.41742
20.52438
20.23265
36.50000
23.61261
24.71167
23.93045
27.17842
21.93171
40.50000
21.71837
29.50000
27.64457
21.97157
27.62044
38.50000
35.50000
38.50000
35.00000
27.13342
30.50000
32.22146
39.00000
32.50000
24.57005
29.69100
28.57738
30.44485
33.35666
27.31300
36.00000
25.19700
28.85981
25.23267
28.75568
25.67586
21.28849
20.23858
21.54066
21.16034
12.98615
24.96372
28.39014
12.98615
15.50484
18.06066
21.33659
23.12331
19.84156
22.73030
24.41766
26.87355
28.50000
22.32129
32.50000
36.00000
28.87136
19.11439
34.75949
34.02940
36.00000
25.57342
31.84337
30.47403
32.88701
34.76588
28.28820
26.14742
34.23773
30.26916
28.00397
29.63481
21.13197
26.98148
27.64457
20.32732
27.39868
31.41479
21.19434
31.62629
33.50000
25.19700
24.57005
28.66279
33.62869
32.00000
29.00000
26.51205
31.00000
24.34132
29.74335
35.50000
28.47221
29.87753
24.26288
27.25599
21.30164
26.98148
33.00000
27.25599
27.94041
20.08980
27.86014
25.15287
26.71246
23.56905
25.38153
25.62984
27.45097
23.14087
26.13214
25.82419
25.31139
30.00370
40.00000
27.53584
29.06315
33.00000
26.78723
29.50000
32.50000
25.27350
26.24669
28.75568
30.47403
40.00000
32.22146
27.15695
33.08911
45.50000
21.13498
21.12250
26.24669
36.50000
29.32955
27.64457
20.22838
25.58686
21.67227
32.22146
29.48823
26.41377
29.04403
17.91337
21.93599
40.00000
19.20417
43.50000
35.00000
16.46967
33.00000
27.90161
22.83759
38.50000
25.82997
25.89401
33.06895
32.60198
37.85352
30.99496
39.50000
33.00000
29.04403
32.50000
38.00000
32.61901
25.47057
26.47168
20.11685
23.39204
17.67937
25.62984
32.03123
24.89352
33.50000
42.50000
28.47221
32.78550
29.06315
17.37354
24.91318
23.71049
24.12468
30.34615
26.64934
39.00000
13.68165
27.08423
22.63156
16.13227
29.86951
36.80580
40.00000
41.50000
21.42522
28.19377
9.97775
22.58318
35.00000
26.05163
17.29740
38.05552
38.50000
27.54088
23.37734
23.92044
34.70831
28.47221
32.41742
22.87466
22.33131
18.75056
21.54501
23.15647
28.39014
31.32979
24.79839
24.76388
25.73300
33.82635
23.16652
31.50000
19.37627
23.17086
16.96729
20.96282
25.64542
25.05369
27.01029
38.50000
33.76718
20.65642
8.70402
23.98958
44.00000
34.50000
34.70831
40.00000
41.00000
28.52192
23.48404
33.00000
25.80388
31.67894
32.14896
26.93047
35.12201
27.09705
26.19518
20.30120
31.50000
37.00000
31.50000
36.17550
33.00000
23.27015
28.87136
25.70019
26.34862
28.94055
27.58170
39.00000
31.00000
35.50000
25.30261
29.47315
27.45097
31.00000
28.50000
24.14022
33.55923
31.15552
34.00000
35.00000
31.50000
34.50000
33.00000
29.32955
39.00000
37.50000
37.50000
39.50000
42.50000
29.13188
29.40899
30.47403
36.50000
36.00000
33.00000
38.00000
38.00000
35.50000
32.41742
40.50000
35.50000
40.50000
38.50000
31.20897
26.33795
28.94055
35.00000
35.00000
31.56299
30.68478
31.00000
28.19377
29.06315
29.79933
30.81486
25.78113
26.61244
33.15955
21.78732
21.56479
27.69928
31.00000
32.14896
23.37065
26.84937
26.31856
19.17916
22.88422
41.00000
34.19877
20.93442
32.00000
32.78550
28.94055
27.01029
32.00000
31.00000
28.80201
28.83032
25.86020
31.50000
23.26714
25.38085
24.63331
41.00000
32.71425
30.44485
32.49957
34.00327
39.00000
33.25658
29.22328
31.37940
25.39193
30.94439
24.57005
31.28365
34.00000
31.28365
18.65848
27.60888
33.00000
38.00000
29.50000
27.45097
23.79542
19.30512
29.27266
33.82635
24.72965
18.78297
23.08679
29.60105
26.13214
35.00000
27.65261
28.66279
27.92052
25.77251
24.70324
28.47221
34.50000
17.74511
37.00000
28.18133
26.19160
25.39029
25.61683
20.36388
30.91206
25.86020
20.03123
19.96873
20.94487
25.01999
25.01999
18.01311
24.53569
29.00000
24.14022
36.00000
21.74138
37.00000
19.51000
25.48638
29.93697
25.14955
24.50510
30.50000
25.92658
32.14896
32.14896
27.45097
31.09484
32.14896
28.85981
38.50000
30.30161
34.50000
38.00000
27.04972
23.71049
29.22328
22.82542
20.31471
21.66795
23.52127
25.31139
26.08107
34.49960
26.31856
30.07029
26.41969
27.45097
29.69100
36.00000
33.50000
35.50000
37.00000
33.08911
30.00370
29.95923
30.90128
31.56299
33.50000
25.38085
26.98148
28.56024
36.00000
34.00000
28.59293
23.98958
31.20897
24.90482
26.78036
35.00000
32.00000
30.50000
29.50000
26.78723
34.00000
31.94787
36.50000
30.43025
35.00000
26.71142
34.00000
32.50000
26.83696
28.07579
21.90525
32.61901
39.00000
35.50000
34.00000
32.78550
34.70831
35.83605
35.50000
30.34615
28.11089
21.64871
31.28365
24.08780
26.24881
26.40549
25.36237
30.53959
32.50000
31.00000
38.00000
27.82086
30.26916
24.58780
23.31866
41.00000
36.33486
33.48963
32.41742
33.90510
44.50000
34.76588
37.00000
29.97777
27.47524
26.83631
32.96800
24.91318
35.50000
27.32927
30.68478
31.20897
27.17842
33.00842
33.15955
26.16653
34.23773
41.00000
21.82172
22.18107
24.47958
24.56624
25.18928
28.32402
37.53221
29.97777
21.24147
36.50000
35.00000
35.00000
32.31443
36.00000
31.66842
38.00000
26.59992
41.50000
23.79075
27.06782
31.88521
41.00000
22.93878
26.94851
42.00000
28.57738
32.96800
35.50587
25.51838
31.32979
31.94787
23.47738
27.00347
30.15884
40.50000
25.52450
34.23773
22.39544
26.98148
31.00000
25.85053
26.84937
19.51282
25.39193
31.50000
29.69100
37.50000
21.99290
32.89377
31.20897
21.55226
23.53720
23.94786
24.71617
31.49603
20.96873
21.02974
24.57641
30.62168
27.29812
34.58645
19.30673
22.28228
17.61136
36.00000
16.33401
22.06556
25.03775
18.45427
38.50000
21.56128
29.74335
20.40067
25.75243
22.50000
21.89749
17.17961
35.70559
24.62214
22.53353
27.64457
27.94041
27.39868
21.61452
31.28098
19.57518
20.52438
26.24669
30.68478
29.31818
39.16064
37.58546
21.99636
41.00000
23.99349
31.00896
29.51083
36.50000
29.62263
23.44260
17.03408
21.63844
42.50000
27.35365
19.42132
20.80769
19.07459
32.88701
23.34524
25.14955
34.70831
32.82614
28.24103
37.50000
38.50000
37.00000
28.85981
35.50000
37.02552
34.70831
38.00000
34.89349
29.17512
36.08324
40.00000
29.40899
26.28054
39.50000
30.68478
35.50000
25.17315
29.13188
28.66279
27.28553
29.87753
30.07029
32.61901
29.32955
35.00000
32.00000
26.00000
22.55364
25.84999
24.12986
29.69100
32.41742
23.89328
25.48638
26.13214
25.36840
24.50893
21.24117
24.46426
22.89651
30.73543
28.08321
27.32927
28.87136
28.94055
30.34615
24.56624
22.56518
22.85142
22.79254
29.60105
38.50000
29.60105
19.10497
19.42132
24.81305
35.50000
27.19375
36.85105
14.87817
25.95295
13.92264
16.61743
30.34615
29.22328
29.79933
30.07029
29.50000
42.50000
26.61179
26.49528
30.91420
24.91318
24.50893
22.32011
21.68525
27.85678
26.97221
38.00000
24.11141
21.95877
23.61261
19.01315
18.38987
19.86674
24.82312
20.17523
19.95595
26.82699
21.56128
23.44260
24.45858
27.19477
21.00446
27.01029
21.08317
27.17842
31.00000
25.97862
26.44911
30.53959
31.50000
41.50000
32.96800
19.12296
32.50000
31.47839
28.66279
30.34615
30.00370
29.79933
19.82322
32.13513
33.43651
38.50000
39.00000
29.40899
40.50000
18.25514
27.94041
28.39014
37.50000
33.47968
32.13513
29.48823
36.00000
23.17086
38.00000
39.50000
32.09707
31.94787
20.14547
29.23848
36.00000
30.53959
30.47403
32.22146
30.62679
36.00000
26.39394
35.17891
32.50000
38.50000
25.13339
29.87753
23.16247
28.47221
33.50000
33.43651
25.13961
21.40093
27.79726
27.91505
28.85596
37.00000
21.85606
26.78723
28.08321
27.32927
31.75252
23.89328
23.61261
28.19377
41.00000
19.58979
22.72664
22.85142
24.33619
27.82086
30.15884
24.85067
24.91318
25.01999
30.07029
36.50000
28.57738
29.40899
30.44485
25.15287
25.46021
24.30821
30.50000
32.00000
30.62679
26.19160
28.85981
26.13214
28.56960
35.00000
24.44381
32.86673
22.79666
21.01190
21.83025
23.90607
25.77251
25.03775
21.05350
30.26916
24.09703
33.50000
31.00000
37.00000
27.82086
29.04403
35.17891
36.38070
29.93697
33.34666
25.70019
25.16347
19.40844
22.86190
33.50000
29.87753
21.24712
41.00000
36.50000
