20.85399
17.89553
18.74000
23.17086
13.31666
9.51169
26.39865
12.35921
19.00947
19.68502
26.87355
15.44021
16.51325
10.97978
24.52040
23.92044
21.23414
22.41093
20.66495
19.42132
22.74863
27.65261
27.99107
41.00000
39.50000
33.00000
41.00000
23.75205
25.33456
15.51411
22.88134
18.27567
36.12017
29.60574
35.61211
27.24261
41.00000
30.81486
32.88701
27.94973
21.00000
25.81666
28.23451
24.67286
25.01999
27.53584
37.00000
21.78302
22.42209
24.55988
16.46329
21.04493
28.85981
20.51731
38.00000
19.30458
26.98148
29.17000
25.67465
25.05369
26.28477
39.16064
40.00000
38.00000
38.50000
32.56788
23.90999
27.32927
24.87343
36.12017
32.41742
27.35365
23.76272
28.00397
29.70971
37.18721
39.00000
33.76718
34.89349
32.41742
34.02940
30.73905
33.55923
31.56299
29.13188
27.06782
25.78113
19.03050
24.36570
33.50000
35.00000
33.03870
17.21111
38.50000
21.89178
30.00000
29.53341
34.02940
35.50000
29.40899
36.50000
27.18251
29.22328
39.00000
23.60614
23.28089
23.35594
22.74863
29.53341
28.00397
21.66795
37.00000
30.34615
28.70540
30.15884
25.95295
27.82086
28.85981
39.00000
39.00000
26.15764
32.50000
27.02314
28.33137
22.52899
22.84048
24.85067
28.80201
32.88701
36.50000
41.50000
18.66071
13.76372
37.00000
28.47221
36.50000
32.00000
34.50000
27.35365
31.00000
33.25658
34.00000
32.78550
25.66450
29.27266
33.50000
35.50000
39.00000
26.71246
27.77689
40.00000
40.00000
34.00000
38.00000
28.28820
27.64457
33.50000
38.32319
36.33486
38.50000
26.85493
25.42022
36.38070
32.61901
17.80562
36.00000
36.00000
35.50000
22.85826
22.74863
23.62599
29.60105
29.63106
25.82997
27.90161
25.81782
24.58093
28.47221
27.17842
26.95830
24.80297
22.31950
27.60888
28.85981
35.00000
36.00000
29.81191
22.88580
23.41340
23.56242
24.91318
31.28365
29.53341
26.08107
32.60198
32.88701
27.01029
28.75568
34.50000
33.95095
29.95923
39.00000
25.49510
35.50000
35.70559
17.18284
40.50000
41.50000
28.12275
40.50000
41.00000
25.24986
37.50000
40.00000
38.50000
33.62869
41.50000
41.50000
23.69716
42.00000
25.84932
42.00000
25.89764
24.17988
30.90128
17.65673
23.02580
35.78019
22.56901
22.35531
21.75287
21.92411
20.20365
19.91702
40.50000
20.82200
25.77251
25.24986
22.09638
30.50000
30.21405
32.09707
26.95830
37.06151
30.34615
27.64457
25.46021
15.59291
33.72767
19.12694
19.49974
23.25269
22.94967
19.67708
31.67894
19.61224
30.90128
38.00000
36.91432
26.09521
31.47839
35.03649
38.50000
24.98500
34.29610
24.14022
39.50000
34.23773
32.50000
35.64953
30.26916
39.00000
31.75252
29.51083
29.60105
31.50000
20.09577
38.50000
33.08911
23.56242
28.43707
27.51818
31.56299
27.77689
28.08321
30.50000
27.82086
21.99290
26.24286
24.08838
23.51994
35.50000
23.15572
37.00000
35.00000
18.78297
35.17891
38.50000
33.00000
32.00000
27.17842
27.35365
28.08321
27.06782
27.88369
23.22929
31.84686
30.40102
30.15884
27.39868
30.81486
31.37940
24.05494
19.52025
33.29665
27.04163
31.67894
36.00000
34.56716
37.74770
29.47315
32.49957
32.82614
28.75568
22.64398
20.86145
24.14309
27.18251
28.89444
24.19711
27.98015
27.85678
27.31300
28.19377
35.50000
25.08984
26.48113
27.47524
34.92214
28.76956
31.64736
26.55654
27.93246
33.82635
28.40579
23.95177
29.01724
40.50000
30.26916
32.88701
17.91759
29.48823
27.84219
38.00000
39.00000
44.50000
45.00000
27.94079
38.50000
24.44381
26.65521
34.66987
44.00000
27.90161
43.50000
27.50795
20.01599
16.06736
25.93582
33.06895
24.07396
21.43012
25.09357
38.00000
23.47738
32.50000
35.91038
37.00000
24.22163
25.70384
25.88919
40.50000
33.35999
25.49877
27.47524
34.50000
23.71049
24.55988
27.65261
28.67926
40.00000
30.73905
21.35416
27.06782
24.63511
27.92052
34.00000
39.50000
37.50000
32.14896
29.95923
30.09983
21.16223
21.98153
21.87893
31.56299
34.09790
25.88919
28.33284
32.56788
29.53341
22.09575
24.99778
22.94967
22.90560
19.68502
21.68525
19.81792
18.67318
24.41311
30.91206
16.31441
25.70603
33.35999
33.15955
38.00292
39.50000
36.38070
31.77558
20.58543
25.81061
21.22940
28.87136
33.90510
32.00000
22.86373
23.45608
29.94578
31.96873
48.50000
43.50000
26.08107
23.70991
20.81466
30.91206
22.67157
42.50000
42.00000
28.08321
37.50000
29.90401
21.70829
22.63294
38.50000
40.00000
39.00000
26.24286
21.67026
21.39533
28.47221
32.61901
34.96983
28.00397
36.50000
38.94440
21.31168
33.00000
19.85346
21.99290
21.93741
32.61901
26.86075
30.47403
25.54408
26.88659
32.50000
28.87136
25.55753
24.49872
32.31443
38.00000
32.14896
38.50000
26.54974
30.73543
33.00000
30.26916
24.86463
36.38070
25.30316
30.68478
27.69815
28.07530
28.39014
32.50000
28.54626
28.39014
34.50000
31.00000
24.72965
23.36664
25.02998
29.00958
22.71976
15.78413
30.34615
26.64934
27.76238
25.99399
29.33712
21.32340
42.00000
24.25329
32.14896
33.00000
29.63106
33.08911
27.24885
26.48113
38.05552
38.21867
41.00000
31.96178
29.53341
36.50000
30.12474
30.94439
23.68016
27.25599
31.94787
33.50000
27.65261
28.75568
31.00000
35.50000
38.00000
27.15797
23.89561
28.11089
33.00000
31.50000
27.00000
24.83277
29.87753
28.00335
28.80201
31.37940
26.09957
25.97475
21.52580
30.15884
29.87753
25.92296
37.00000
24.52663
23.93742
24.53569
28.07530
34.00000
30.68478
34.00000
28.85981
37.00000
30.44485
37.11544
25.61616
38.50000
41.00000
31.00000
32.00000
25.31578
32.50000
23.50931
23.71708
25.27350
32.00000
33.00000
36.00000
34.50000
29.87753
31.00896
31.84686
26.71246
33.50000
30.62679
29.97777
26.13214
28.24889
24.85067
28.31409
40.50000
34.76588
31.00896
29.63481
27.25599
34.56716
25.78113
33.90510
25.79244
26.93859
22.52776
28.39014
40.00000
34.23773
25.07987
30.98790
35.86394
43.50000
23.68122
11.96871
27.35365
19.63893
37.00000
20.60744
21.00446
20.65914
42.50000
25.61250
29.87753
38.00000
29.13188
13.13287
19.33908
14.95619
33.50000
25.66450
28.47221
21.85606
24.44381
33.00000
34.66987
40.00000
23.15167
33.00000
36.00000
33.08911
28.12275
33.06811
33.08911
38.50000
33.35666
25.12345
27.18915
26.09119
37.00000
34.49960
40.00000
29.85381
39.00000
18.55323
18.50838
24.52550
20.88593
18.65978
33.50000
27.31300
20.60744
22.84048
29.51083
26.13214
26.78723
34.50000
30.44485
31.75252
32.60198
42.00000
36.50000
29.33712
24.09357
25.92296
29.51083
22.32011
35.00000
27.82086
23.74210
26.87006
37.02552
24.70324
27.31300
26.24669
26.71246
23.52127
21.13498
29.22328
23.58363
26.13214
32.61901
25.62984
27.72484
21.23582
36.50000
25.06367
41.50000
31.09484
22.65745
33.50000
23.92117
27.72484
21.45344
36.50000
33.50000
36.12017
38.50000
35.03649
37.00000
39.50000
28.68362
28.56024
25.97475
27.39868
26.78723
27.92052
33.00000
28.80201
27.72484
28.59293
34.37376
38.00000
28.19377
27.50000
29.00000
29.53341
30.50000
23.90607
28.19377
33.00000
27.53584
34.00000
34.50000
26.84937
33.00000
28.54626
28.85596
24.13504
33.55923
29.87753
26.76752
33.72767
39.00000
20.41960
16.61325
27.93246
18.26712
27.93246
37.18721
10.02774
32.09707
25.92658
29.69100
35.00000
34.00000
33.55923
29.69100
38.50000
32.50000
30.86530
36.00000
46.50000
22.03406
24.23955
27.27063
33.15955
40.00000
34.02940
23.12331
28.70540
24.68918
20.32701
31.50000
31.00000
23.42541
28.22565
34.50000
37.50000
43.00000
26.72078
27.88369
24.46426
31.75252
44.50000
28.94283
25.94706
22.49861
27.47120
22.89651
38.00000
36.50000
32.00000
33.00000
42.00000
37.00000
39.00000
33.82635
41.50000
31.28365
21.12315
20.62008
19.67130
20.07209
27.82086
21.68317
17.51571
29.00000
25.52959
32.06590
22.46419
25.43005
25.95295
29.01724
23.29998
22.18107
29.78068
31.03045
23.80520
28.94823
22.77060
21.17126
25.98557
19.75475
33.55923
36.50000
27.45337
28.94055
24.19065
17.71123
17.11607
25.31578
23.88907
27.92052
31.28365
22.85826
18.08832
26.02283
24.96372
24.45858
23.93742
39.50000
17.16100
29.13188
28.94283
41.50000
37.50000
27.47524
24.25329
29.50000
36.17550
26.89684
31.84686
27.47524
33.72767
16.58878
41.50000
34.50000
26.41969
23.89328
35.17891
30.36857
34.70831
37.00000
31.49603
31.00896
24.37212
25.61683
19.64688
21.86893
19.46279
20.99735
32.35566
20.79062
25.77251
27.93246
40.00000
23.93045
23.46572
25.61250
22.22611
20.20365
18.43475
18.05104
26.27737
24.34420
27.82086
29.60105
30.50000
30.15884
26.41969
19.71516
26.51205
26.38602
27.47524
23.50000
31.00000
22.75275
24.57005
24.55380
31.00896
21.67227
26.50000
28.26106
27.53584
40.50000
43.00000
25.42145
27.53520
25.34088
25.53919
27.47524
24.44381
25.07364
27.82984
22.06556
35.50000
18.57525
43.00000
39.50000
25.03775
20.98190
23.93045
30.24346
29.69100
38.50000
33.76718
27.45097
23.01494
35.00000
29.53341
30.90128
37.00000
26.71246
24.39034
36.00000
29.80306
27.93246
20.10441
28.57738
28.94055
26.31064
23.50931
21.97157
23.85765
18.35453
30.50000
31.50000
26.23399
29.40899
20.80865
24.21260
23.62731
28.19377
23.15707
24.03513
33.08911
39.00000
30.73543
37.50000
36.00000
35.00000
28.28820
34.00000
30.09983
33.50000
35.50000
30.91206
27.72484
27.17842
33.50000
26.50943
12.07500
30.00000
22.55364
18.93779
36.91432
26.74299
27.01029
37.50000
23.79542
22.49089
29.92073
28.94055
34.50000
31.37232
26.38602
31.88521
29.13188
29.79933
25.95295
15.56237
19.06410
37.50000
25.77251
26.83631
34.70831
37.50000
34.50000
11.82746
26.10555
34.23773
24.70197
24.25258
29.01724
27.60435
27.50000
31.50000
28.07530
31.50000
28.87136
25.11349
30.07029
26.42442
26.88659
34.50000
22.22611
21.11871
23.09882
29.79933
22.85826
24.89352
24.99000
36.00000
30.73905
27.65261
28.00000
29.50000
28.50000
33.50000
32.26744
36.00000
36.50000
27.50000
34.50000
25.38085
28.68362
33.50000
32.56788
26.24286
32.31443
24.68805
25.14334
28.24889
37.00000
42.50000
34.96983
34.50000
29.51083
44.00000
25.33155
33.55923
24.76388
25.02998
23.13547
27.25599
30.15884
24.51913
24.06761
27.01029
28.19377
32.56788
36.50000
35.00000
32.61901
29.87753
34.96983
32.61901
29.87753
31.00896
22.53192
31.94787
27.32927
26.50000
35.50000
25.81182
28.00397
19.23538
24.50510
26.13214
24.83277
30.26916
32.00000
23.20560
26.22380
25.19300
27.67106
31.20185
27.65261
35.39303
26.41969
27.47120
27.92052
28.54626
29.50000
22.71976
19.97968
22.92788
28.80201
26.41128
34.00000
29.17000
28.59293
29.60105
24.04496
26.66250
30.50000
33.50000
29.50000
27.00000
25.24876
27.51818
23.90999
36.50000
44.00000
39.00000
23.32783
25.95295
36.00000
28.00000
27.26720
33.35666
34.70831
27.17842
33.00000
30.34615
31.32979
36.00000
38.00000
26.72078
38.50000
24.57005
32.00000
29.87753
23.05835
31.56299
37.00000
22.33383
33.08911
35.39303
22.53192
22.94559
32.41742
24.13892
24.36570
26.38602
29.00000
32.50000
30.50000
36.50000
33.50000
25.99399
37.50000
25.15287
23.17731
33.08911
27.65261
29.72688
32.35566
22.94559
31.66842
20.83651
22.32011
38.47366
30.89802
37.50000
28.11089
27.84219
28.47221
24.44765
23.95177
25.52559
23.54119
23.93220
21.15420
24.02603
18.53213
18.01909
22.15401
20.63589
26.96757
32.00000
36.24914
21.97157
33.03870
27.08667
37.50000
34.50000
25.22276
26.74883
26.38602
17.93565
23.44260
19.59096
22.28228
28.62145
26.32489
40.50000
32.14896
21.00000
35.50000
32.56788
28.39014
34.00000
21.33659
30.50000
28.11089
32.41742
30.07029
37.50000
34.02940
28.19377
29.13188
22.79666
40.00000
29.04403
35.39303
33.29665
31.00896
29.13188
28.12275
30.73905
28.28759
29.17000
27.77689
36.00000
38.50000
22.15762
24.43742
36.00000
29.32955
27.25599
31.88521
14.31084
36.00000
32.00000
24.39034
25.70344
24.82942
27.32927
26.84937
37.74770
23.01207
21.87893
29.69100
24.19065
22.25668
22.71976
21.02825
23.61261
21.24265
31.15552
27.78889
26.08959
22.41093
20.48170
22.85826
24.85067
15.81732
24.90482
22.92788
23.98307
32.50000
37.49667
23.69599
24.31563
29.60105
36.00000
26.88659
26.69582
25.53919
28.04015
28.08321
26.84937
19.61345
24.87343
25.51838
27.35365
21.75287
33.00000
31.28365
34.02940
22.39838
28.59293
31.47839
30.50000
25.77251
25.00000
31.00000
38.00000
32.50000
28.58649
34.00000
35.50000
29.27266
23.89328
25.31139
31.50000
21.80275
23.31309
23.04886
28.87136
28.85596
33.50000
34.00000
33.00000
35.00000
36.50000
34.00000
32.50000
34.29610
29.40899
19.63263
24.08780
29.79933
36.50000
27.86076
24.45858
21.67227
34.56716
31.28365
27.22132
26.93859
32.50000
23.52127
34.00000
32.00000
22.31950
27.39018
25.56365
25.62591
29.13188
28.12275
39.50000
17.80839
20.70628
29.17000
24.41695
34.18577
34.29610
19.29767
28.94055
32.14896
30.34615
30.07029
20.20365
22.99275
22.62051
23.05428
19.52025
35.00000
31.50000
23.48404
32.00000
26.41128
26.53653
26.05163
33.82635
27.53584
26.26190
23.32783
26.54556
34.29610
22.58318
28.85981
20.33126
22.15147
31.94787
35.23571
37.96782
39.00000
39.00000
33.50953
33.82635
37.00000
25.07364
26.84213
34.50000
28.70927
23.16652
30.62679
29.02872
33.18969
33.62869
38.50000
40.00000
18.80307
43.00000
31.50000
27.82086
32.82614
32.61901
35.23571
35.39303
26.23333
19.09679
26.78619
28.24103
35.00000
22.27527
22.57078
37.00000
31.15552
28.66279
22.80877
18.99052
19.62244
22.72664
27.06782
33.71778
23.63657
20.91052
18.24144
21.95877
24.27447
29.63481
29.33712
36.08324
17.93042
31.56299
22.71563
26.38655
22.55305
19.36976
38.50000
38.00000
21.22499
40.00000
23.17731
27.69928
27.53584
39.50000
24.39034
44.50000
25.92296
17.68163
15.47126
31.20185
23.88514
23.97684
17.98444
30.15884
27.01029
23.56268
24.29506
20.16804
23.76272
27.39018
29.13188
28.50000
29.53341
29.51083
24.91318
33.50000
24.39034
29.27266
23.47738
24.34475
24.75379
22.66468
25.70019
23.95177
29.01724
33.00000
35.00000
34.50000
32.00000
30.50000
28.00000
30.53959
30.15884
26.28093
29.60105
34.50000
28.66279
29.40899
28.28820
38.50000
38.50000
34.92214
33.50000
39.00000
37.50000
37.50000
25.92296
21.59138
23.63657
23.38269
38.50000
35.00000
29.53341
36.59083
27.47120
39.00000
37.50000
41.00000
30.15884
27.93246
37.32143
41.50000
29.00958
25.00000
25.79244
32.88701
25.84932
30.73905
35.17891
29.64266
36.50000
30.73905
29.26175
41.50000
31.94787
29.52118
21.93741
34.50000
37.50000
24.55380
35.00000
39.00000
30.34615
30.44485
29.22328
30.73905
35.00000
31.84337
28.12275
21.02760
39.00000
29.13188
29.17512
33.82635
25.48638
32.00000
33.00000
26.71246
33.00000
26.24246
35.00000
26.23399
33.15955
40.00000
27.62044
26.15764
37.49667
27.22132
35.50587
16.83003
35.70559
38.50000
25.99399
34.50000
24.72965
28.94055
35.50000
33.50000
30.43025
30.47403
26.22380
30.65217
27.15120
25.48638
36.00000
24.62088
27.10512
28.89444
30.81486
26.71246
29.17000
19.30458
28.00397
31.09484
26.88659
37.50000
34.50000
33.50000
26.28093
13.01384
14.61354
26.78723
30.90128
27.65261
32.00000
28.80201
25.42022
24.60056
24.91318
34.96983
36.50000
31.09484
41.00000
33.65511
28.31409
21.56386
23.33809
43.50000
32.00000
29.87753
22.09497
32.22146
42.50000
30.26916
24.46426
25.07987
32.69047
25.40669
28.89444
33.08911
32.13513
30.62679
22.27527
26.71246
25.52559
24.56737
22.29770
40.50000
38.50000
21.59138
43.50000
36.85105
42.00000
45.50000
32.31443
25.69411
27.47120
26.38602
30.12059
35.23571
29.52118
34.76588
31.28365
33.82635
31.47839
24.31435
20.42547
24.55988
19.95464
23.98958
36.50000
22.07623
30.09983
42.50000
21.22940
25.13961
26.53653
36.50000
35.50000
29.73529
31.75252
29.23848
31.47839
25.19700
35.50000
26.88659
27.92052
24.79415
30.07029
38.50000
37.00000
25.95295
39.00000
24.12986
28.70540
21.82659
26.84937
23.50931
23.97684
33.50000
26.90144
22.19234
35.50000
36.00000
34.00000
25.59080
35.00000
29.01724
28.39014
28.50000
23.76272
30.26916
23.13547
23.25269
23.56242
25.03775
25.95295
22.99275
28.33137
34.50000
35.64953
34.23773
28.40579
26.78619
32.50000
33.24990
21.62175
34.00000
24.12468
36.00000
30.73543
29.17000
29.93697
32.00000
41.00000
34.00000
33.50000
29.63106
22.02697
30.47403
24.45787
29.74335
29.79933
28.59293
21.51162
34.50000
25.19700
31.96178
25.74393
36.50000
32.35566
20.02598
31.16388
32.88701
33.82635
40.50000
33.62869
22.79254
30.00000
32.41742
33.00000
33.00000
23.47254
26.59300
32.56105
27.72484
31.50000
30.47403
31.00000
34.00000
27.01029
38.00000
22.19550
28.19377
36.50000
24.57005
29.13188
28.47221
23.36664
35.00000
18.85099
20.20297
30.44485
25.47057
27.47120
21.21762
29.53341
24.25329
26.41128
29.60105
27.06782
25.57342
26.04270
27.14199
35.00000
32.41742
37.50000
33.00000
39.00000
27.92052
24.70324
30.00000
36.00000
31.15552
34.00000
37.00000
20.71232
21.64919
20.74849
23.15647
27.35365
34.23773
31.37940
23.62599
32.35566
28.66279
30.50000
40.00000
32.00000
33.50000
33.50000
33.00000
24.92990
25.61683
26.13427
24.16609
28.00397
20.66301
27.94041
22.41093
26.78723
29.60105
20.90550
24.99778
24.38237
22.71035
32.82614
32.82614
29.87753
30.00000
29.79933
35.50000
35.50000
33.47968
30.15884
34.45125
26.84937
29.50000
23.45608
14.14876
37.00000
31.96178
40.50000
37.50000
24.17988
30.68478
31.67894
30.43025
39.00000
33.50000
37.00000
32.35566
36.50000
39.00000
36.00000
36.50000
31.00000
25.79244
27.92052
22.79666
24.38579
27.65261
24.85067
29.80306
39.50000
38.50000
40.00000
41.00000
37.50000
39.00000
44.00000
26.52711
37.50000
28.66279
38.50000
23.34286
21.62036
24.00500
24.05203
27.28553
28.85596
37.50000
40.50000
34.76588
35.03649
30.26916
23.47738
26.38602
25.43005
31.50000
32.00000
25.63567
33.00000
34.50000
26.78723
27.86076
36.00000
31.50000
34.00000
40.00000
36.50000
20.89258
21.21320
25.62591
31.62629
35.23571
23.76315
24.39775
38.50000
27.15797
22.66468
25.01999
28.28820
31.00000
30.50000
31.20897
29.50000
36.50000
34.50000
31.75252
20.33470
21.28286
26.88659
38.00000
41.00000
38.00000
36.00000
30.26916
33.76718
28.80201
24.38237
31.50000
35.50000
35.00000
36.00000
37.50000
36.50000
33.50000
32.88701
38.50000
37.50000
41.50000
33.29665
38.00000
39.00000
34.00000
35.00000
23.45208
27.25599
21.21762
28.39014
31.00896
27.60435
28.39014
28.85981
32.41742
26.91963
31.67894
24.37212
33.00000
27.24885
21.33512
25.03775
26.02990
31.49603
30.56505
32.03123
23.37065
22.88422
25.15287
32.00000
24.01432
33.76718
24.99375
30.94439
23.79075
36.85105
40.00000
32.78550
26.88659
26.84937
22.70875
23.62202
32.88701
20.98147
29.60105
40.00000
19.31896
26.91073
26.12829
22.55410
39.00000
28.56024
32.88701
25.46934
28.00000
20.50951
18.33712
26.83631
23.76272
23.43075
15.11070
22.64398
22.56518
26.93047
38.00000
33.00000
39.00000
28.54626
23.09882
26.41969
26.78723
33.29665
42.50000
21.82172
23.92117
23.53720
22.34390
24.41311
23.67884
25.48638
27.25599
21.93599
23.80520
22.88134
29.33712
22.71976
