45.50000
34.18577
36.05859
29.63481
31.13769
47.50000
26.44806
32.89377
29.47315
13.28759
15.27089
26.61244
28.64728
21.96725
17.28120
31.56299
28.12917
26.88401
23.13547
32.49957
35.00000
26.67747
31.47839
21.59138
20.21757
20.68816
22.15762
24.10809
31.75252
13.52036
29.94810
26.88659
21.51017
33.71778
25.74663
34.76588
24.86463
37.50000
31.37232
39.41517
28.18244
18.59677
29.80306
30.12474
29.33002
21.17168
25.94706
31.91395
35.50000
38.50000
30.94439
31.56299
21.81026
32.22146
23.06919
32.69047
37.50000
31.41479
29.06315
39.50000
30.94439
24.52550
24.15057
37.00000
35.00000
34.00000
31.62629
44.50000
33.08911
21.97157
30.91206
31.16979
27.39868
23.41340
34.02940
39.00000
39.50000
29.00000
21.41650
24.45787
25.30261
29.00958
28.07530
30.73905
27.82086
29.87753
38.00000
33.15955
37.50000
37.50000
39.50000
34.56716
31.34486
45.00000
42.00000
37.79183
29.60105
35.50000
38.50000
23.38033
20.12461
34.50000
23.13547
31.09484
32.41742
42.50000
40.50000
38.50000
33.18969
31.45135
39.50000
35.39303
45.00000
29.47457
25.77305
26.49528
26.08107
26.88659
36.00000
28.39894
38.50000
30.44485
28.08321
26.43388
29.27266
30.94439
30.90128
36.85105
25.19700
31.41479
27.25599
31.41479
25.77251
28.22676
28.66279
32.50000
25.31139
28.66279
22.39544
29.87753
29.97777
37.00000
31.88521
33.00000
33.55923
32.14896
22.01562
27.53634
33.90510
38.50000
35.00000
33.82635
19.24162
28.40579
19.86957
24.77902
28.50000
30.50000
23.31309
38.50000
27.50000
33.00000
30.73905
28.12275
31.49603
26.47995
24.85067
29.13188
25.66450
28.00397
21.95996
21.18112
21.76436
20.70169
32.50000
33.00000
27.31300
30.50000
24.13892
23.92044
31.79448
25.78113
26.18205
27.65261
26.71246
28.00397
30.26916
27.35365
27.39018
29.50000
27.25599
32.50000
33.50000
27.72484
27.39868
26.05163
22.29770
22.16980
23.50931
25.79123
33.00842
24.74874
33.35666
23.22929
22.37856
27.77689
18.89940
19.62779
32.88701
22.52221
28.50000
39.46588
27.31300
34.96983
31.94787
31.94787
31.59509
21.43455
25.62984
23.25403
22.92379
24.33619
19.06410
18.06212
21.24117
36.24914
19.08242
33.62869
26.54974
25.18928
42.00000
24.00463
42.50000
41.50000
27.45097
33.62869
20.52438
21.51485
27.88369
27.08667
28.85596
26.78723
31.88521
35.31131
20.75572
23.47254
33.82635
28.85981
20.83651
29.79933
25.72329
43.50000
20.00625
22.57626
17.87288
27.82086
29.04403
21.24117
26.51205
19.48743
18.13946
26.98148
21.01809
25.12966
24.27447
33.29665
28.08321
25.82419
22.34950
26.37589
23.95177
39.00000
31.84337
31.79448
25.67465
38.50000
30.73543
29.80306
22.73076
22.66468
26.24669
27.62044
28.11089
26.71246
32.61901
27.31300
38.50000
33.08911
29.85381
31.00896
27.53584
33.35666
39.00000
27.78889
20.77258
26.09957
30.09245
33.98039
27.64457
25.59663
38.50000
18.10214
30.68478
31.28365
25.85053
24.82312
31.84686
19.72942
16.31686
19.29145
22.32011
36.50000
27.15797
31.47839
29.17000
29.79933
25.34142
39.00000
28.57738
40.50000
35.50000
26.08040
25.11349
35.50000
35.00000
28.00397
37.00000
23.33854
26.71246
35.00000
33.76718
38.00000
29.17000
36.00000
36.00000
28.39014
30.91206
37.00000
35.31131
24.00463
38.00000
37.50000
39.50000
26.11992
22.40179
27.15797
32.56788
30.73543
40.00000
35.91038
39.50000
30.09983
33.98039
31.03045
25.19300
40.50000
40.50000
31.37940
34.29610
26.87006
38.00000
41.00000
21.77522
27.77689
24.31435
26.24246
23.97165
27.53520
30.94439
29.51083
31.03045
26.02990
22.14159
25.23391
23.55136
37.00000
29.79933
33.29665
35.00000
34.50000
28.93419
28.95147
27.82984
23.08138
24.39775
27.94041
24.00463
31.41479
40.50000
28.14694
24.17437
24.56737
19.31968
21.13498
19.80372
29.80306
17.22805
25.39193
31.00000
28.47221
30.90128
28.28820
41.50000
22.33025
27.78889
27.60435
29.00000
24.55380
23.35594
29.51083
19.72784
26.59992
30.47403
36.00000
31.41479
37.50000
33.00000
28.47221
25.09357
27.01029
22.65364
25.61683
23.79469
25.23391
25.48638
22.29770
24.85067
25.01375
26.13214
26.78723
34.50000
27.62044
29.00000
28.39014
37.50000
31.50000
33.50000
31.88521
25.15287
40.50000
30.91206
36.50000
29.40899
21.93741
28.87136
36.00000
38.00000
25.69411
38.00000
34.45125
24.57153
24.68918
25.67465
25.94706
32.31443
31.00000
25.65151
40.00000
26.31856
33.50000
29.40899
33.50000
26.04270
30.90128
29.87753
32.00000
28.19377
33.00000
25.57342
27.62044
27.93246
28.24103
35.23571
23.63260
23.83799
24.13892
26.00000
21.97157
21.60185
24.49943
22.01272
31.96178
30.73543
21.87464
21.78876
38.00000
25.30261
23.79075
22.52221
23.47102
20.49932
25.92296
29.47315
26.69582
44.50000
41.50000
20.94755
21.70161
32.88701
26.95830
34.50000
36.50000
40.00000
41.00000
41.00000
33.50000
35.23571
41.00000
32.50000
33.25658
26.47995
32.14896
33.00000
30.53959
36.64545
21.54501
30.15884
22.09575
20.40221
30.44485
23.33854
29.53341
27.00347
31.94787
38.50000
37.50000
39.00000
38.00000
26.24669
33.08911
26.05163
28.93959
40.00000
37.50000
37.00000
32.50000
39.50000
37.00000
35.17891
31.37940
28.39894
30.09245
35.00000
27.53584
20.87313
35.50000
23.75921
24.85067
31.50000
30.53959
32.00000
31.50000
31.84686
16.98529
25.42022
25.84932
24.56115
22.85279
22.42518
23.41340
20.15564
41.50000
27.17842
28.80201
40.00000
40.50000
45.00000
46.00000
37.11544
28.56024
41.50000
37.27674
41.50000
24.08780
37.50000
21.26594
32.96800
34.50000
34.18577
28.61818
29.12366
42.50000
30.01146
31.94787
25.74393
36.00000
41.00000
27.65261
27.39018
38.50000
41.00000
16.74067
28.70540
40.50000
20.84916
20.58367
38.50000
29.60105
33.00000
34.50000
31.15552
32.49957
27.77026
29.17000
27.17881
22.82953
33.65511
29.93697
30.44485
37.00000
25.17315
34.84250
29.60105
28.69233
31.00000
28.70540
33.25658
25.30316
41.50000
27.92052
23.90084
21.33659
24.08780
31.50000
28.94055
24.46426
28.54626
40.00000
29.06315
27.62044
34.49960
40.50000
34.37376
32.49957
22.00568
30.81486
20.58543
26.98148
23.19483
28.94055
30.34615
26.24881
30.58901
29.27266
26.74883
23.47102
34.00000
27.57263
31.03045
28.11089
38.00000
31.09484
23.13547
22.64398
25.32785
23.98307
25.31578
29.50000
26.78723
24.99000
26.69582
30.50000
30.15884
25.31139
23.90084
28.33137
33.00000
28.66279
31.15552
29.04403
35.00000
31.41479
23.90607
29.53341
35.17891
33.50000
37.50000
35.50000
28.08321
27.47524
23.90084
20.69269
26.31856
26.33795
31.75252
28.00000
28.76956
37.00000
25.30261
25.61683
30.94439
29.27266
32.78550
38.00000
32.50000
31.00896
37.50000
33.98039
32.00000
33.50000
30.47403
35.50000
33.50000
30.26916
29.87753
26.50943
23.35594
22.98369
27.82086
26.85493
22.64398
23.24193
31.84686
31.75252
27.01029
26.37589
29.87055
31.37940
27.90161
29.26602
35.12201
42.50000
41.00000
26.98148
25.61683
24.05203
25.78113
30.53959
22.07232
29.50000
31.00896
23.61261
27.18251
32.78211
39.00000
23.34286
24.45858
26.32489
27.73013
23.60614
30.70016
32.56788
34.00000
36.50000
29.13188
33.29665
30.53959
39.00000
40.00000
25.22276
21.35936
24.39034
27.18251
30.50000
22.67157
37.00000
35.00000
27.64457
32.50000
33.00000
30.07029
26.83631
29.33712
30.26916
29.53341
30.26916
34.49960
33.15955
30.15884
36.00000
38.00000
25.48638
33.50000
33.00000
34.00000
36.50000
27.01029
26.59992
25.01999
26.13214
27.82086
37.50000
29.22328
36.50000
39.00000
26.24669
26.54974
24.90482
27.47524
31.03045
24.91318
39.00000
25.47916
25.95295
31.47839
40.00000
28.00397
31.00000
26.59992
26.70557
37.53221
17.34820
19.84156
24.22579
21.02825
23.50886
30.68478
22.79254
33.35666
24.84326
23.73815
31.00000
32.50000
30.15884
26.41969
14.03709
25.56365
22.10204
22.19610
22.55364
33.50000
31.88521
31.00000
13.58998
27.92052
23.74210
36.00000
20.47828
20.50366
25.10423
21.87464
22.55364
22.84048
28.94055
31.94787
26.46224
17.92205
24.91318
22.59978
24.94438
21.31249
25.13961
34.00000
39.50000
38.50000
28.54626
34.96983
24.38579
23.04103
27.06782
29.97777
31.00896
26.98148
28.59293
31.00000
30.00000
23.82226
32.00000
34.00000
25.78113
27.72484
27.58170
19.70178
23.03666
22.71976
24.66146
34.50000
26.48113
30.26916
32.00000
26.71246
31.50000
33.50000
32.00000
29.95923
28.66279
21.85606
22.23033
38.00000
26.51205
29.40899
29.87753
34.50000
34.50000
29.06315
33.50000
30.50000
21.56386
32.09707
25.81182
27.94973
30.07029
37.50000
35.50000
22.28228
39.50000
28.11089
26.59300
25.17315
21.85955
26.28093
25.54408
14.01428
28.66279
29.87753
18.63974
34.00000
18.27129
30.43025
29.04403
27.01029
28.57738
27.14199
28.40579
23.65587
23.15572
22.07940
28.66279
24.25258
25.30316
22.96193
22.00505
18.41304
25.18308
24.65132
25.60273
24.53951
18.88783
20.51067
24.44495
24.27447
23.62202
23.69995
33.50000
24.05722
22.98369
28.19377
35.00000
21.21320
24.19065
22.29770
27.53634
29.50000
30.00000
22.69116
23.95177
35.00000
20.74247
28.39014
38.50000
29.79933
42.00000
41.50000
28.56024
26.88659
30.15884
33.15955
27.62044
31.41479
27.01029
36.50000
29.13188
35.00000
34.50000
38.00000
23.51994
38.00000
36.00000
28.19377
33.50000
33.25658
27.77689
38.00000
27.36215
27.94041
36.50000
31.41479
33.50000
25.77251
27.01029
38.00000
26.29045
25.36114
29.22328
26.08999
31.00000
23.84324
29.50000
28.94055
26.67396
30.50000
40.00000
30.21405
24.96077
40.00000
31.47839
39.00000
25.67465
27.53634
39.00000
30.53175
35.70559
30.91206
27.24427
29.70971
22.62051
27.06782
26.65521
25.08984
26.05163
31.50000
26.41969
23.96998
26.41969
24.14928
22.53531
32.31443
32.00000
33.00000
30.90128
36.50000
27.04048
25.07987
29.97777
34.00000
23.42408
25.19700
37.00000
30.07029
35.44009
32.69047
33.00000
31.00000
32.61901
36.00000
17.96911
18.40894
25.02998
28.59293
16.91892
38.50000
37.50000
34.00000
32.22146
26.23399
26.47168
29.01724
38.50000
29.47315
27.25599
24.45858
25.39070
39.00000
20.43418
24.85067
19.79293
30.07029
24.29506
23.45741
28.19377
26.09598
23.63657
23.74210
30.50000
27.25599
29.50000
28.47221
33.00000
26.84937
29.87753
27.01029
21.73131
27.39868
37.00000
32.88701
24.38237
32.00000
35.00000
37.00000
31.00000
32.50000
27.72484
28.66279
38.00000
32.14896
35.50000
29.60105
28.57738
22.73076
25.55753
28.08469
27.06782
37.00000
39.50000
34.00000
29.13188
29.13188
37.00000
26.51205
31.41479
37.00000
29.32955
29.74335
33.50000
34.50000
31.94787
32.41742
29.32955
32.78550
28.75568
35.50000
31.50000
31.50000
27.53584
28.66279
22.98369
31.00896
23.42008
30.73905
24.63511
23.46673
26.71246
34.50000
29.13188
32.50000
36.00000
29.13188
27.53584
27.72484
36.00000
24.91318
37.50000
39.00000
37.50000
38.00000
39.50000
29.53341
31.37940
32.50000
39.00000
34.29286
29.04403
29.04403
38.50000
41.50000
44.00000
39.50000
41.50000
39.50000
39.50000
34.49960
33.10117
41.00000
26.78036
33.00000
35.64953
39.00000
36.00000
24.77272
28.33137
28.63019
29.13188
31.50000
28.28820
31.20897
30.94439
30.47403
29.87753
32.50000
34.50000
34.50000
36.50000
32.14896
37.00000
27.65261
28.94055
28.31409
28.24103
30.40102
35.64953
41.50000
35.00000
33.25658
33.00000
32.00000
25.57709
26.78619
25.62984
32.00000
29.50000
27.06782
22.00568
23.09882
22.85142
30.50000
33.00000
27.65261
21.51017
33.00000
30.50000
35.00000
26.55654
30.50000
23.21551
33.00000
30.00000
36.00000
30.50000
31.50000
31.00000
24.96372
29.69100
34.37376
18.52134
30.50000
36.50000
35.00000
25.62984
27.06782
30.94439
27.00000
34.00000
27.17842
24.74874
29.22328
23.50886
24.99000
24.77902
25.61683
29.13188
28.24103
23.58495
35.50000
32.41742
23.47738
20.09975
21.73131
30.50000
24.68918
21.42866
27.69815
27.13342
23.05835
28.00000
23.37065
25.36840
27.47524
27.45097
32.50000
26.50000
24.17126
28.39014
37.00000
32.03123
37.27674
23.28089
35.39303
30.53993
44.00000
34.37376
39.00000
40.50000
38.00000
39.50000
30.66757
28.39405
41.50000
30.50000
35.00000
36.50000
27.72484
26.78723
29.60105
24.05592
24.34646
30.70650
27.35365
32.50000
22.63294
23.15572
22.16980
22.83759
20.26491
25.48638
24.30406
23.17731
31.56299
22.07232
21.77522
22.41093
23.80520
29.53341
32.69047
29.32955
24.07396
25.08486
23.45608
34.50000
34.50000
42.00000
37.00000
40.50000
30.53959
42.00000
25.39070
24.45787
29.32955
35.50000
26.71246
29.50000
20.42156
29.50000
37.00000
37.50000
25.91693
23.45682
29.69100
24.74369
32.00000
35.50000
40.50000
32.50000
34.09790
29.51083
27.26720
27.72484
26.91963
28.00000
28.59293
27.06782
22.75961
22.46525
21.05202
22.65364
29.97777
36.50000
38.50000
39.00000
42.00000
40.50000
39.00000
35.00000
29.33712
32.00000
34.18577
21.90890
36.55437
23.09882
28.85596
31.49603
36.64545
30.46674
31.49603
21.67579
27.60774
31.49603
36.00000
32.35566
34.66987
29.87753
33.98039
30.34615
26.67747
27.64457
32.03123
44.00000
34.27371
39.63164
25.52559
25.84999
34.09790
35.50587
32.35566
39.00000
34.29610
26.04270
35.00000
38.00000
41.00000
40.50000
36.00000
38.50000
24.91318
37.00000
36.00000
37.50000
39.50000
35.50000
25.62984
37.50000
40.50000
24.23955
23.66901
23.44260
38.50000
21.97157
26.31856
35.44009
22.53192
24.63511
30.50000
33.00000
25.06367
26.51205
29.50000
33.00000
26.78969
39.00000
34.50000
30.50000
35.00000
30.26916
33.35666
35.00000
26.31856
23.31309
20.38842
23.98307
28.50000
26.22380
28.85981
21.85606
35.00000
25.19700
31.50000
24.99000
25.92296
26.23399
27.64457
20.58367
26.40549
38.50000
35.91038
27.53634
31.28365
32.14896
31.03045
37.50000
39.00000
24.46426
30.26916
33.25658
21.49855
27.17842
25.61683
35.50000
21.66472
25.43005
19.95464
29.33712
25.19700
22.32011
18.88121
19.62779
24.32077
34.00000
25.19921
26.31064
29.74335
39.50000
29.33712
27.32927
23.84324
31.84686
19.43605
24.46426
41.50000
23.76315
18.43061
16.67333
35.31131
22.79666
20.45116
16.93369
20.77258
28.39405
21.68525
22.38722
24.94494
27.25599
29.32955
25.52817
29.32955
24.36300
27.06782
28.08321
27.06782
21.95085
25.59663
44.50000
27.64507
22.11425
26.31856
24.41311
27.68009
24.57005
24.46426
22.33025
37.58546
37.74770
36.50000
18.67190
17.13476
19.70406
44.50000
31.00896
28.08321
21.72988
31.09484
22.00568
21.79880
27.78889
32.40370
23.81701
23.71049
24.91318
27.45097
21.66795
19.25487
30.50000
30.34615
33.08911
32.50000
37.50000
36.00000
38.50000
29.60105
20.43282
27.94041
26.38602
26.38602
25.84932
27.53584
23.17758
37.00000
28.47257
31.50000
38.00000
39.50000
26.87936
29.04403
30.07029
37.50000
36.50000
37.00000
35.00000
25.13339
35.00000
35.50000
32.00000
33.50000
23.31309
35.50000
28.66279
23.15707
39.00000
38.00000
31.15552
33.08911
32.50000
33.29665
36.00000
29.60105
37.00000
36.00000
33.25658
34.56716
23.41340
23.71049
24.30021
27.94041
24.88976
26.59992
17.48094
29.33712
31.47839
26.40549
28.94055
30.00000
28.39014
22.05045
42.00000
39.00000
31.94092
23.42008
34.76588
27.15797
25.95295
40.50000
40.00000
39.50000
39.50000
40.50000
25.51470
24.68918
24.94369
24.39034
36.50000
28.59293
35.00000
28.94055
26.24286
28.85981
44.00000
32.22146
28.25221
29.49046
26.59300
41.50000
33.43651
23.84717
48.00000
30.15884
38.50000
34.09790
23.88514
31.41479
27.21557
30.34615
33.08911
29.22328
28.19377
18.54077
20.57912
34.02940
38.00000
25.81666
29.97812
35.00000
36.00000
40.00000
26.65521
42.00000
20.75301
25.73300
29.48823
30.50000
36.50000
22.66054
30.09983
22.03406
25.37100
18.37628
41.00000
35.03649
30.44485
32.07316
16.52150
16.93989
24.06242
21.18175
24.71167
38.50000
23.89328
23.08002
31.09484
30.68478
29.27266
34.50000
27.15797
38.00000
20.14169
32.69047
20.40067
25.46021
21.34104
18.70401
23.01494
19.89190
36.50000
25.55753
38.52560
26.61179
26.08107
25.97475
31.88521
38.50000
23.89328
26.71246
16.09284
35.03649
38.50000
26.65989
39.00000
40.00000
29.63106
26.11513
24.82942
27.78889
25.70019
21.21320
31.94787
26.31856
28.19377
29.53341
26.65521
35.70559
37.49667
35.50587
22.12465
28.00397
32.50000
27.25599
24.03513
20.72572
26.84937
24.06761
24.72965
24.53569
21.79195
20.55821
24.53951
22.89590
20.38842
33.06895
22.52221
27.72484
26.24669
27.50000
26.71246
26.59992
28.47221
34.50000
28.66279
33.90510
26.93047
25.18432
34.45125
27.37700
17.44248
39.50000
38.00000
31.20185
38.50000
30.73905
30.93138
38.50000
31.12341
25.24986
30.18094
27.64507
12.14907
24.51913
24.23840
30.15884
34.00000
31.00000
36.50000
28.04015
23.66960
25.10423
22.98913
33.62869
22.11334
21.38785
35.00000
24.34475
21.45198
24.22579
36.00000
35.14099
24.09746
16.68083
29.69100
24.89352
25.77251
23.61261
26.69582
29.33712
31.37232
31.37940
23.58495
23.46673
27.35365
33.50000
28.12275
29.47315
28.40579
36.00000
26.98148
29.97777
23.33809
13.76792
17.76388
24.64117
27.17842
34.00000
23.30638
31.00000
27.35365
28.12275
41.00000
33.29665
30.07029
36.50000
34.00000
33.29665
37.50000
38.50000
29.87753
37.50000
33.29665
30.07029
35.50000
29.24466
31.50000
27.82086
26.71142
18.52998
21.55226
30.90128
30.53959
32.00000
31.20897
32.49957
26.50943
29.09467
30.53959
24.14022
33.50000
29.07211
29.33712
31.20897
26.31896
29.11507
28.28820
29.60105
25.31578
27.06782
32.89377
26.18205
28.33284
29.60574
36.00000
35.50000
30.07029
33.50000
34.50000
30.09245
26.69582
29.87753
31.28365
36.44478
24.61707
29.50000
23.39204
29.79933
29.69100
19.82773
29.00000
19.71193
30.73543
25.32291
29.51083
24.10783
21.43455
22.94967
27.94041
29.12366
25.03775
22.19610
22.52899
19.79899
30.06659
17.93197
17.32692
31.49603
23.78419
28.28820
27.27063
31.50000
22.34390
25.41038
27.01029
26.66810
22.94967
25.72072
21.77522
23.58495
22.23033
30.00000
30.65217
24.03513
29.01724
23.68016
19.88366
22.81447
32.00000
24.84326
29.40899
27.35365
25.60273
23.90607
36.00000
35.00000
32.56788
34.50000
20.18316
33.08911
34.29610
29.60105
22.33383
22.37558
29.47315
19.74437
20.19695
22.30471
35.12201
34.23773
35.36477
33.00000
22.32011
22.57334
21.45198
23.15572
25.03775
18.63465
32.42770
32.14896
39.00000
20.99143
21.74090
21.41650
21.75684
19.49974
28.08469
23.48404
21.00446
27.85678
40.00000
26.41969
23.01207
29.32955
24.84326
29.47315
38.50000
23.66960
37.50000
21.31314
25.66450
31.88521
21.70714
36.50000
32.14896
34.50000
24.44495
22.10204
26.59992
30.34615
26.54974
24.68918
27.17842
25.24986
31.84686
29.51083
22.50000
21.27792
22.60946
23.88514
35.50000
25.30316
37.79183
39.50000
41.00000
31.94787
20.66935
26.49528
23.84617
25.45953
37.50000
27.35365
36.59083
21.81742
36.64545
22.61637
25.00000
43.00000
19.26623
28.63019
21.63701
29.60105
26.69582
35.50000
17.88621
27.56243
23.15707
28.59293
35.00000
22.84048
22.64705
21.41650
28.24889
23.09882
31.00000
25.27350
32.00000
24.55380
24.45858
24.08780
25.66450
