14.56880
40.87651
28.08321
14.30690
25.72072
21.16979
36.24914
19.90603
40.67213
38.94440
10.71862
18.60753
23.30638
23.88514
30.84943
22.88134
34.18577
28.07468
28.83032
25.53919
44.00000
42.00000
44.00000
41.00000
28.64728
23.37065
33.71778
27.01029
41.50000
22.36487
42.50000
13.29060
17.94882
16.38597
16.78571
24.41695
21.01428
23.55136
34.29610
38.50000
26.05163
22.03832
20.02598
18.92723
31.32979
22.42518
24.99778
25.84999
30.47403
23.90999
27.53584
24.91318
34.50000
27.79388
32.41742
27.15797
26.24669
24.22579
29.78068
25.49510
22.86190
32.00000
28.50000
26.66250
31.00896
32.50000
31.50000
34.50000
37.50000
37.50000
34.09790
37.00000
34.50000
23.69995
36.00000
36.00000
18.47126
35.50000
30.34615
23.41340
31.28365
25.00000
23.92117
37.00000
20.48628
20.89856
28.39014
38.50000
36.00000
25.14955
23.84324
31.50000
32.69047
22.56657
17.98611
39.00000
20.07209
26.13214
21.79195
31.20897
33.50000
22.50555
20.40980
24.84326
36.44478
40.00000
38.00000
36.50000
40.00000
38.50000
39.00000
34.50000
25.27227
22.45551
17.80976
25.30316
43.00000
24.99778
39.50000
25.31139
25.66450
28.87136
36.50000
43.50000
33.82635
32.42770
38.50000
30.53959
37.00000
37.50000
29.13188
26.98148
35.50000
38.00000
30.91206
23.22041
24.52550
28.66279
17.66981
31.77558
28.87136
38.50000
40.00000
36.55437
37.50000
31.09484
36.59083
35.78019
30.07029
35.50000
28.50000
26.59992
25.95295
29.32955
31.94787
33.00000
16.72386
36.50000
32.88701
28.69996
33.72767
31.94787
21.20755
22.85826
18.60753
20.60340
19.96716
18.58386
22.47638
23.59025
24.41823
32.00000
33.79349
27.31300
21.54501
22.32011
18.08832
30.56505
22.04541
21.09407
28.94055
26.91073
20.95137
23.55180
18.43475
27.01029
23.19483
38.94440
18.82817
34.47060
20.04994
18.01777
31.47839
38.00000
22.92788
21.89612
36.00000
25.81182
24.08780
25.02998
24.45858
21.40531
27.31300
24.94438
22.14159
21.35855
29.00958
21.37171
21.00446
24.62214
34.50000
32.50000
28.87136
21.76006
34.50000
26.44911
32.00000
32.82614
24.12468
22.36426
25.38153
26.71246
21.31249
22.07232
24.74369
30.21405
30.73905
38.50000
28.47221
30.07029
38.50000
22.72664
33.00000
37.50000
31.88521
32.53716
38.50000
30.01146
29.32955
25.36114
30.00000
29.40899
38.50000
36.00000
40.00000
36.55437
27.92052
33.00000
24.55380
27.53584
32.00000
23.29998
26.31856
22.77608
24.55988
30.34615
33.50000
22.66054
23.52127
26.42442
31.75252
31.75252
27.68009
30.07029
25.31139
32.50000
35.70559
33.71778
26.50943
28.40579
32.82614
33.50000
36.50000
39.00000
31.94787
23.04886
23.58495
26.44911
20.15341
31.50000
29.17000
28.00397
18.90608
27.71620
29.00958
32.00000
29.06315
22.57334
22.66054
33.50000
31.47839
26.55654
30.62679
34.00000
26.54556
35.00000
32.88701
30.81486
36.50000
34.00000
33.50000
30.26916
31.47839
28.33174
31.00000
31.50000
26.59992
33.00000
30.68478
34.50000
37.50000
32.00000
30.00000
32.09707
34.23773
29.22328
25.54408
27.39868
24.56624
32.00000
24.45858
41.00000
25.92658
30.91206
22.00568
24.53569
37.00000
34.49960
28.50000
16.97609
35.50000
33.55923
25.95295
35.50000
26.08959
38.00000
21.45926
36.50000
34.50000
25.66491
27.34387
33.76718
38.50000
34.50000
36.38070
25.47057
28.11089
25.65151
26.23452
24.22292
23.41474
23.15707
26.98495
27.94041
34.70831
32.61901
33.15955
38.50000
32.50000
26.69582
30.26916
32.00000
30.34615
30.15884
25.38085
25.38153
28.75568
26.03243
33.00000
39.50000
30.53959
34.50000
32.00000
32.50000
34.50000
33.00000
28.59293
25.50817
37.50000
35.00000
34.00000
30.53959
37.50000
31.84337
32.56788
16.23576
23.08002
37.50000
24.05203
24.52932
32.50000
21.63764
24.72965
33.00000
27.39868
22.49444
36.00000
27.31300
23.33854
28.66279
38.50000
24.79695
23.34286
26.54974
22.83759
21.64809
22.52221
25.84932
30.24346
34.49960
21.40531
18.72325
23.34925
20.51926
34.93804
14.39618
31.66842
27.56243
26.73741
24.47831
27.86076
25.30261
26.47168
22.30471
22.39838
21.29684
23.83799
22.36565
24.77902
21.63764
25.48638
18.59267
15.69036
22.77608
21.63764
22.85142
34.37376
36.64545
20.61650
26.86424
27.39868
33.50000
36.50000
35.50000
23.04103
22.79825
20.29187
30.53959
46.50000
20.47828
22.52082
19.91702
31.66842
23.62202
22.40536
24.00463
36.00000
38.50000
35.50000
26.08107
29.00862
21.83941
23.58363
23.58495
25.99038
23.08138
20.83651
21.47673
21.87893
17.29046
21.94311
23.56242
30.00370
34.00000
26.41128
39.00000
25.48529
27.08667
31.20185
35.91038
29.22328
32.82614
29.60105
24.63230
25.45953
28.19377
25.70384
28.50000
28.85981
27.94973
28.19377
38.50000
37.50000
28.69996
22.21908
25.01999
23.51064
22.77471
25.62984
31.20185
20.07586
27.01029
22.66176
34.02940
13.78985
24.06159
26.98495
29.50000
31.47839
35.00000
21.37171
25.70344
23.01207
32.50000
24.55380
25.66450
33.08911
27.06782
28.70927
30.73905
37.50000
24.30821
21.45344
34.00000
30.62679
25.01375
32.31443
24.71761
27.94041
38.50000
30.81486
29.06028
28.33174
25.31181
26.91073
31.50000
29.00958
23.33452
27.26720
33.50000
26.98495
38.50000
39.50000
34.70831
31.94787
29.79933
29.37154
29.53341
27.15797
24.71209
32.96800
22.43184
31.94787
22.89514
35.00000
25.95295
32.61901
24.01041
20.88660
21.93992
31.09484
32.03123
41.00000
30.81486
29.97777
29.31818
39.50000
38.50000
34.00000
41.50000
41.50000
26.83696
41.50000
27.59869
32.61901
30.53959
41.50000
37.50000
27.93246
44.00000
40.50000
40.50000
43.00000
36.55437
40.50000
41.50000
43.00000
40.00000
34.37376
19.93740
25.00000
27.69815
23.98437
28.53458
28.11089
29.93697
33.00000
25.38153
20.47437
22.82542
22.74863
21.05350
21.82172
22.07374
29.17000
35.50000
23.89328
22.37605
18.74166
22.29910
37.11544
30.00370
17.95132
35.70559
34.00000
26.04803
32.50000
27.28553
20.88444
29.50424
38.50000
35.78019
13.52036
17.93565
33.00000
23.03801
28.50439
30.91206
24.05592
25.92296
23.22714
26.67396
28.00000
31.28365
33.35666
28.94055
26.19160
23.82226
26.51205
22.37558
31.50000
34.49960
29.74335
38.00000
29.24466
32.03123
26.98148
33.50000
21.62776
19.30512
23.60614
23.42408
23.87860
26.22022
28.94055
22.58849
32.88701
27.72484
36.00000
29.74335
29.38005
27.18251
14.12232
10.93618
24.11970
35.50587
22.94559
37.50000
23.22834
31.50000
33.50000
28.80201
32.50000
29.95923
41.50000
28.94055
27.45097
28.24103
28.54626
28.57738
29.79933
33.00000
26.71246
32.22146
39.50000
35.50000
34.49960
27.64457
24.22163
32.50000
30.94439
26.04270
26.59992
29.79933
27.92052
28.57738
24.14125
27.00000
34.00000
24.85067
25.72072
27.92052
36.50000
25.86020
30.43025
17.67767
36.00000
31.12341
20.75786
33.00000
34.50000
35.50000
25.77251
27.06782
21.66795
28.43413
25.00000
19.62040
31.41479
27.56243
20.58367
26.38602
29.50000
24.76388
36.50000
34.56716
24.38524
29.40899
28.39014
24.85067
27.94041
28.57738
31.37940
31.49603
41.50000
31.94787
21.59138
34.00000
27.92052
35.50000
37.50000
35.03649
29.13188
24.07396
30.34615
36.50000
36.50000
34.00000
33.03870
35.50000
35.50000
37.50000
28.94055
33.00000
35.50000
17.55626
40.50000
43.50000
23.69716
27.02314
21.87893
30.09983
24.73232
33.71778
30.07029
30.73905
31.50000
26.44911
30.81486
28.99138
21.78623
20.13841
24.06242
24.85067
31.00896
28.54626
35.00000
29.87753
24.52550
21.10687
26.74883
26.15698
21.92411
39.00000
41.50000
27.06782
28.39014
19.17707
32.53716
36.50000
36.12017
40.35674
41.50000
19.78889
22.01454
18.50826
30.34615
24.73055
21.44032
39.38133
25.81182
31.19595
24.12468
25.66450
22.79666
23.25511
29.37154
27.50000
28.19377
29.51083
28.85981
40.50000
36.00000
38.00000
23.01207
35.00000
25.36237
35.50000
29.97777
33.98039
28.94055
41.00000
41.00000
42.00000
22.90560
22.36487
22.56518
26.08999
24.08780
29.51083
27.39868
24.58093
30.07029
20.93418
25.30316
27.04163
24.91318
22.00505
19.78484
22.98913
32.03123
37.00000
30.26916
31.75252
29.60105
20.35313
34.49960
34.50000
26.31896
25.19700
29.60105
29.00000
31.50000
29.32955
32.56788
26.69582
37.50000
34.00000
27.53584
37.00000
29.00958
36.00000
35.50000
31.00896
31.75252
25.29506
28.81297
29.81191
28.40579
34.66987
37.00000
28.28820
31.75252
35.00000
36.50000
34.50000
16.35713
23.25269
38.00000
35.00000
29.06315
29.53341
34.50000
40.50000
27.15797
30.21405
31.62629
33.55923
30.44485
30.34615
30.15884
41.50000
35.50000
28.43413
42.00000
36.00000
30.21405
35.50000
35.70559
37.00000
30.34615
31.28365
31.15552
38.00000
29.97777
31.50000
39.50000
27.36786
30.67572
29.79933
35.50000
18.88121
35.78019
24.33598
33.55923
31.50000
22.24298
23.29998
40.00000
28.71846
32.69047
21.00446
31.15552
35.50000
26.47640
25.19921
35.50000
36.50000
27.60435
25.56365
31.12341
23.47738
30.26916
28.40579
32.03123
25.92296
29.50000
31.00000
29.95923
27.34387
31.00000
26.78969
30.53959
26.88659
25.48638
30.07029
18.47593
30.00370
30.68478
34.00000
32.50000
24.68299
22.82542
23.97684
30.44485
26.41969
23.61261
28.40579
23.43608
32.09707
25.93582
30.53993
39.00000
24.05549
25.46021
40.50000
30.26916
38.00000
40.00000
37.00000
39.00000
33.50000
24.49872
33.50000
34.00000
35.50000
25.97475
25.30261
33.00000
22.99321
29.40899
26.78723
27.47524
31.20897
38.00000
33.50953
28.34608
21.82172
28.94055
24.99778
25.57342
34.50000
32.35566
39.50000
34.00000
28.31409
32.14896
24.37212
26.41377
30.89802
26.23399
26.31856
23.79542
31.09484
29.33712
23.34286
32.50000
24.05203
37.00000
26.59992
26.42442
24.85067
34.00000
30.73905
37.00000
21.60247
24.99000
23.28089
22.10204
25.79123
26.61179
38.00000
27.35365
27.64457
36.50000
28.85981
31.28365
35.50000
27.58170
29.80306
33.00000
37.00000
35.00000
37.27674
35.00000
33.62869
26.08959
23.84717
39.00000
29.69100
32.41742
30.86530
30.91206
24.44381
40.50000
32.50000
25.92296
19.70406
28.12275
28.47221
26.31896
21.02825
26.13214
36.00000
24.48852
36.50000
35.00000
33.00000
23.88514
25.92296
22.21486
28.08321
25.24986
22.72664
30.00000
27.25599
24.44495
27.79388
31.50000
30.26916
22.57334
37.50000
33.50000
38.00000
27.45097
30.47403
21.55226
27.65261
38.00000
27.72484
27.53584
36.00000
36.00000
33.62869
35.50000
32.00000
30.94439
41.50000
37.50000
28.94055
34.50000
30.26916
28.57738
24.34420
27.65261
30.50000
31.50000
27.17842
34.00000
41.50000
38.00000
27.01029
29.32955
27.77689
30.07029
29.79933
29.06315
37.00000
37.50000
28.28820
43.00000
30.43025
30.15884
27.08667
40.00000
33.08911
28.38133
31.94787
28.94055
32.50000
30.15884
36.50000
28.19377
40.00000
41.00000
40.00000
31.49603
29.60105
36.00000
27.65261
26.91963
37.00000
25.78113
28.59293
24.76388
21.22940
23.58495
24.79415
27.39868
33.50000
30.73905
26.71246
26.78969
31.00896
28.54626
23.58495
19.96246
30.73905
22.86190
22.71976
18.29098
17.81460
21.07576
22.69116
22.87466
23.58363
22.64950
38.50000
29.87055
27.85678
32.41742
35.50000
36.00000
31.88521
29.40899
32.61901
36.00000
37.50000
35.50000
35.50000
31.94787
25.95295
25.17053
26.88659
25.01375
26.61244
33.00000
37.00000
39.00000
39.00000
37.00000
34.00327
37.00000
29.70971
24.53569
25.00000
29.00000
26.78723
33.00000
32.31443
36.00000
30.53959
44.50000
33.50000
18.11690
33.00000
25.54408
30.44485
38.50000
30.07029
20.22838
24.99778
21.06076
16.98529
31.00896
38.00000
24.41695
28.33137
37.00000
24.85067
25.78113
23.59025
29.79933
29.53341
38.00000
33.00000
20.60679
29.79933
31.41479
29.87753
35.50000
22.74863
28.52192
24.83277
24.03513
21.62776
26.02403
27.33130
26.47995
39.50000
35.36477
26.84937
22.32011
22.71976
32.88701
27.14199
32.49957
30.34615
33.08911
34.00000
29.04403
31.00896
37.50000
25.36840
23.82939
23.51994
21.13764
25.67465
28.11089
22.29910
21.77728
23.26478
27.06782
35.50000
23.29998
24.85067
19.91381
30.81486
23.70654
27.06782
26.61766
40.50000
31.09484
30.44485
20.36541
39.00000
25.19700
31.00000
30.26916
32.50000
27.65261
30.73905
31.84337
25.11349
34.00000
37.00000
36.00000
35.00000
36.00000
22.92788
27.64457
31.00896
38.50000
32.50000
26.61244
24.91318
20.83651
33.15955
28.47221
32.50000
32.50000
28.19377
25.52450
24.22579
34.96983
31.20185
24.68918
25.39029
27.31300
22.67510
32.09707
27.72484
27.65261
32.00000
25.79244
28.19377
38.00000
32.82614
42.00000
39.00000
24.92990
30.34615
27.04163
28.75217
24.22163
37.11544
33.24990
28.31409
35.12201
27.76238
29.25214
35.61211
32.25937
40.00000
29.00958
28.70927
25.78113
31.00896
38.00000
34.50000
27.82086
36.50000
30.05308
17.96350
21.71405
17.93565
23.90084
31.63332
28.24889
43.00000
30.34615
19.51068
18.13725
25.17053
22.17403
28.28820
21.95877
22.39838
23.82226
27.92052
32.00000
23.25269
33.08911
30.47403
25.49510
35.00000
33.62869
29.97777
42.50000
30.56505
26.50943
29.32955
37.50000
38.50000
30.91206
30.51639
24.13504
26.61179
19.76582
33.71778
22.81754
34.00000
36.50000
26.04270
23.51994
26.78036
27.39018
30.53959
31.16388
21.69533
26.41377
27.53634
28.08321
26.08107
36.50000
27.01029
23.63657
32.09707
29.32955
26.32964
34.50000
38.00000
28.87365
35.50000
34.23773
38.00000
25.77251
33.82635
29.00000
29.74335
23.68016
35.50000
24.52550
30.47403
34.93804
30.43025
29.04403
22.92788
33.50000
22.65392
20.80865
34.18577
24.85961
28.47221
27.01029
27.40235
20.64582
25.95295
23.29998
20.69957
17.01470
34.00000
27.06782
37.00000
24.66146
25.36840
36.50000
40.00000
37.50000
37.50000
34.00000
27.65261
34.00000
37.50000
35.50000
34.50000
35.50000
26.13214
38.00000
23.95177
37.00000
24.71167
30.62679
31.47839
21.74138
24.19065
35.78019
34.65384
41.00000
42.00000
26.54556
29.17000
23.03666
27.01029
38.50000
32.50000
36.00000
35.50000
30.26916
37.50000
31.41479
33.15955
25.42022
30.62679
37.50000
38.00000
31.50000
32.50000
35.00000
35.00000
38.00000
35.00000
34.50000
39.50000
39.00000
39.00000
36.50000
29.67638
33.50000
27.13342
31.88521
16.24808
29.06315
32.50000
38.00000
29.79933
32.00000
33.00000
31.50000
37.50000
40.50000
25.22276
36.50000
25.84932
21.64486
44.00000
26.66810
33.76718
27.74086
24.52932
41.50000
22.86676
39.50000
36.00000
32.39599
38.50000
39.50000
40.00000
39.50000
22.28789
18.58602
28.24103
27.06782
19.33100
20.40833
23.68940
29.69100
24.84326
27.92052
31.32979
21.78732
23.82226
28.40579
25.45953
21.55226
20.78912
31.03045
27.92052
36.85105
21.94311
33.35999
30.26916
30.34615
30.56505
28.00397
28.11089
30.81486
31.00896
27.47120
25.75243
20.94487
30.62679
34.65384
32.31443
40.00000
43.50000
39.00000
39.50000
38.50000
29.81191
41.50000
30.62679
31.84686
42.50000
31.24900
36.38070
40.50000
36.50000
35.50000
24.79415
28.86499
33.00000
24.90482
27.25599
19.94593
29.32955
35.00000
20.46069
23.51510
32.49957
29.51083
40.50000
25.24986
24.25329
28.50000
25.19300
33.53605
44.50000
44.50000
31.01612
29.48823
30.09245
26.41128
33.90510
17.36615
29.97777
28.57738
36.00000
35.00000
22.70875
28.47221
26.69582
31.47839
37.00000
28.18244
21.01999
27.33130
20.95328
26.45161
21.63844
12.75931
23.49979
26.27737
29.51589
27.27063
32.13513
28.94055
36.50000
30.50000
32.88701
31.00000
30.00370
40.50000
33.35666
41.50000
26.16295
25.84999
27.14199
34.00000
19.18912
18.10414
33.15955
25.66450
27.64457
17.62633
26.84937
39.50000
19.35846
38.68965
29.32955
31.67894
31.88521
31.50000
24.91318
25.00000
27.39018
27.15797
38.50000
29.60105
28.75568
33.29665
32.88701
31.49603
29.13188
26.24246
25.38153
28.47221
27.17842
31.94787
28.28820
30.68478
32.31443
24.99778
38.50000
25.78113
31.67894
29.06315
31.41479
23.51064
29.06315
26.59992
36.00000
22.55364
21.64871
36.00000
32.50000
29.79933
28.85596
28.47221
37.50000
39.00000
33.98039
34.75949
32.41742
28.47221
26.54974
30.34615
30.00000
26.88659
28.66279
30.81486
28.80201
24.53569
25.42022
28.59293
32.50000
17.68238
29.04403
33.00000
28.66279
25.08984
27.45337
39.00000
31.23300
33.00000
29.00958
41.50000
34.50000
25.06367
33.35666
19.08533
29.13188
29.00000
21.86893
22.94014
25.18432
36.00000
30.26916
40.00000
29.31818
33.50000
23.98958
27.48977
24.13892
25.10423
22.53192
25.75243
30.47403
24.77902
26.38655
24.93366
37.00000
33.50000
29.40899
35.50000
31.00896
31.50000
28.08321
23.87860
35.00000
41.00000
39.00000
31.73622
21.52179
32.72444
42.00000
17.71123
25.59080
18.06212
23.60614
36.00000
27.94041
22.54418
32.00000
21.86893
19.88090
27.45097
23.39204
26.54556
19.51121
37.00000
32.41742
31.84337
37.00000
24.05549
36.50000
34.00000
30.73905
26.31856
25.48638
29.00000
22.69912
23.84673
21.48255
36.00000
23.42363
22.64862
43.50000
33.50953
41.50000
24.40671
27.69928
47.00000
18.70401
38.50000
32.31443
34.29610
26.78723
25.32291
26.16295
28.08469
24.57005
26.71246
23.74210
24.99000
37.50000
24.25329
25.92778
20.27215
33.98039
22.53192
25.05369
25.76820
24.91318
25.65151
34.00327
26.88659
35.50000
35.50000
25.03775
38.00000
31.88521
23.79469
32.69047
33.03870
27.79388
23.90607
28.74456
30.15884
26.87006
29.33748
31.41479
22.00505
25.83710
38.50000
39.00000
35.36477
24.06761
21.49977
26.59992
19.22238
26.88659
26.28093
42.50000
34.00000
31.00896
34.50000
28.19377
28.97413
30.34615
27.06782
39.50000
27.79726
33.50000
29.12366
29.42257
34.89349
31.37232
20.88636
25.75243
26.28054
29.94810
27.19477
19.02209
19.92988
19.90578
22.94014
35.00000
23.09882
24.99778
22.88134
32.49957
30.53959
28.00397
28.64001
33.76718
30.73905
22.83331
12.64142
35.97530
28.00397
31.28365
32.41742
33.95095
22.16275
19.57958
25.77251
24.66146
24.53569
29.63481
41.50000
30.81486
19.62040
23.08002
20.21287
24.56624
34.29610
20.26228
26.72078
23.27418
29.22328
35.36477
33.50953
20.09577
21.01190
26.88246
22.82953
32.09707
39.50000
35.00000
30.81486
25.79244
27.68009
29.04403
26.40549
24.39034
32.00000
25.31181
26.41969
25.10423
29.95923
22.55410
27.72484
29.74335
35.00000
27.86076
26.28054
25.66450
35.00000
32.78550
34.50000
31.20897
36.50000
29.60105
26.13214
25.38085
39.50000
25.42145
28.57738
21.98153
29.97777
21.87893
26.38602
25.24986
24.25329
23.34286
29.97777
39.50000
33.53605
32.96800
35.70559
14.41137
36.50000
35.91038
43.50000
34.47060
27.77689
33.35999
23.01494
31.62629
22.89590
35.50000
37.00000
34.29610
24.15057
23.13547
34.00000
27.45097
32.22146
31.28365
25.24381
24.68299
31.41479
40.50000
30.84943
32.50000
22.74555
24.09746
20.34306
27.39868
23.89328
24.38579
23.93742
26.41969
36.00000
20.49000
26.84937
29.04403
25.48638
22.99275
22.52899
26.78619
23.09882
26.10555
24.14022
23.60614
28.12275
25.19700
24.64117
25.31578
27.02314
38.50000
41.50000
30.44485
35.14099
28.47221
34.49960
32.00000
24.80806
42.50000
37.00000
24.68918
21.94311
24.55380
29.51083
25.62226
25.51838
25.20293
27.06782
25.92296
