40.57366
19.07059
36.05859
15.47579
35.59026
44.00000
17.13943
17.48392
43.00000
17.06422
17.90775
36.50000
19.52025
35.00000
46.00000
28.09248
18.53881
13.78985
17.28258
16.29588
16.13196
33.62869
15.65120
18.44587
19.97968
40.50000
21.63764
21.09597
16.49970
19.85346
30.09983
27.18251
31.67894
45.00000
24.99375
38.05552
34.02940
25.60273
32.82614
19.13603
32.72444
29.00862
24.26245
15.89287
25.73300
35.00000
26.51205
20.40196
22.42209
24.00333
34.00000
27.64457
34.00000
18.31284
28.46928
26.54974
24.28348
24.05592
28.57738
22.04178
18.60753
36.00000
31.41479
34.50000
37.50000
45.00000
44.00000
35.03649
16.41463
26.78723
27.04163
32.88701
33.35666
18.82976
17.60000
27.94041
23.58495
33.50000
17.74711
29.32955
23.58363
16.07762
29.69100
38.00000
29.32955
35.00000
35.00000
35.50000
39.00000
38.00000
31.67894
40.00000
34.00000
30.34615
27.02314
21.54066
19.73716
36.00000
34.00000
26.04270
39.50000
21.52905
27.64457
32.00000
22.14159
34.00327
24.93366
25.84999
27.53584
25.62226
26.08107
29.00958
26.54974
27.01029
26.23399
26.24286
29.17000
25.62226
32.78550
28.54626
24.57005
24.37596
36.17550
38.00000
11.96407
29.94810
26.69582
31.28365
35.50000
36.00000
36.00000
30.07029
33.50000
25.99399
26.87006
21.79449
21.76436
25.84999
26.54556
28.85981
22.82953
20.90903
25.57342
28.19377
22.92788
24.51913
31.09484
23.59423
24.38579
26.88659
28.24103
22.98369
25.48638
29.53341
22.45551
27.92052
34.50000
33.50000
25.19700
27.92052
32.78211
30.50000
30.00000
21.01190
29.17000
31.50000
26.98148
20.84866
33.00000
24.07670
36.00000
29.87753
37.50000
24.91318
37.50000
25.62226
32.31443
23.68966
40.50000
24.84452
19.40844
19.68502
18.83614
24.94438
28.40579
24.70197
26.73325
25.84932
20.14169
33.35666
29.17000
38.50000
41.50000
29.13188
24.05549
32.50673
37.50000
39.50000
21.05202
37.00000
22.78706
44.00000
24.64117
27.21557
24.26288
26.69582
40.50000
32.03123
25.35087
27.28858
34.49960
42.50000
20.00625
28.64728
20.08731
27.50795
29.55597
29.94810
25.25248
24.35159
24.82942
29.32955
23.65772
29.74335
32.50000
29.74335
26.59992
17.21010
26.10555
36.00000
32.22146
35.50000
40.50000
37.00000
36.33486
32.14896
32.49957
37.79183
46.00000
35.70559
42.50000
36.44478
20.91889
22.51222
25.74663
30.70650
22.82953
32.96800
29.76995
35.61211
23.71049
44.00000
27.07859
24.63511
29.27266
42.00000
42.50000
42.50000
20.09378
44.50000
18.66071
33.00000
31.20897
25.38153
30.00000
29.51083
22.23111
34.96983
21.41699
21.26617
29.74335
21.13197
22.04966
25.95295
25.38153
33.00842
27.94973
30.81486
21.12439
23.92117
25.84999
32.50000
27.31300
29.00000
24.55380
31.50000
24.08780
31.50000
24.44381
24.64117
24.44495
24.55380
29.22328
27.82086
30.26916
30.21405
24.91318
30.26916
27.39018
25.19700
32.00000
26.61766
34.50000
25.17315
31.00896
30.50717
31.20185
22.99275
27.17842
22.09575
20.88636
33.50000
34.84250
32.50000
31.50000
37.50000
27.25599
23.69995
25.61683
24.22579
23.09085
39.00000
41.00000
22.99321
27.22476
22.79254
29.31818
23.47102
19.91381
27.82485
21.83025
26.16295
26.23399
26.78723
28.65746
23.26714
30.86530
26.13214
31.50000
26.40549
24.46426
28.08321
26.83631
29.69100
25.31578
31.50000
28.00397
30.00000
27.96762
31.50000
28.94055
22.77608
21.91397
20.32701
26.71246
39.88595
37.79183
30.47403
33.82635
33.08911
32.22146
28.14694
33.50000
22.20783
25.00000
19.60159
24.91318
28.28820
35.50000
27.36215
27.35365
30.07029
32.03123
33.50000
32.14896
37.50000
39.00000
24.38579
24.39034
34.00000
21.77728
22.68810
19.84943
28.33174
22.19610
27.92052
24.21074
25.98557
25.15287
24.53569
28.40579
23.76272
24.68918
22.85826
27.28896
27.26720
40.00000
40.50000
30.15884
41.50000
24.70627
25.75243
26.61179
22.78706
25.93742
22.92788
25.95295
30.00370
29.69100
24.38579
23.04103
23.69716
20.10441
24.19194
30.50000
26.31856
19.91381
29.51083
38.50000
22.43184
31.41479
26.71246
33.00000
32.42770
25.10423
27.53520
35.50000
23.31309
30.50000
25.92296
28.14694
35.64953
32.14896
34.23773
21.64486
18.96734
21.21320
22.57964
30.47403
34.66987
28.26106
37.72120
27.94041
36.00000
36.50000
31.50000
22.55410
24.01041
24.08838
27.47524
33.62869
24.46426
22.80877
26.54556
27.53584
30.50000
24.22579
25.78113
20.79808
27.08667
23.27418
25.88919
35.00000
39.00000
35.00000
30.43025
37.00000
23.78419
25.97475
23.06919
24.72965
30.00000
31.00000
29.32955
28.94055
33.00000
22.61084
30.47403
26.31856
37.00000
26.69582
23.73157
27.92052
29.67977
30.07029
25.92296
19.53868
36.50000
29.04403
33.35666
26.48113
25.38208
23.76315
30.55414
22.93120
24.58997
42.50000
35.59026
40.00000
23.55136
21.76133
24.50510
27.06782
35.00000
22.55364
38.00000
40.50000
28.40579
28.28820
33.50000
36.00000
26.71246
32.00000
34.50000
42.50000
31.88521
25.16943
35.23571
27.47158
33.29039
20.34699
23.55313
20.20365
25.36840
25.22345
23.79542
25.04371
24.56737
19.76461
33.08911
21.82315
17.72456
30.53959
38.50000
37.50000
25.95295
29.97777
25.70384
25.46021
29.04403
28.89961
25.84999
25.08984
26.41969
30.09983
30.34615
38.50000
42.50000
31.49603
31.66842
41.50000
29.93697
30.73543
25.59080
18.91666
22.39838
22.56657
28.66279
28.19377
25.30316
38.50000
25.11349
23.49979
36.50000
33.50953
33.71778
33.35666
28.19377
23.04886
31.50000
26.98148
25.46021
29.13188
29.50000
26.98148
27.06782
26.78036
24.85067
33.50000
34.50000
33.50000
35.50000
35.00000
30.62679
34.09790
33.50953
36.00000
38.00000
28.44293
24.74242
29.97777
31.47839
29.13188
22.73076
29.79933
28.25221
25.98557
26.42442
31.62629
23.35594
34.29610
23.59152
27.72484
32.00000
23.98958
19.07369
29.87753
33.50953
39.50000
23.06919
33.06895
31.84686
33.98039
31.15552
34.50000
34.50000
35.78019
37.49667
24.94995
26.47050
37.00000
40.50000
25.93742
36.00000
34.50000
36.00000
25.27350
29.27266
28.19377
31.50000
31.88521
24.01432
26.84937
25.57342
24.99375
37.50000
38.50000
35.00000
34.00000
34.50000
29.32955
37.00000
40.50000
36.00000
36.50000
32.35566
32.41742
30.68478
42.50000
29.51083
20.26697
37.50000
31.75252
46.00000
43.50000
31.28365
31.67894
22.56518
29.35227
37.50000
38.00000
27.32927
27.64457
26.29045
22.39544
38.00000
28.01227
28.76195
25.60273
31.49603
27.07859
25.09661
39.20317
25.98557
27.28553
33.90510
29.60574
21.85304
23.02716
32.88701
25.66491
38.50000
32.69047
30.84133
18.18351
21.40093
13.07823
31.84686
20.80114
20.60744
18.42824
20.57912
34.00000
36.85105
22.55364
40.00000
24.55988
32.41742
40.50000
33.55923
36.50000
26.41128
23.92117
38.50000
30.73905
30.09983
31.20897
46.00000
25.94706
29.51083
21.31168
24.55380
35.00000
33.50000
34.50000
21.85304
28.87136
25.44602
35.50000
34.50000
30.07029
23.75921
26.83631
28.70540
24.79415
18.23842
27.64457
34.23773
21.67227
12.14249
11.59741
36.00000
23.84717
28.74456
28.22676
21.63764
30.84133
34.09790
42.00000
34.56716
22.22611
34.29286
41.00000
24.91486
24.96878
31.53966
32.61901
43.00000
38.00000
27.96762
38.21867
32.31443
32.35566
33.82635
31.67894
28.47221
26.71246
23.58495
25.57342
28.70540
27.84219
26.95830
16.66750
22.65392
31.96178
27.27063
21.00095
25.18308
25.77251
29.33712
32.09707
33.50000
36.50000
29.04403
29.19225
24.77272
24.98374
25.66450
41.50000
24.68918
24.09746
44.00000
30.34615
36.17550
34.37376
18.94835
24.47831
27.04163
23.78419
24.46937
21.78073
32.00000
25.78113
27.38955
24.53569
21.78732
26.25238
32.41742
28.39014
32.56788
19.09679
21.11131
22.92788
23.04103
27.86076
19.74050
39.50000
27.25599
33.50000
30.07029
39.50000
31.02821
17.50714
24.13892
25.36114
24.46937
26.08107
23.41340
24.79415
24.10783
30.26916
31.28365
30.50000
34.09790
32.09707
27.53584
43.00000
19.85346
23.75921
25.13339
32.50000
26.88659
30.62679
24.87343
29.31818
28.00397
43.00000
14.63728
38.00000
20.00555
20.58367
23.43075
36.50000
38.73270
29.97777
24.89352
21.87893
25.92778
21.17192
37.00000
22.81858
27.01029
32.13513
26.51205
22.18530
21.69533
22.02181
26.88659
19.17029
37.00000
27.06782
28.94055
23.27015
27.96762
25.36840
25.55753
40.00000
29.00958
23.63657
25.31578
19.83331
22.01562
25.15287
27.94041
24.94438
24.09746
22.38722
40.50000
34.00000
22.14018
21.33659
23.98958
18.90608
21.45926
23.68940
23.47102
21.79449
38.50000
25.49877
20.16185
24.91486
28.76727
21.31168
22.85279
21.92350
29.67977
23.80520
17.21162
30.81486
33.90510
36.00000
21.87893
26.78969
38.50000
29.74335
31.88521
27.01029
28.47221
28.57738
22.25281
32.03123
25.48038
26.47168
26.91963
19.76866
30.00000
21.59861
23.79075
30.44485
25.12966
31.41479
32.06590
23.55313
22.16275
22.36068
37.00000
38.50000
35.91038
25.91216
29.14940
25.00000
26.59992
33.35666
30.68478
27.17536
27.93246
25.06990
35.50000
28.19131
33.82635
29.69100
22.80838
23.37065
28.57738
22.16416
29.00958
26.41128
31.15552
38.00000
26.65521
32.96800
27.32927
34.00000
34.50000
32.50000
30.53959
35.50000
32.50000
27.82086
27.37700
31.09484
33.00000
33.00000
33.00000
30.43025
33.00000
32.00000
33.50000
26.78723
22.94967
40.00000
40.50000
35.23571
20.94755
26.27737
28.98599
27.37700
32.02636
24.53569
38.00000
25.61683
27.06782
28.19377
25.62984
33.00000
26.04270
35.64953
26.24246
23.24134
21.27596
27.25599
21.64919
27.64457
22.90606
19.17174
29.22328
24.12986
21.69997
22.60946
24.85961
30.26916
40.50000
31.50000
33.00000
35.50000
27.86076
33.50000
25.99399
29.60105
39.00000
36.50000
28.94055
38.00000
39.00000
33.95095
34.70831
27.62044
15.65375
25.53919
31.88260
22.93953
27.01029
27.26720
32.56788
38.50000
39.67367
26.09957
31.32979
24.45858
34.00000
31.09484
33.15955
29.13188
35.17891
44.00000
28.08321
25.48638
22.73030
38.00000
25.27227
33.55923
32.00000
28.41984
40.00000
26.23399
28.69996
23.41453
30.81486
32.78211
26.06722
27.94041
22.53192
30.56505
34.00000
24.14022
34.92214
27.13342
28.50000
24.55380
28.38133
19.62040
24.12986
31.67894
32.31443
39.50000
25.75243
32.50000
37.50000
41.00000
40.50000
30.09983
42.50000
27.77689
26.71246
26.98148
26.98148
34.50000
27.33130
38.00000
26.10555
33.62869
38.00000
28.75568
31.94787
27.17842
24.45858
37.50000
27.72484
24.45858
35.50000
36.50000
27.62044
38.00000
22.19610
38.50000
29.04403
21.27346
38.50000
26.31856
26.51205
27.31300
30.50000
25.70344
24.07396
24.71167
26.71246
23.37199
30.09983
22.85826
23.28626
32.00000
26.03243
28.11089
22.26208
17.96911
32.00000
24.38579
37.00000
12.58968
27.15797
30.50000
27.62044
25.92296
26.15764
36.00000
41.00000
33.90510
34.00000
38.00000
35.00000
36.00000
25.92296
36.50000
24.14022
24.76262
34.00000
24.55380
23.03801
16.33248
33.00000
33.50000
34.50000
29.79933
29.32955
35.00000
26.13214
28.12275
29.40899
30.91206
26.00361
27.94041
27.45097
25.81182
35.50000
33.50000
31.50000
32.00000
31.28365
34.00000
32.50000
31.50000
33.50000
37.00000
34.00000
31.62629
32.50000
30.00000
30.47403
27.72484
26.38602
29.50000
36.50000
40.50000
30.09983
30.68478
21.99290
26.08107
29.51083
36.50000
30.07029
28.39014
25.15287
30.94439
39.00000
39.50000
28.24889
23.41340
28.33137
31.09484
22.82542
29.13188
20.54805
41.00000
37.32143
25.95295
23.84324
19.06200
24.11431
25.46021
26.08959
22.86676
36.17550
26.51205
38.50000
23.66960
26.18205
30.26916
25.97862
25.89764
17.98889
19.95551
20.06240
18.11690
30.33459
21.81026
19.56240
19.93590
19.90578
22.85279
22.53192
21.71837
22.57626
26.87006
33.15955
22.06241
37.00000
28.57738
38.50000
29.22328
23.78024
28.39014
30.53959
29.79933
40.00000
40.50000
27.82086
24.41311
22.68920
29.04403
30.47403
35.50000
31.50000
25.19700
23.35594
25.24381
29.00000
23.22714
24.99778
14.44438
28.01227
28.00000
21.93599
23.60614
21.87464
24.12986
20.37615
29.50000
34.00000
23.17731
22.03406
22.85142
22.55410
29.74335
27.72484
21.05802
31.41479
28.59293
37.00000
32.09707
38.50000
25.86020
26.98148
31.88521
34.56716
31.47839
26.24669
25.85053
29.42257
23.71049
26.71246
28.00000
26.44911
30.94439
34.02940
29.13188
28.39014
35.50000
33.50000
40.50000
32.00000
27.72484
23.68940
24.74369
40.00000
24.91486
28.94055
24.71167
26.55654
32.56788
25.94706
15.44345
34.50000
40.50000
20.67742
32.22146
27.36786
30.34386
16.07980
25.95295
22.52082
21.88036
25.95295
18.88783
29.63106
24.96372
42.50000
40.50000
37.50000
36.50000
35.00000
18.57118
24.11820
35.64953
40.50000
38.50000
37.50000
38.00000
27.60888
32.53716
22.27527
25.15287
29.00000
28.75568
23.39204
32.00000
25.82029
23.36664
16.81190
21.74601
22.99275
23.83799
28.75568
30.62679
29.93697
26.88659
36.00000
29.50000
38.00000
29.06315
28.19377
27.18251
26.59992
22.82542
17.74711
25.67465
19.09679
34.37376
23.92117
36.00000
13.82249
27.62044
29.87753
31.00000
28.00397
33.00000
34.76588
29.48823
27.79388
32.50000
33.50000
30.94439
20.64946
32.41742
30.84943
41.00000
23.22041
26.74883
39.50000
33.76718
23.57117
14.45683
22.39420
32.49957
17.82582
24.99375
22.84048
26.41969
30.47403
28.47221
33.50000
31.96178
31.14783
30.23243
22.09615
44.50000
43.50000
24.74874
30.28510
37.50000
33.50000
27.17842
26.38602
28.54626
37.00000
42.50000
40.50000
43.00000
41.50000
40.50000
26.61179
38.00000
38.00000
35.91038
38.00000
38.50000
22.54378
37.50000
26.53653
21.54501
21.52766
33.65511
29.40899
23.18103
37.00000
32.22146
32.50000
34.50000
35.00000
38.00000
33.50000
35.00000
36.50000
24.87971
27.01029
31.88521
30.94439
26.24669
23.48404
28.87136
26.02283
24.55988
31.15552
33.35666
30.07029
32.56788
44.00000
22.09072
19.88718
20.45092
16.92795
34.92214
26.70557
28.18244
23.60847
36.85105
37.00000
31.00896
30.94439
20.38038
24.08780
22.83759
34.84250
41.00000
23.58363
28.19377
38.94440
33.29665
20.41786
39.50000
41.50000
26.71246
41.50000
29.53341
41.00000
27.13393
22.22611
21.10687
34.09790
26.49528
24.55988
25.61683
23.08138
26.59992
35.50000
37.50000
32.49957
35.14099
28.89961
39.50000
39.93606
29.97777
40.50000
18.56071
23.09085
41.00000
44.00000
39.00000
42.00000
43.00000
41.00000
40.00000
38.00000
36.00000
40.50000
25.46894
35.00000
36.71815
36.80882
40.00000
17.43101
19.14909
16.90680
25.93582
34.56716
24.46426
30.26916
20.80769
26.29045
29.17512
33.00000
25.81937
26.70557
41.00000
22.89590
34.19877
22.98913
21.23205
41.00000
35.14099
38.00000
38.00000
26.54556
37.50000
38.50000
38.00000
39.00000
38.50000
37.00000
29.97777
26.23399
28.79670
26.91963
25.70384
24.10394
30.81486
19.52562
33.50000
20.41241
25.59080
22.37605
35.00000
19.96597
23.45682
22.14159
25.93582
22.04966
24.55380
22.16275
21.89178
21.27346
21.37025
23.93045
28.11089
32.88701
33.00000
36.50000
28.94055
30.34615
37.00000
35.00000
33.43651
35.97530
31.94787
27.72484
39.50000
32.49957
26.71246
27.92052
25.18928
31.75252
40.00000
34.02940
33.00000
29.91237
22.29910
27.34387
28.08321
20.85399
25.95295
23.61261
27.01029
31.62629
23.79542
22.29770
22.88134
22.56657
26.08959
20.26425
35.50000
41.00000
21.85304
29.64266
22.09575
19.16377
21.86870
25.31578
16.44871
31.47839
32.00000
31.00000
23.82226
30.50000
23.79542
12.98307
24.84326
29.22328
24.07670
24.07396
24.55380
16.71646
18.26712
12.31530
27.17842
28.57738
23.05835
34.29610
39.00000
29.97777
22.36565
40.50000
41.50000
34.76588
36.00000
35.50000
35.00000
24.05549
26.69582
36.50000
35.50000
39.50000
40.00000
20.68061
29.79933
42.00000
33.82635
32.00000
34.50000
34.50000
34.50000
32.00000
32.41742
23.71049
24.89352
41.50000
28.70540
24.22163
26.89215
30.34615
38.50000
45.50000
33.71778
29.22328
36.17550
35.39303
35.44009
39.50000
19.84156
17.85945
27.92052
27.63490
30.18094
30.53959
39.50000
25.95295
26.59992
28.85596
27.31300
22.63156
24.76388
27.17842
23.44014
23.97684
30.34615
41.00000
24.85067
34.00000
38.00000
25.78113
23.03666
28.43707
30.50000
36.00000
42.00000
38.50000
25.46934
35.69314
19.00493
28.04015
33.15955
37.00000
37.00000
37.02552
34.37376
30.53175
38.00000
36.24914
43.50000
30.50000
23.82226
29.01724
37.50000
32.00000
33.00000
31.50000
26.98148
26.13427
31.00000
32.00000
28.47221
26.24669
24.68299
24.55380
24.02603
26.56478
40.50000
22.18530
25.92778
25.15949
29.33712
32.35566
12.45994
18.35865
33.00000
26.13214
39.00000
29.17000
30.81486
27.60888
32.22146
24.40671
22.72664
12.39157
22.07232
25.55753
21.93262
23.21551
27.92052
21.96019
23.01207
23.56905
27.65298
23.28089
29.42257
32.22146
28.33137
21.71837
21.44201
24.07670
22.86132
29.70971
20.81316
25.03775
28.70540
31.12341
31.49603
27.94973
27.82984
35.50000
33.00000
31.88521
37.00000
29.63481
27.94041
29.97777
31.75252
40.00000
34.50000
27.72484
38.50000
27.64457
28.00397
27.53584
30.68478
24.63511
26.51205
31.00000
30.73905
30.50000
25.57342
24.27318
29.13188
28.28820
35.00000
34.00000
38.50000
37.00000
36.00000
37.50000
30.68478
28.47221
36.00000
29.13188
34.00000
25.85053
39.00000
30.34615
29.69100
37.49667
35.70559
28.23562
43.50000
21.74138
21.17924
24.75253
27.17842
22.72664
27.26720
26.40549
23.82226
25.57342
24.70197
22.32011
24.38579
23.14087
40.00000
30.73905
31.50000
24.64117
32.96800
35.50000
25.95295
35.50000
32.50000
24.99000
22.92788
31.50000
26.24246
23.84717
10.20485
36.12017
27.78889
24.86463
33.47968
30.73543
24.34132
29.79933
16.99019
29.79933
16.64895
18.79495
25.18432
20.98147
19.71801
23.15572
24.66146
24.21260
25.66450
22.85279
17.41723
21.11871
24.38237
24.89352
20.20297
38.00000
31.94787
24.85067
35.50000
31.15552
23.37734
41.50000
35.00000
37.00000
32.69047
29.32955
30.07029
23.68016
29.47315
23.37065
28.08469
14.97289
44.50000
31.37940
34.50000
27.07859
42.00000
29.97777
17.29277
20.49000
18.69117
19.42292
30.15884
22.98369
24.85067
19.68502
29.79933
38.50000
29.79933
26.98148
30.00000
22.57334
21.52179
38.50000
29.97777
34.00000
33.00000
28.66279
31.62629
32.88701
30.07029
34.02940
32.41742
32.69047
22.79825
29.01724
44.00000
41.00000
43.50000
26.83696
28.69233
43.00000
34.00000
26.36641
26.24669
20.89258
20.52285
19.89372
37.50000
34.00000
24.08838
35.50000
25.13339
36.50000
35.00000
24.72965
25.92778
29.32955
35.00000
30.26916
32.00000
24.85067
18.08425
24.25258
31.50000
24.55380
24.19065
33.08911
17.55449
16.99412
22.29910
26.23399
29.51083
28.08321
42.50000
25.31139
21.00595
36.50000
23.26478
33.00000
16.11707
31.47839
27.69815
26.67747
23.44260
20.99256
22.55364
26.78723
30.09245
42.50000
38.50000
35.03649
23.60614
28.08469
25.19300
30.81486
22.45885
27.32558
19.31839
25.86020
30.34615
26.41969
30.00000
26.71142
19.83331
20.35313
9.80612
15.44021
26.94851
26.23399
34.00000
28.00397
26.22022
39.00000
36.50000
28.40579
27.64457
30.44485
32.50000
35.50000
28.06243
33.08911
