29.04403
46.00000
46.50000
34.16870
25.01679
22.71976
7.34569
24.90462
30.44257
30.86890
34.29610
21.69997
36.50000
19.98750
29.97777
17.64540
19.19635
21.22940
28.00335
28.79670
19.09345
29.78068
21.93262
43.00000
34.29610
36.00000
33.35666
36.17550
29.37261
32.49957
28.76727
28.38133
43.50000
36.64545
39.50000
26.02283
32.69047
31.56299
25.82419
32.14896
34.50000
28.85981
33.82635
34.49960
31.84686
24.26288
36.00000
28.66279
33.29665
40.00000
25.78113
33.50000
23.04886
24.39034
26.78723
27.65261
21.85606
25.50000
22.81228
22.59840
31.37232
36.00000
20.09378
35.00000
32.56788
18.18499
25.61250
30.94439
29.53341
22.10204
34.49960
34.29610
41.50000
25.79123
21.08317
27.14199
31.57927
26.41969
34.29610
36.12017
22.66054
25.19921
30.15884
28.94055
23.33854
35.31131
28.11089
22.68627
19.33908
21.40093
28.00397
36.50000
24.71761
23.24193
25.77251
30.50000
26.88659
22.14018
34.56716
31.47839
25.84999
27.17842
30.47403
22.99321
30.21405
23.92154
25.53919
31.41479
25.19700
21.43455
25.11349
33.00000
33.00000
31.71050
31.56299
30.73905
34.09790
34.02940
27.53584
29.22328
27.45337
26.05163
25.86020
23.45741
24.64244
21.55806
24.41695
25.31578
16.19136
40.00000
18.01909
24.53569
20.40196
12.51222
33.50000
30.26916
21.76006
32.56788
40.50000
34.47060
34.70831
40.50000
37.00000
25.77251
31.56299
25.06990
19.45508
27.47120
30.86530
32.22146
36.08324
34.50000
21.91461
23.93742
26.38602
31.15552
33.50000
27.45337
31.88521
29.60105
23.42408
26.59992
21.82315
29.06315
21.04661
26.18205
33.96598
26.04270
23.79469
38.50000
24.33490
29.60105
32.14896
21.12315
25.61616
23.13547
40.50000
32.49957
28.70540
31.56299
31.20185
31.03045
26.08040
29.87753
31.84337
31.47839
29.87892
31.03045
33.00000
37.50000
33.00000
27.94041
33.29665
29.50000
25.84999
30.43025
25.97862
37.50000
25.00000
27.64457
44.50000
25.34142
31.66842
14.39401
16.68832
22.52082
27.92052
27.33130
31.67894
22.07232
27.15120
21.64486
16.88750
29.51083
23.20022
18.31284
20.18911
29.21044
26.88246
27.82086
19.88718
22.72664
32.00000
26.24669
33.00000
29.13188
35.50000
33.29665
26.04270
37.00000
37.00000
27.82086
30.26916
28.70540
28.40579
25.06990
24.90482
27.69928
34.09790
29.60105
24.33619
28.39405
35.50587
27.10627
31.50000
23.84717
23.51064
35.17891
34.29610
30.15884
27.69815
37.11544
34.00000
24.57005
23.90607
26.08959
30.53959
24.68918
35.00000
28.59293
37.50000
29.80306
29.97777
35.64953
29.35451
35.50000
23.51064
24.69185
29.33712
39.50000
41.00000
35.50000
36.00000
41.00000
30.07029
38.50000
30.07029
21.54501
23.01652
42.00000
21.49046
32.50000
23.08002
29.40899
35.00000
28.00000
27.18251
25.36114
26.50000
27.64457
37.00000
28.66279
29.50000
37.50000
30.73905
29.32955
24.68299
37.50000
32.14896
31.00000
21.89178
33.76718
29.13188
40.00000
31.94787
28.11089
27.47524
25.95295
30.07029
27.06782
32.00000
22.92788
32.22146
39.50000
32.35566
21.46363
24.60406
26.96757
33.55923
26.99537
28.43413
26.70557
23.98307
34.84250
21.19404
37.50000
28.24103
25.84932
26.91073
33.35666
36.00000
27.94973
24.36570
33.82635
32.96800
27.40235
39.00000
26.24669
24.95774
13.86317
41.50000
27.77689
37.50000
31.28365
35.64953
22.20923
24.12468
34.23773
43.00000
29.63481
31.94787
29.33712
24.39034
39.00000
26.04270
27.08423
31.47839
31.94787
31.84686
30.53959
38.50000
20.38842
27.06782
37.00000
37.00000
19.26655
34.96983
28.94283
41.00000
31.16979
28.47221
21.19552
21.04493
31.32979
42.00000
29.51083
30.24346
32.88701
24.44259
22.99321
28.87136
23.79601
29.51083
36.00000
36.50000
24.85067
23.15572
27.01029
32.50000
35.00000
33.50000
33.50000
30.73905
25.84999
35.00000
32.00000
29.74335
36.50000
27.01029
14.91643
35.50000
34.00000
36.00000
39.00000
36.00000
30.34615
23.15707
31.00000
20.60485
24.44495
26.98148
30.81486
35.50000
41.00000
29.27266
26.84937
32.78211
39.50000
43.00000
32.35566
25.59080
40.00000
39.50000
29.74335
35.50000
41.50000
40.00000
29.22328
40.50000
29.47315
34.49960
32.50000
30.07029
25.77251
32.50000
31.00000
26.24246
31.00000
25.01999
27.92052
32.50000
25.89764
35.50000
31.75252
27.53584
27.15797
31.00896
29.69100
32.50000
37.00000
33.00000
42.00000
36.00000
30.46720
35.50000
30.00370
22.98369
23.47871
28.47221
26.13214
27.35365
34.50000
30.44485
22.72664
34.00327
26.12829
31.63332
26.72078
23.78419
30.26916
32.03123
35.14099
26.61244
23.47738
35.50000
30.81486
22.39544
32.50000
20.85186
31.84686
43.50000
37.00000
37.53221
32.72444
34.02940
29.97777
25.11349
22.79666
38.00292
43.00000
29.04403
39.50000
41.00000
32.31443
33.50000
39.50000
26.22380
34.00000
34.50000
19.14419
21.85177
36.33486
25.84932
34.00000
31.50000
28.94055
31.47839
27.90161
33.03870
24.74874
33.82635
30.48360
33.90510
20.15341
31.96178
22.85142
31.28365
32.09707
33.08911
20.30369
39.00000
23.22714
26.72078
34.00000
26.09598
38.00000
38.00000
33.03870
32.31443
31.37940
43.00000
36.50000
38.50000
25.30316
27.31300
21.00000
26.23399
41.00000
23.79542
28.39405
20.62159
39.50000
37.50000
34.02940
26.08959
25.82419
25.17053
38.00000
25.49510
28.43707
22.32011
36.50000
44.00000
24.58093
30.00000
27.92052
32.00000
34.00000
35.50000
35.00000
30.21405
35.00000
32.78550
26.59992
26.04270
26.78723
27.06782
25.19700
31.00896
33.00000
36.50000
28.47221
35.44009
32.82614
30.34615
30.94439
30.15884
39.00000
32.50000
27.62044
36.00000
36.00000
22.36565
25.31181
25.05369
23.60614
30.50000
26.66250
22.29770
24.50510
38.00000
27.04163
28.66279
26.71246
30.26916
24.20098
37.50000
39.50000
26.23399
39.50000
38.50000
39.00000
39.00000
39.50000
32.00000
16.67999
34.96983
31.56299
28.66279
21.34104
33.50000
27.17842
37.00000
28.39014
30.53959
21.60295
35.00000
27.92052
37.11544
32.00000
30.53959
34.23773
35.91038
33.50000
40.00000
37.00000
31.84686
30.21405
30.47403
34.70831
36.00000
38.00000
26.51886
41.50000
31.63332
31.20897
32.89377
28.05686
29.32955
25.19300
24.22163
27.01029
26.84937
31.37232
26.13427
30.94439
27.63251
19.03122
25.38085
28.99138
33.35666
39.50000
38.50000
40.00000
30.73905
27.25599
33.50000
35.50000
36.00000
38.00000
35.39303
26.38602
34.45125
30.53959
24.45858
24.79695
36.50000
28.39405
21.63764
22.80838
38.00000
37.50000
38.50000
39.00000
39.00000
37.50000
41.00000
41.50000
40.00000
23.44260
38.50000
40.00000
28.00335
33.50000
33.08911
20.94487
26.67396
31.84337
22.99321
24.05722
36.50000
33.00000
32.50000
35.50000
24.32463
24.21260
31.20897
24.12986
27.35365
24.58093
23.79075
28.11089
34.50000
33.50953
34.49960
35.00000
26.13214
29.79933
28.94055
35.00000
24.57005
26.84937
25.23391
26.98148
27.92052
25.31578
34.50000
26.04270
18.47593
29.32955
23.56905
25.78113
28.00397
30.73905
32.00000
29.00000
17.98444
21.33659
38.00000
31.20897
20.57912
24.96372
24.64117
21.43012
22.86236
27.25599
38.50000
25.61616
29.51083
36.50000
36.12017
31.09484
38.00000
25.04371
27.94041
37.00000
37.00000
32.06590
29.40899
33.35666
27.21557
36.00000
27.45097
29.00000
37.50000
29.50000
23.98307
34.50000
33.00000
27.53584
23.17240
28.33137
26.50000
29.00000
24.55988
30.00000
27.08667
34.50000
29.06315
26.54556
25.52559
24.26245
23.01207
24.25329
25.92296
33.00000
32.00000
35.50000
29.14940
29.51083
36.50000
26.17609
19.08507
22.39838
25.03775
20.53047
24.60056
23.50000
31.56299
30.56505
25.00000
33.50000
18.29447
30.15884
30.26916
28.47221
34.00000
35.23571
31.56299
20.94487
18.00444
21.54066
33.55923
35.86394
34.29610
32.56788
26.74883
41.00000
43.00000
43.00000
25.81182
27.65261
29.87753
29.87753
36.00000
27.94041
28.12275
27.11434
25.23391
29.79933
36.00000
30.81486
36.50000
25.66450
26.38602
26.54974
28.39405
36.50000
25.99399
28.70540
29.13188
20.93442
24.44381
30.15884
22.86190
25.24986
24.06159
40.50000
31.75252
21.56821
40.10265
31.47839
21.85606
37.50000
23.64847
22.87466
19.15202
33.50000
30.68478
34.00000
24.21260
27.62044
29.04403
34.76588
36.00000
31.50000
25.43005
24.75379
29.50000
29.87753
31.75252
23.64847
21.01190
22.28228
37.00000
41.00000
29.69100
36.00000
32.00000
31.41479
21.03568
39.50000
27.86076
29.00000
29.97777
35.00000
34.00000
28.28820
24.50510
28.19377
26.28093
33.06895
28.70540
26.78723
26.39129
35.91038
23.69599
31.94787
42.00000
30.91206
31.88521
33.76718
30.62679
34.18577
23.02694
39.50000
26.24881
34.96983
32.09707
32.50000
27.60888
20.04595
37.32143
24.05203
29.89461
32.42770
29.94810
43.00000
35.50000
37.50000
21.52766
35.00000
29.62263
34.00000
39.50000
23.54782
33.43651
30.73905
34.23773
23.37065
12.37093
33.08911
17.59091
34.00000
37.00000
32.61901
30.47403
20.40196
33.08911
27.90497
30.94439
30.53959
29.32955
34.29610
21.76436
34.23773
25.13339
27.17842
28.47221
31.66842
32.50000
32.00000
31.67894
37.00000
28.07530
36.00000
24.84452
34.50000
27.01029
36.00000
30.50000
28.66279
30.73543
28.08321
29.27266
15.98750
41.50000
18.37389
28.85596
20.06988
30.81486
32.09707
29.60574
36.00000
30.53959
24.63230
28.66279
29.87753
24.89352
27.15120
29.60105
27.93246
33.08911
28.39014
21.22940
34.56716
29.25214
30.47403
19.29145
24.93366
25.86020
29.87753
20.00400
24.01432
21.26617
23.79542
19.15507
28.57738
25.42022
30.00370
26.53653
35.39303
26.84937
30.26916
17.03408
33.08911
18.44560
24.32463
29.69100
38.50000
32.50000
28.99138
32.50000
37.00000
15.70629
22.92788
27.94041
30.00000
32.00000
25.54408
26.08959
18.34121
23.44260
31.75252
22.44994
37.00000
31.79623
20.83600
18.80851
18.88280
20.97618
23.93742
29.50000
26.78723
25.77251
21.10095
22.42518
23.55136
35.00000
35.00000
28.70540
34.00000
19.45079
25.30316
33.76718
27.60435
26.69582
24.86463
25.81061
27.17996
25.94706
30.44485
32.09707
31.75252
29.74335
41.50000
32.35566
33.50000
28.66279
32.82614
31.56299
22.73076
27.17842
21.55226
25.56365
29.40899
33.50000
33.50000
25.06990
35.00000
27.35365
23.90999
25.38153
37.50000
37.00000
24.61707
25.62984
19.13531
23.88907
31.47839
32.56788
29.60105
28.28820
23.41340
42.00000
28.47221
27.06782
26.51205
24.48852
28.19377
24.01432
28.85981
37.00000
31.67894
28.66279
25.19700
30.00000
29.50000
26.22380
27.82086
30.15884
27.35365
32.00000
30.26916
30.07029
31.15552
29.00000
31.50000
39.50000
27.10512
24.22579
30.15884
32.03123
32.00000
33.03870
36.00000
37.50000
33.90510
42.00000
36.30733
39.00000
33.55923
43.00000
23.27015
24.39034
20.89856
25.49510
21.79195
38.00000
27.78889
25.24876
32.49957
26.04203
29.53341
37.32143
28.14694
32.22146
30.26916
38.00000
42.50000
27.40235
23.79542
37.50000
38.00000
22.39838
33.82635
37.00000
39.50000
38.00000
19.33287
22.38722
36.50000
25.59080
41.00000
39.50000
42.50000
42.50000
30.47403
34.96983
41.50000
42.00000
39.50000
36.00000
29.74335
19.56240
35.50000
39.00000
31.41479
38.00000
24.55988
25.66450
26.24669
21.11871
26.08107
26.08107
35.03649
24.49943
22.21171
19.89190
17.97742
35.50000
39.00000
31.41479
34.00000
32.00000
34.50000
37.50000
26.23399
27.82086
38.50000
40.50000
39.00000
29.69100
31.47839
34.00000
31.75252
29.51083
36.50000
28.31409
33.02524
44.50000
43.50000
36.33486
38.00000
23.97165
27.19477
32.31443
34.00000
23.77499
31.37940
23.20560
23.28626
32.13513
29.06315
23.03562
28.19377
31.41479
31.00000
24.75379
37.50000
31.67894
34.50000
39.00000
30.50000
33.50000
36.00000
32.22146
30.34615
32.50000
32.00000
34.50000
30.50000
24.55380
26.04270
26.29045
34.00000
24.49872
36.00000
28.85981
27.17842
25.66450
33.50000
36.00000
40.00000
30.09983
29.69100
40.50000
31.94787
28.28759
19.86555
21.64486
26.66250
25.42022
32.88701
39.00000
24.94438
21.86893
28.47221
28.54626
40.00000
25.82029
29.80306
25.54408
27.65261
34.00000
27.25599
26.19160
36.50000
42.50000
40.50000
26.97221
25.93582
34.00000
28.11089
28.12275
31.00000
31.50000
32.50000
21.56386
30.34615
34.50000
26.18205
23.39204
25.19700
26.95366
37.50000
39.50000
31.56299
33.43651
39.00000
33.24990
24.52550
23.39204
24.68918
28.85981
25.00000
29.97777
29.60105
22.22611
27.59529
26.28093
26.31856
28.54626
32.41742
27.45097
32.50000
28.85981
29.63481
30.26916
31.47839
31.79448
34.84250
25.13165
28.94055
29.74335
31.00896
25.31578
30.47403
29.01724
30.47403
36.50000
26.61179
21.67227
20.04214
20.40980
19.62040
24.71167
24.22292
27.92052
24.35544
23.16247
27.92052
31.50000
33.50000
34.50000
23.22714
27.53584
26.59992
20.66882
28.85981
23.93742
35.61211
29.79933
30.90128
37.50000
23.74210
26.29045
31.94787
32.50000
26.28093
34.50000
35.50000
31.84337
39.50000
38.50000
24.12986
33.55923
37.00000
30.53959
29.50000
38.00000
28.00000
33.00000
29.50000
37.00000
29.93697
39.50000
36.12017
20.40221
18.00000
25.27227
21.12315
22.63156
17.30433
23.68940
22.38392
21.85606
25.66450
33.25658
23.62202
23.55136
21.29684
20.86265
18.34394
20.37768
34.00000
24.72965
24.07396
26.38602
23.27015
31.75252
20.12461
29.79933
37.00000
23.12331
20.79808
36.00000
29.79933
35.00000
28.33137
38.00000
21.59282
25.93742
26.81767
23.47738
23.92117
30.07029
28.33137
40.00000
34.37376
33.00000
25.99399
36.12017
15.97498
27.94041
38.00000
23.71049
27.31300
24.61707
28.76727
35.91038
35.00000
27.25599
29.13188
40.00000
31.62629
40.50000
29.21044
39.50000
29.32955
38.00000
36.50000
33.55923
34.29610
37.50000
28.69233
33.50000
32.56788
25.10423
25.78113
36.00000
24.39775
26.98148
30.00000
29.06315
35.50000
24.94995
21.02974
30.47403
33.00000
24.80297
28.24889
33.00000
33.50000
30.50000
29.27266
31.09484
29.00000
29.50000
30.00000
22.62051
34.50000
26.16295
22.33741
20.02598
27.14199
26.47050
33.06895
27.94973
23.20690
25.66450
21.22940
25.15287
22.86190
33.00000
38.50000
22.70875
24.08780
25.66491
25.95295
26.84937
27.17842
22.89629
30.43025
29.32955
32.35566
23.20862
24.21260
22.23033
35.44009
31.62629
33.50000
24.25329
25.31139
30.50000
31.67894
28.19377
23.29998
37.00000
38.00000
23.52127
19.79110
22.49978
24.88976
30.47403
30.26916
26.35337
27.84219
19.32615
18.13946
18.11739
19.37627
22.29910
24.99778
25.24876
25.18928
31.09484
24.08838
23.21099
25.46021
27.52373
39.00000
35.44009
41.50000
36.17550
32.14896
39.50000
28.47221
38.50000
43.50000
43.00000
41.00000
40.50000
30.33459
32.13513
29.87753
29.13188
21.00595
22.90742
35.50000
26.32964
23.69716
25.18308
28.28820
25.95295
25.57342
26.78723
26.13214
30.00000
20.90550
22.60946
30.15884
24.03513
34.84250
30.53959
30.26916
31.67894
28.14694
30.65217
26.24669
31.28365
37.50000
29.87753
33.00000
30.07029
29.27266
41.50000
32.22146
31.37940
22.99275
29.79933
32.50000
28.12275
27.86076
29.50000
32.88701
28.70927
25.20293
35.00000
39.50000
36.00000
35.39303
36.33486
43.50000
34.50000
17.96292
41.00000
32.09707
36.50000
39.50000
41.00000
28.28820
26.40549
25.19700
22.06241
26.59300
24.83277
35.50000
27.60435
26.24669
23.97684
21.87893
27.72484
26.00000
22.83090
32.00000
34.00000
24.75253
31.28365
22.83759
36.50000
30.73905
23.74210
22.83759
20.30763
26.91073
28.70540
25.49877
23.78419
32.00000
29.04403
33.50000
31.88521
33.50000
31.00000
28.39894
41.50000
34.50000
38.00000
22.98913
20.57912
22.52082
22.98913
27.50000
36.00000
26.98148
32.50000
24.12468
25.38153
22.07232
23.46673
21.91318
24.21260
27.58170
32.00000
33.50000
30.90128
32.00000
32.50000
28.07530
34.00000
32.50000
29.00000
34.50000
23.52127
28.66279
23.79075
26.08959
28.28820
25.56365
27.82086
25.92658
25.61616
22.26567
30.15884
27.64457
27.45337
19.37421
27.39868
19.61224
23.69995
31.94787
32.22146
31.20897
13.70422
29.42257
30.34615
33.55923
32.69047
27.10512
37.00000
21.95877
28.70540
29.80306
32.49957
28.00397
26.99537
34.00000
29.22328
31.62629
33.00000
22.97477
33.82635
25.62226
27.38955
30.44485
30.62679
17.16508
23.95177
40.50000
23.28492
31.37940
24.33490
26.12829
26.39394
27.25599
31.00000
30.07029
24.76388
36.00000
23.68016
29.50000
31.00000
32.50000
36.00000
26.71246
15.61049
15.73213
27.01029
22.06717
37.00000
30.53959
27.47524
25.15287
17.92345
10.96301
21.74138
35.70559
39.00000
38.50000
40.50000
12.67123
19.83331
27.43173
28.69233
27.31300
41.50000
30.81486
17.18837
38.00000
35.91038
29.22328
37.00000
23.65079
20.03123
19.79293
19.81313
34.49960
22.83759
25.95295
31.62629
28.43853
34.50000
37.00000
35.00000
40.50000
36.00000
34.23773
38.00000
24.85067
33.00000
29.01724
21.63844
39.50000
43.50000
27.36215
31.67894
35.50000
24.41766
27.14199
43.00000
41.50000
36.00000
20.89707
19.04600
17.17440
19.83683
19.06713
23.25269
23.97684
25.16943
21.85606
20.70024
21.46363
23.72060
21.01636
22.17105
39.50000
21.37025
27.62044
35.50000
28.85981
31.09484
37.00000
25.38153
24.53951
25.32291
27.32927
28.11089
41.00000
34.70831
39.50000
36.50000
31.00896
27.53584
24.85067
28.19377
25.05369
31.63332
23.09882
23.52127
30.73543
33.50000
23.48957
25.61683
20.60097
28.57738
22.85142
22.32011
32.00000
36.00000
30.73905
28.00000
26.51205
20.70628
28.19377
28.19377
28.94055
30.94439
21.61481
24.17126
24.16609
32.03123
27.72484
27.06782
31.50000
27.65261
32.00000
24.23195
32.03123
30.81486
29.32955
33.03870
27.72484
30.50000
29.87753
30.26916
37.50000
28.75568
37.00000
29.32955
29.55597
35.50000
30.81486
27.94041
34.50000
36.00000
29.60105
34.00000
31.75252
38.00000
33.55923
39.50000
41.00000
40.50000
40.00000
36.50000
18.85968
35.50000
38.50000
37.00000
40.50000
25.52817
43.00000
44.00000
40.00000
39.50000
32.88701
31.12341
29.74335
27.13342
35.00000
34.00000
31.56299
34.50000
26.51205
32.35566
42.50000
40.00000
43.00000
39.00000
38.00000
37.50000
37.50000
34.50000
35.00000
21.67227
22.57334
23.28089
25.19921
27.37700
26.08107
29.51083
28.57738
34.50000
34.50000
27.82086
26.48113
32.50000
36.00000
33.50953
32.61901
31.75252
38.50000
29.69100
27.15797
30.62679
27.47524
32.00000
36.50000
29.69100
24.05203
29.32955
23.45208
26.42442
44.00000
26.24881
25.41038
32.49957
26.54556
29.04403
32.22146
28.11089
34.29610
39.00000
39.00000
39.00000
23.25224
17.44197
26.83631
25.85053
39.50000
23.48404
41.00000
30.81486
26.08959
26.81767
44.00000
33.55923
35.86394
35.23571
38.00000
32.69047
30.26916
36.59083
43.00000
26.25238
20.72293
26.50943
38.00000
27.72484
31.94787
31.20897
32.22146
33.55923
30.00370
27.71620
19.56119
37.00000
29.07211
26.54974
38.00000
40.50000
33.00000
33.50000
36.00000
37.50000
32.50000
26.83631
39.00000
22.52776
29.85381
24.87971
38.50000
26.50000
24.68918
34.00000
30.26916
22.89514
24.21260
30.50000
26.88659
27.53584
32.35566
29.55503
33.50000
34.92214
36.17550
22.88755
24.01432
21.50581
35.50000
21.60247
34.00000
20.37768
22.56014
21.92350
22.57078
27.25599
29.32955
