19.32460
25.03498
29.63481
31.20897
25.84999
26.29045
30.80077
27.95997
30.91206
28.89204
33.24990
40.00000
25.41038
20.90933
8.41955
34.00327
18.11077
21.29994
27.16040
25.23391
30.26916
17.16646
29.31818
28.22676
28.43413
17.56588
18.76832
29.00958
22.14159
34.50000
16.26516
33.98039
32.82614
23.80520
30.10814
39.50000
35.97530
39.00000
29.32955
30.47403
35.50000
32.22146
41.50000
41.50000
31.66842
44.00000
33.76718
30.34615
34.76588
37.00000
25.39029
29.87753
23.89561
22.08365
34.65384
29.04403
38.00000
41.50000
23.47738
36.00000
29.70971
29.87753
31.28365
32.61901
24.19065
42.00000
38.50000
35.70559
28.70927
25.27227
34.66987
35.00000
32.00000
30.62679
32.00000
17.68615
33.50000
20.36271
37.00000
26.35337
30.53959
36.50000
39.00000
40.50000
40.00000
35.00000
37.00000
26.41128
22.54378
27.15797
21.31249
39.50000
27.64457
38.00000
28.39405
25.95295
38.00000
42.50000
30.26916
27.01029
35.50587
24.17988
26.15764
27.31300
23.92044
27.06782
30.15884
33.55923
35.17891
28.76630
43.00000
24.47529
18.20989
25.27227
32.41742
32.56788
26.84937
21.13197
31.96873
41.50000
33.82635
21.61111
25.11349
34.18577
27.18251
29.21044
28.70927
34.50000
36.12017
33.35666
24.14022
30.73543
33.15955
37.00000
32.50000
25.26856
32.96800
36.38070
22.66176
29.42257
30.73543
18.18791
26.25238
30.30161
13.35066
45.50000
43.00000
35.17891
37.65634
38.00000
33.82635
23.41453
22.57211
20.56089
21.17044
25.97862
23.82939
18.30983
29.23611
44.00000
21.69533
21.39533
39.00000
25.84932
39.00000
26.29045
27.45097
35.50000
32.82614
29.00000
31.94787
30.94439
40.50000
20.11368
36.00000
27.32558
29.67638
31.75252
39.00000
32.50000
28.12275
27.45097
22.85142
30.90128
23.53720
23.16652
22.56518
26.99383
22.69912
19.36388
21.03568
24.56737
25.36730
18.34121
31.56299
24.70324
29.17000
32.69047
32.14896
33.82635
19.39555
32.03123
28.24103
20.57304
31.20185
33.82635
28.57738
28.54626
31.49603
28.27101
23.84617
15.78100
22.99275
21.08459
33.90510
27.47524
28.39405
22.15147
22.15762
31.88521
31.75252
20.30394
35.70559
35.70559
21.69997
33.82635
17.72005
21.79195
25.42022
32.14896
34.09790
25.70019
32.66784
16.16370
24.83277
24.01432
21.27346
24.85067
25.86020
22.98347
22.67157
24.01432
23.39204
20.60795
28.40579
22.49444
23.51064
21.33659
19.17707
23.58495
46.00000
29.80306
32.82614
26.02283
26.24669
19.38659
18.58386
27.96426
28.82273
21.52179
18.66119
27.06782
31.13178
24.84326
26.35693
22.82953
23.74210
30.53959
29.78068
41.50000
27.01029
21.07576
18.18653
39.00000
20.87313
27.77689
25.10478
41.50000
25.45953
20.57912
31.88521
27.82086
38.50000
23.46274
20.60744
27.38955
25.84999
22.36565
29.93697
21.20142
43.50000
27.06782
22.99275
32.00000
21.21320
23.01494
23.49468
38.00000
23.66828
32.89377
45.50000
38.00000
36.50000
37.00000
30.53959
27.47726
22.88755
34.00327
34.50000
29.02872
41.50000
22.51111
25.24986
34.66987
41.00000
24.91318
14.30690
17.94436
15.64609
15.70478
25.59080
19.47434
21.20862
34.65384
20.61456
33.24990
24.91318
35.50000
39.50000
17.70198
35.23571
15.51411
28.85981
14.60685
33.76718
38.50000
21.99290
17.00735
16.65413
17.10811
17.39655
24.03513
34.65384
21.79449
35.44009
19.24162
22.35531
20.42939
25.08984
24.04553
34.76588
39.00000
18.22468
33.35666
16.85942
24.95371
22.56103
31.16388
39.00000
28.33137
13.20984
26.50943
26.10662
11.49800
12.28983
27.06782
36.00000
21.33512
21.99290
24.84326
28.60507
21.46363
33.82635
19.29216
31.24900
37.00000
37.50000
22.09072
29.32955
25.06990
28.85981
22.62051
29.00958
30.81486
27.13393
40.50000
19.42292
43.50000
30.21899
39.50000
23.78419
28.47221
31.09484
29.13188
28.47221
28.00397
29.31818
29.47315
28.95147
31.32979
32.09751
33.55923
32.42770
32.35566
36.00000
30.40102
27.02314
28.56960
30.07029
29.00958
29.33712
29.40899
23.51680
28.57738
26.45161
35.31131
42.50000
20.49976
28.56024
23.82226
24.09746
23.39872
32.57587
18.29018
21.30728
34.96983
21.33512
20.16804
31.67894
24.19065
20.78912
37.50000
26.08107
35.23571
20.58543
22.50000
19.78636
27.17842
32.41742
17.73943
21.92411
19.75316
23.89328
18.75944
27.02314
18.30983
23.71049
29.40899
21.81376
23.15647
19.87181
25.58686
28.61272
26.39129
18.51054
34.12070
27.17842
27.94041
30.53959
25.62226
27.65261
27.34045
33.43651
34.84250
42.00000
33.08911
33.35666
30.62679
33.55923
35.50000
39.50000
23.21398
23.34286
35.39303
35.00000
28.85981
36.38070
38.50000
40.50000
32.56788
34.56716
41.50000
40.00000
23.09882
25.48638
27.06782
38.47366
39.50000
41.00000
23.89328
41.50000
10.16661
10.00694
44.00000
34.29610
38.00000
32.50000
35.00000
43.00000
37.00000
31.15552
29.80306
33.15955
30.00000
33.00000
16.66000
24.82312
40.50000
29.00958
41.50000
19.96597
25.62984
24.10783
36.59083
38.50000
45.50000
29.47315
41.50000
27.35365
27.94041
23.47738
23.37065
27.13393
30.26916
31.94092
41.50000
33.08911
24.73232
18.83189
30.01146
17.23485
24.39775
20.20365
45.00000
21.89749
26.96757
19.79899
43.50000
23.79469
22.09977
17.54309
39.00000
29.31818
32.60198
20.50610
30.44485
33.71778
29.97777
36.05859
26.09957
35.70559
35.86394
33.55923
25.47057
21.77522
29.35227
40.50000
36.00000
31.88521
25.38208
25.62984
22.71976
39.50000
33.15955
35.70559
26.45298
27.34045
33.29665
44.00000
32.03123
30.81486
27.86076
30.56505
40.50000
33.76718
40.50000
24.10394
26.35337
34.00000
35.64953
30.56505
28.08321
30.62679
32.96800
35.91038
25.82419
27.06782
23.01494
23.93220
22.71976
28.14583
28.94283
20.98147
28.54626
28.28820
33.35666
26.86075
31.09484
24.26288
28.51644
21.20273
24.91318
22.44994
21.85304
20.82200
19.26623
20.58367
12.75490
39.50000
39.00000
20.51355
37.06151
21.96968
24.56737
32.50000
27.35365
26.22380
34.50000
40.00000
34.49960
16.09348
27.15120
26.71246
27.72484
29.04403
31.96178
29.51083
28.94055
25.70019
23.41474
28.24103
20.96092
18.55229
28.50000
10.09950
13.90827
39.50000
29.17512
17.96350
25.75849
29.00000
27.72484
25.77251
31.20897
31.00896
14.24640
27.50795
27.26720
19.87561
21.93992
27.62698
21.90342
26.38602
30.73905
30.73905
13.93512
24.44495
25.31578
22.50000
30.81486
31.20897
21.73131
19.55914
34.56716
21.89749
28.40579
25.73422
30.89802
35.91038
25.49877
25.98557
30.15884
32.61901
39.00000
19.00493
38.50000
30.07029
25.89764
35.03649
34.45125
29.14940
37.50000
30.28510
24.89352
30.72820
31.79448
32.96800
42.00000
31.63332
35.64953
34.29286
24.27344
22.76373
26.08040
26.38602
26.38602
17.87456
26.35693
21.45198
20.43740
29.98646
20.90550
25.52450
28.19377
21.36586
25.93742
21.55226
24.22292
26.51205
21.56386
23.20560
25.61683
29.17000
20.60340
30.91206
22.35369
24.88976
27.65261
23.21551
16.81930
39.00000
25.46021
18.40894
27.45097
28.29642
39.63164
29.51083
36.00000
27.15120
30.00370
39.00000
25.36237
26.44911
29.22649
22.05811
38.00000
36.05859
21.21320
6.08779
17.67937
21.43269
32.96800
26.89215
19.86555
24.93366
30.34615
13.06474
30.62679
25.65151
19.11649
27.77026
17.73943
19.25201
21.18175
20.82517
19.24026
19.32615
25.89764
31.50000
18.16590
27.02314
30.07029
30.73543
25.19700
24.99778
24.11431
29.78068
27.19477
27.32927
33.50000
25.85053
30.62679
26.41969
26.71246
32.14896
24.11820
24.99375
24.22163
25.42022
26.28054
27.47524
28.80201
19.24994
27.00000
20.22869
21.13498
28.47221
30.90128
20.44896
23.15647
25.24986
23.22041
27.50000
22.52221
28.24889
26.89215
17.24645
27.58170
27.82984
23.27015
29.72688
26.66927
35.00000
26.83631
39.00000
31.47839
42.50000
35.64953
25.47057
22.52082
29.33712
18.22745
20.03123
20.40221
22.12590
31.94787
32.61901
21.22940
29.70971
27.33473
35.03649
23.47102
26.59300
20.93293
24.20098
35.86394
26.10077
30.58901
32.22146
24.94995
31.15552
26.71142
38.47366
22.62051
40.00000
22.41651
22.92788
18.00617
10.42305
11.61536
13.92839
31.79448
20.78912
10.99818
19.13766
26.55654
25.06990
31.84337
31.37940
12.93986
36.71815
18.33542
25.01999
29.52118
37.50000
39.00000
36.00000
18.34121
16.59639
34.02940
31.88260
25.75243
30.00370
33.82635
38.32319
28.41984
27.53584
28.94055
38.50000
24.35159
35.70559
30.09245
34.84250
21.92918
25.42022
28.19377
30.15884
15.24795
32.50000
36.00000
28.19377
31.47839
34.00000
29.51083
34.92214
34.37376
32.40370
40.50000
37.50000
31.00000
33.06895
40.50000
28.12917
34.56716
36.00000
33.50000
34.09790
39.00000
35.00000
39.50000
33.43651
31.47839
34.00327
25.29204
30.56505
36.44478
27.86014
39.50000
22.88012
24.46937
23.34925
31.09484
21.75287
40.00000
26.41128
35.50000
36.62725
32.03123
22.63846
20.94487
41.00000
25.53919
33.72767
27.14199
33.55923
32.50000
20.43282
31.09484
7.81914
18.49324
32.82614
20.35927
25.30261
19.48557
21.46509
24.79695
18.45772
19.54073
33.35666
33.90510
17.30896
24.93366
30.73905
28.44293
36.24914
21.37756
15.95219
31.96178
29.69100
21.00000
20.36388
21.38785
22.74555
25.63567
37.00000
27.82086
20.53503
21.91397
24.58093
36.50000
20.69420
20.80865
28.70927
28.12917
22.34390
35.00000
24.23195
27.53584
31.00896
18.09309
21.77728
18.61827
29.31818
19.47306
27.44426
28.25221
23.49979
16.91626
19.40844
24.23324
21.40093
17.29884
22.47638
16.84043
21.66923
23.24193
25.06990
20.65188
31.50000
42.00000
30.73543
41.50000
22.42209
24.71167
26.08107
23.33809
24.68918
23.27015
24.80423
27.64457
27.86076
30.43025
30.47403
27.47524
30.94439
33.50000
35.50000
31.94787
33.82635
28.38133
40.00000
30.44485
27.94041
35.50000
39.00000
32.61901
23.49468
35.03649
37.50000
36.00000
30.47403
32.00000
19.05361
31.20897
26.19518
35.17891
26.24669
24.44495
26.71246
37.00000
23.35594
22.09638
31.62629
36.00000
25.11349
22.10204
26.88659
20.13013
22.64398
24.44381
26.59992
30.91206
27.69928
31.56299
34.56716
30.62679
25.93582
27.53634
20.77258
22.34950
36.50000
22.74313
26.61179
31.00896
14.99867
28.11089
24.86463
24.53951
22.07232
28.94055
36.50000
36.00000
22.43184
35.00000
27.92052
36.50000
28.80201
31.00000
41.00000
32.56788
31.59465
34.50000
29.79933
23.55313
29.69100
28.28820
26.71246
21.64486
25.92296
33.50000
27.72521
27.17842
25.97862
24.25329
42.00000
33.47968
29.51083
40.50000
25.75364
44.00000
19.07059
24.93366
35.00000
27.45337
27.53584
17.91536
19.34554
24.12986
29.40899
23.79469
21.71405
27.82086
24.55380
36.50000
22.64705
35.00000
31.28365
26.71246
35.00000
33.82635
34.00000
23.22041
32.42770
24.01041
42.50000
34.76588
30.94439
31.41479
26.18205
21.98727
35.39303
22.83090
22.79254
27.17842
33.98039
36.50000
40.50000
37.00000
34.47060
25.71964
32.13513
47.00000
23.81092
25.75243
36.59083
12.83121
38.50000
26.08040
14.90596
25.92658
23.47738
28.39405
23.11190
27.53584
33.90510
23.16652
21.89749
23.41340
21.35855
23.15572
27.34045
34.02940
32.25937
26.27737
39.00000
25.24876
24.61072
22.92073
17.96218
31.09484
30.03748
23.33988
28.69996
38.52560
25.81666
23.14649
18.15930
27.23050
28.24103
29.62263
34.96983
40.00000
17.44515
36.91432
35.34905
33.48963
32.72444
45.50000
33.82635
30.70650
23.20560
36.52701
16.53784
19.14419
44.50000
33.71778
39.50000
41.50000
21.61452
26.55654
26.65521
20.90550
20.81466
24.38579
39.50000
35.12201
42.00000
41.00000
28.57738
29.04403
41.00000
39.00000
36.30733
18.35756
20.03885
21.45926
33.00000
28.70927
31.75252
21.04493
20.69269
20.30369
39.00000
38.00000
44.00000
32.14896
20.44505
42.50000
19.72207
20.79663
41.00000
35.31131
21.13646
33.55923
29.19225
24.08838
38.00000
27.17842
30.81486
34.56716
28.57738
33.00000
26.34862
25.95295
25.32291
26.95830
14.09566
30.07029
27.01029
31.50000
24.33490
31.94787
18.83315
21.96968
27.72484
25.01999
30.50000
30.09983
38.50000
26.69582
19.54962
25.93742
22.36627
33.25658
22.25848
39.50000
36.50000
30.34615
27.39018
16.04244
25.66450
36.24914
34.70831
19.95595
16.52838
18.01555
29.69322
40.50000
33.53605
36.00000
26.18205
29.97777
29.97777
25.16943
23.28089
32.03123
36.17550
38.00000
27.65261
25.51838
19.60867
24.94369
25.75243
28.27101
33.15955
28.11089
20.90933
31.56299
38.00000
36.50000
19.94593
30.47403
35.97530
22.04541
38.05552
41.50000
31.96178
36.38070
23.41415
33.76718
23.03620
24.19065
23.32917
24.84326
37.00000
26.08959
26.10662
21.31249
34.02940
26.52711
16.73984
18.88341
22.69116
22.19234
39.00000
19.71181
25.78113
28.70540
37.50000
25.92296
38.05552
25.52559
23.88907
26.47995
27.93246
27.28858
31.37940
26.81767
20.33896
25.06367
22.41963
27.01029
37.50000
21.56128
17.80976
15.85875
19.21588
21.13498
31.00000
29.13188
39.50000
36.00000
42.50000
28.04015
28.12917
33.35666
17.45470
39.50000
40.00000
31.62629
27.94041
21.87893
39.00000
20.90903
26.18205
25.19700
27.47120
27.47524
24.53569
26.18205
42.00000
34.18577
26.05072
39.50000
31.00000
37.00000
29.40899
40.00000
39.50000
40.50000
24.00463
33.29665
35.86394
39.00000
42.00000
29.40899
40.50000
30.15884
33.25658
29.69100
21.27596
38.50000
41.00000
18.90106
41.50000
32.22146
30.34615
26.08959
20.18044
19.00493
21.87464
32.13513
18.74833
23.47102
12.37689
16.76865
17.29162
33.48963
31.18760
25.70344
22.89514
26.41969
32.96800
18.25815
30.86530
43.00000
26.05163
39.50000
11.85917
33.15955
34.02940
46.00000
40.50000
23.96331
32.14896
26.54556
36.77862
22.39838
28.53458
40.50000
26.14742
25.19300
28.56024
25.86503
17.00118
21.68381
45.00000
21.31901
28.39405
24.28077
21.11131
27.98015
26.77063
45.50000
27.28858
27.58056
25.87972
34.41899
25.38208
25.74272
41.00000
26.47168
34.56716
26.91171
28.95147
20.45727
14.56571
18.91263
15.33424
17.38965
14.68559
15.14834
18.56071
18.81489
26.45161
26.18205
23.03562
46.00000
18.71897
30.62679
35.50000
41.00000
35.97530
38.50000
27.72484
34.00000
20.18316
24.89352
31.00896
31.41479
26.05163
23.79469
27.18251
14.48059
20.14169
30.09983
31.49603
38.00000
40.50000
35.91038
35.61211
19.68978
31.39267
19.81161
16.45258
46.50000
46.00000
24.35159
18.43475
15.29706
18.44343
33.53605
31.84686
34.70831
30.72820
33.15955
30.26916
25.93582
22.87466
26.27737
22.88134
23.70148
28.85596
16.98529
28.08321
24.56624
29.81051
10.19804
8.89044
9.21954
41.50000
37.00000
15.16047
15.79557
20.39608
38.00000
27.77026
40.50000
24.33619
22.89590
23.89328
42.50000
29.33712
39.00000
27.23394
24.35544
17.47684
24.96498
9.54667
17.09532
14.07977
24.85067
32.31443
27.32927
28.76727
30.00370
18.80851
23.22041
33.35666
31.49603
17.07161
22.69912
22.32711
13.76081
24.07396
22.43184
25.27350
24.26245
32.60198
24.19065
19.84540
19.71040
22.00568
35.00000
37.00000
35.00000
38.50000
23.35594
23.45741
29.81191
39.00000
28.85596
24.05549
20.13355
27.77689
23.51994
30.86530
26.38602
30.09983
40.50000
26.69582
28.57738
33.00000
24.79415
43.00000
30.00370
36.00000
22.52082
23.66901
26.98495
37.00000
29.04403
20.64364
25.83602
25.71692
32.42770
28.53945
25.01999
20.94487
26.41969
23.83779
26.18564
25.51838
25.59080
19.20124
22.85142
31.94787
32.89377
22.39420
22.77608
22.72114
22.62051
21.78991
18.42553
24.50796
18.74759
23.68016
28.39014
39.00000
32.00000
24.85067
23.97832
24.12986
29.48823
30.07029
38.00000
32.35566
31.03045
36.08324
19.61859
41.00000
25.82419
47.50000
43.50000
15.56438
41.00000
28.40579
24.46712
37.00000
29.93697
15.21315
40.00000
41.00000
33.82635
24.41823
28.99138
45.50000
21.53340
18.34121
21.05350
29.43956
21.54501
22.04541
24.39034
25.84999
18.17106
11.35606
20.16185
26.13214
22.30157
28.57738
21.21762
38.50000
24.89352
30.68478
28.28820
24.38579
26.71246
28.31176
29.48823
14.73728
27.01029
16.11211
23.08138
29.04403
33.50000
25.54408
38.50000
32.41742
31.23300
21.50907
27.69815
31.88521
47.00000
22.39420
36.85105
23.20964
16.11073
29.19225
19.96397
22.09575
35.97530
40.50000
25.39193
30.73905
20.83867
45.00000
19.17290
31.56299
28.89961
39.50000
32.22146
31.09484
36.50000
39.00000
22.06241
42.50000
33.24990
22.66054
26.78723
32.56788
28.59293
32.00000
24.14022
26.16295
27.01029
32.50000
42.50000
34.45125
27.47524
29.13188
38.50000
25.74272
30.15884
29.42257
32.35566
35.50587
34.50000
24.36300
23.45208
22.89629
19.77473
24.63511
22.61637
25.32291
27.35365
32.14896
27.24885
31.53074
24.55687
26.23399
27.15797
27.47524
28.70540
23.48404
31.94787
25.48638
35.50000
18.56448
14.88086
29.63106
37.49667
21.52179
24.76388
19.41005
17.55527
28.19377
23.97684
31.15552
23.76272
21.46253
29.07211
36.50000
41.00000
27.35365
31.20185
29.04403
44.00000
39.50000
31.00000
38.50000
41.50000
37.00000
37.00000
25.66450
32.50000
22.27465
26.04803
24.58093
22.88134
20.70024
30.91206
35.44009
31.03045
29.31818
28.94055
22.66468
29.53341
24.68918
22.32011
24.09746
21.79195
26.49528
39.00000
21.48384
22.00505
26.73741
23.05428
26.41128
22.01136
22.09434
22.52082
22.64398
29.04403
32.41742
28.54626
28.00397
22.15852
27.78889
25.52817
27.76126
29.54657
33.72767
25.01999
17.67484
20.60795
19.75475
29.31818
25.00000
32.25937
26.49882
36.00000
40.00000
29.80306
22.36627
44.00000
25.75243
21.59138
29.94810
19.26655
16.65413
13.92839
14.51530
41.50000
27.36786
31.70568
24.23324
25.67586
25.77130
28.84874
17.43241
43.50000
33.71778
31.50000
34.49960
18.04681
24.71167
23.55136
19.57958
24.81305
37.38389
23.20560
18.93146
24.01041
32.83577
23.07033
33.82635
30.30986
39.73244
27.65261
31.94092
46.50000
44.00000
42.00000
46.00000
32.42770
19.25487
27.93743
34.09790
20.68236
23.41340
31.62629
25.00000
23.15707
21.91438
20.23858
28.19377
36.64545
30.70650
20.02967
25.74663
12.67626
33.62869
37.00000
29.69100
29.04630
22.52643
36.50000
35.50587
34.29610
17.82807
20.40833
29.04403
27.17842
21.63844
42.00000
43.00000
31.94787
23.75710
28.93419
22.14159
42.50000
35.64953
26.91138
33.43651
40.00000
28.39894
40.50000
27.15797
16.21385
39.00000
42.50000
35.31131
23.12331
33.90510
32.03123
25.81061
26.89215
41.00000
33.53605
36.64545
35.44009
27.32927
22.88134
8.02946
40.00000
32.86673
40.50000
41.00000
35.03649
16.90680
23.44696
38.50000
21.61018
35.44009
28.56960
31.01612
18.17966
20.52438
34.02940
13.71875
37.50000
35.00000
25.15287
22.87007
38.50000
32.14896
35.00000
37.50000
37.00000
22.09575
20.33470
23.33988
21.28820
31.20185
22.50689
26.61179
39.50000
40.50000
22.29770
24.12468
23.47102
41.00000
40.50000
28.94055
36.50000
35.00000
34.00000
25.61250
30.62679
30.47403
24.26245
36.00000
28.00397
36.50000
31.50000
30.47403
38.00000
29.07211
37.50000
28.18244
38.50000
28.33174
22.22611
24.74242
19.79293
26.87006
33.71778
35.86394
31.94787
26.95830
27.22132
22.39838
24.57005
24.12468
23.76447
22.56518
26.24669
36.50000
18.67318
31.67894
31.56299
28.64001
27.17842
37.49667
39.50000
36.50000
26.24669
37.50000
19.08507
