32.85860
22.90196
8.64902
12.61503
27.63251
24.10394
36.38070
18.44587
9.15454
13.48184
34.84250
28.00446
15.04161
16.28309
20.31471
13.22456
27.69928
15.81139
35.12201
16.45114
45.00000
26.38602
17.21162
20.82306
11.62970
35.64953
32.35566
16.04854
31.00000
15.55635
15.25254
17.57286
36.00000
21.45320
29.69100
36.50000
39.00000
30.73905
24.20098
28.39014
37.00000
24.18595
36.00000
24.53569
23.02716
27.38955
39.50000
24.25329
24.35544
41.50000
28.64001
22.73030
14.89966
31.50000
22.53192
27.28858
24.73232
24.23324
30.00000
21.93741
27.38955
27.94041
24.76262
42.50000
30.73905
40.50000
27.33130
28.39405
26.94851
23.97684
35.03649
21.35936
42.00000
18.55371
27.98015
25.36840
39.00000
24.65132
25.75243
27.94041
27.31300
34.09790
19.70381
28.87136
26.51205
27.79726
33.82635
27.34045
30.44485
28.94055
27.60888
29.01724
24.79415
22.62051
19.76107
20.66398
23.56905
31.00896
26.87006
28.19377
28.94055
34.00000
30.47403
39.50000
40.00000
36.50000
37.00000
39.00000
40.50000
30.34615
38.50000
22.54994
24.56624
29.55821
31.84686
18.50000
20.43740
41.00000
23.56242
41.00000
41.50000
43.50000
38.21867
29.52435
23.41415
27.15797
30.56505
21.22940
41.50000
34.56716
43.00000
41.00000
42.00000
36.50000
30.26916
32.09707
42.00000
42.50000
40.00000
40.00000
38.00000
25.77251
32.50000
30.56505
30.26916
41.00000
29.17000
30.81486
26.54556
21.82172
22.12465
26.54556
28.40579
24.36570
24.74242
37.50000
23.27015
39.50000
25.66450
26.44911
24.83277
20.18044
33.50000
30.47403
30.53959
33.50953
32.50000
31.62629
44.50000
28.39344
31.84686
28.44293
32.35566
26.48113
33.53605
34.49960
18.95389
38.00000
33.50000
27.92052
24.11141
32.88701
32.00000
35.00000
33.00000
39.00000
20.91889
33.50000
40.50000
39.50000
42.50000
35.00000
30.26916
34.50000
41.50000
32.56788
29.40557
37.11544
41.50000
39.50000
39.50000
32.69047
39.00000
34.50000
28.26106
29.64266
33.50000
30.47403
26.59992
28.80201
30.94439
37.50000
36.50000
41.50000
42.00000
42.00000
30.50000
27.47158
32.22146
19.59184
26.08040
22.23033
28.31176
29.94810
26.08040
24.33434
18.45644
29.94810
24.25902
25.48638
32.00000
33.62869
39.20317
38.05552
38.50000
24.48852
42.50000
26.04270
45.50000
40.57366
38.94440
22.04541
20.98147
41.00000
20.49932
21.19552
25.24986
39.00000
33.15955
34.29610
41.50000
41.50000
39.50000
41.50000
26.73325
32.89377
25.17053
39.00000
25.25248
33.71778
38.00000
22.29770
40.00000
36.17550
33.47968
37.50000
41.50000
42.50000
41.00000
40.50000
41.50000
34.96983
44.00000
44.50000
36.80580
34.45125
20.78912
40.50000
43.00000
25.81666
30.59412
45.50000
26.28477
41.00000
40.00000
23.38889
25.00000
18.45264
29.95923
21.69424
30.91420
22.53192
34.00000
38.00000
33.50000
30.62679
22.59203
19.62619
18.59032
19.91381
27.60435
24.72965
26.50000
31.20897
22.21908
41.50000
31.47839
27.90161
25.95295
29.00958
40.00000
29.32955
33.82635
22.88755
28.75568
28.24103
23.58363
23.21099
24.12468
16.58192
29.04403
24.34475
47.00000
26.87355
18.86372
31.79448
25.61683
21.36586
31.56299
31.20185
19.91702
26.61179
24.89980
34.45125
27.08667
35.50000
23.60614
34.76588
33.82635
18.87385
20.71232
22.19009
22.37558
21.39720
30.94439
39.50000
30.81486
29.79933
29.54657
26.16104
23.13547
28.70927
34.66987
42.00000
18.29617
42.00000
26.73364
22.17566
21.75684
34.29610
30.73905
27.04972
31.84686
29.93697
32.71425
34.45125
23.90999
34.56716
27.45337
33.29665
19.05781
24.58997
31.47839
25.03775
28.47221
33.15955
22.88134
39.50000
29.06315
34.70831
23.56242
30.81486
20.27776
28.00000
30.47403
19.06410
28.28820
29.22328
35.14099
30.21899
33.03870
33.00000
23.56242
21.13197
24.55988
23.05428
33.24990
17.02368
16.49242
35.91038
28.92231
23.04886
29.40899
30.47403
21.79358
20.26820
39.50000
29.79933
19.27693
18.17889
20.08382
24.15574
12.61695
27.39018
25.35128
34.00000
23.71708
27.77689
21.45344
25.31139
29.40557
30.91206
33.65511
27.44995
18.63974
31.75252
26.38602
40.00000
32.41742
20.02967
38.00292
38.50000
22.73030
30.44485
37.00000
13.77271
21.35855
38.05552
35.12201
27.69815
24.60804
33.03870
29.93697
33.50000
15.22790
19.64077
11.56744
19.91381
26.22380
19.88366
18.20989
13.99143
27.79726
27.82984
31.47839
26.74883
23.52127
29.53341
30.87373
19.98399
29.33002
20.27215
22.02362
20.82200
23.90723
24.58997
23.68940
35.50000
36.00000
17.90717
18.62686
29.05168
30.55414
32.69047
19.46895
22.72664
19.21874
25.17053
29.53341
21.76603
34.23773
24.64117
24.62214
29.40899
30.44485
24.32463
32.82614
26.83631
26.57536
19.55096
37.96782
21.90342
18.90106
25.26856
28.39405
33.29665
25.03775
20.62159
20.88593
24.58658
46.00000
20.51219
23.24193
26.79552
29.80306
26.72078
24.13892
33.43651
35.44009
21.69533
27.54088
40.50000
38.00292
19.94210
21.14829
19.79899
27.32927
25.36840
26.73325
28.08321
34.09790
27.19477
35.86394
40.00000
35.97530
22.56518
30.10814
34.96983
23.76272
25.15287
27.93246
21.51485
27.65261
21.89178
17.80137
27.15797
24.74242
26.13214
22.79666
26.93047
29.00323
35.03649
32.00000
24.70324
31.28365
21.04014
26.78723
33.00000
28.66279
28.08321
34.00000
29.32955
21.45320
31.63332
36.71815
31.94787
22.32011
18.26712
33.55923
40.00000
28.40579
32.49957
27.58170
15.66312
30.78149
45.00000
44.50000
43.00000
44.50000
40.50000
25.95295
36.50000
36.91432
24.66146
27.64507
33.15955
43.00000
39.50000
20.54805
18.87293
20.07953
20.21138
16.76865
22.46419
16.54350
8.04325
16.47220
27.16616
17.83255
20.94487
27.92052
26.54556
17.15048
17.75215
25.51838
22.25668
26.81767
38.50000
26.78723
24.08780
25.43005
29.94810
39.00000
26.56478
31.47839
38.00000
34.00000
27.47524
39.50000
42.00000
31.28365
33.25658
17.85182
29.51083
30.07491
37.00000
24.62214
31.20185
26.08959
36.80580
45.50000
15.07846
30.44485
19.09679
43.50000
22.63294
32.72444
36.17550
29.49046
29.19225
10.63896
27.93246
19.59592
20.92845
25.46894
17.85124
19.09345
24.05549
26.28612
23.39744
23.24866
21.83461
23.68122
28.35913
31.41479
25.01375
32.50000
33.50000
21.64919
21.80023
24.83277
35.50000
27.45097
36.08324
28.11089
22.85826
40.50000
41.50000
31.56299
20.70628
19.81313
27.26720
32.78211
28.00397
25.92296
25.59080
28.85596
23.66960
43.00000
23.60614
24.48852
23.17758
22.07232
27.72484
30.13615
33.35666
28.74456
24.93366
29.38005
31.49603
38.00000
27.73536
33.15955
32.86673
35.50000
27.82086
34.19877
39.50000
44.00000
41.00000
40.50000
25.82419
23.83799
25.82997
35.59026
29.35227
29.87753
32.14896
39.00000
35.17891
39.50000
41.50000
27.15797
37.74770
26.28477
21.07576
42.50000
27.53584
38.50000
38.50000
27.24885
31.47839
27.01029
32.13513
33.50953
32.09707
35.00000
33.08911
29.68164
30.58901
26.78723
21.31103
30.90128
23.69995
20.71232
17.76964
24.85067
24.73863
34.09790
24.88976
21.25465
38.21867
26.97703
28.54626
34.45125
27.94041
28.94823
29.93639
29.93697
31.12341
38.00000
35.50000
34.50000
34.50000
15.75397
16.37643
35.00000
27.57263
36.08324
38.73270
30.73272
38.00292
33.90510
30.86530
38.00000
13.99143
35.44009
26.10555
32.69047
37.00000
30.73272
39.00000
31.47839
23.74210
21.95996
18.73606
21.49046
24.53569
19.60204
32.89377
20.12561
23.90607
22.92379
9.44575
29.27266
17.85357
20.44963
26.04151
32.09707
27.28858
15.01666
19.83053
19.03943
22.95735
34.50000
27.13342
31.00000
45.00000
30.86530
26.44215
19.45867
32.60198
42.00000
35.50000
26.02283
24.47831
33.90510
18.22087
15.56706
33.55923
39.00000
13.27554
11.56233
22.73076
23.35996
11.34313
16.17900
15.54863
29.37261
23.26478
15.65120
19.60867
30.26916
35.59026
30.30161
24.57005
22.30595
48.50000
19.62040
26.24286
20.44233
34.92214
22.92788
24.10783
27.25599
30.07029
22.40179
27.78921
16.91626
25.24986
18.81914
26.08040
42.00000
38.21867
20.42547
29.38005
26.27737
25.46021
24.94438
20.58367
41.00000
25.92778
39.00000
36.77862
28.47221
21.78991
29.63481
46.00000
42.50000
31.20185
27.62044
41.50000
41.00000
42.00000
19.64688
40.00000
37.85352
32.88701
39.50000
32.82614
35.00000
38.47366
32.03123
45.50000
25.10478
15.80633
22.50555
25.93582
39.50000
35.17891
28.36701
38.50000
38.00000
37.32143
33.50953
37.06151
19.86202
28.54626
27.15797
15.48184
31.56299
21.85304
20.82200
22.69116
26.09119
27.63251
28.09248
36.00000
33.50000
35.00000
29.79933
22.19234
42.00000
28.28820
27.45097
29.40899
29.00958
22.42209
35.31131
27.94041
15.33786
25.55753
27.00347
31.01612
31.84686
23.92117
34.09790
32.88701
31.94787
32.61901
36.50000
27.14199
28.01227
43.50000
31.47839
24.85067
31.00000
23.68940
34.00000
33.50000
19.58794
26.51205
25.85053
28.94055
22.21908
23.27015
26.38602
24.38579
21.89178
23.97684
29.04403
21.29684
23.62599
23.62202
20.30172
28.47221
28.59293
31.00896
15.43445
23.80520
27.48181
25.62226
25.50858
25.54408
30.00000
37.00000
35.50000
29.06028
34.09790
36.00000
26.22380
26.85493
25.42022
24.07670
20.01599
28.84874
24.23195
36.50000
29.32955
22.19234
29.60574
37.50000
33.50000
36.00000
26.23399
31.50000
36.50000
38.00000
37.00000
40.50000
35.50000
38.50000
26.54556
27.47524
24.17988
31.37232
19.28315
23.74363
26.71142
20.30240
28.40579
20.09975
28.40579
28.94055
31.67894
38.50000
26.88659
31.28365
30.15884
29.33712
34.23773
20.06988
18.51351
20.48628
33.00000
34.50000
34.23773
37.50000
39.00000
34.65384
27.71732
38.00000
37.00000
33.50000
35.00000
41.00000
24.84326
26.19160
20.61456
30.15884
32.88701
35.00000
25.92296
31.28365
33.50953
34.56716
27.86076
32.88701
28.52521
26.45161
24.76388
26.25357
25.62226
21.82315
34.29610
27.26720
16.68053
23.47738
16.26922
19.85346
26.71246
42.50000
24.96372
25.12966
37.79183
21.13498
21.56386
39.00000
35.50587
22.52643
18.36736
27.79726
28.47221
25.11349
21.05202
24.84326
22.57626
28.24103
24.76388
24.56115
46.00000
20.27776
27.44995
30.40102
39.00000
31.66842
44.00000
22.52776
22.89590
31.75252
33.35666
30.26916
25.95295
28.75568
25.07987
25.92658
25.82029
35.70559
27.06782
22.32011
21.66472
19.39484
32.56788
38.00000
22.05992
34.50000
21.76006
44.00000
37.00000
31.49603
32.88701
27.17842
38.00000
25.95295
32.22146
35.50000
34.00000
21.71405
32.31443
32.41742
34.00000
27.39868
23.74210
23.17731
32.00000
33.50000
27.60888
22.42855
33.50000
28.28820
21.96907
36.00000
28.56960
19.58571
24.96372
26.59300
26.72078
23.03666
24.82942
35.91038
28.66279
33.72767
37.50000
26.91073
32.50000
28.20793
33.82635
29.03769
32.00000
26.72078
25.13339
31.50000
33.50000
34.00000
29.00958
39.50000
33.76718
32.31443
40.00000
32.22146
24.99778
9.72420
27.34045
21.29554
23.93742
43.50000
21.37025
28.33174
31.79098
32.22146
23.31309
33.62869
23.56242
24.75379
25.75243
40.00000
17.04956
36.00000
19.55761
33.50000
28.59293
27.93743
29.85381
21.39720
28.40579
25.03118
38.00000
37.00000
28.36701
26.91073
40.82755
26.80485
24.13892
36.00000
22.88422
39.50000
40.50000
44.50000
41.00000
35.86394
30.15884
37.00000
33.15955
35.44009
28.07530
38.50000
21.04493
12.38951
25.73300
26.08999
27.18251
28.47221
33.50000
31.50000
35.00000
32.54516
24.56624
21.45926
40.50000
18.26712
35.59026
10.34408
33.98039
39.00000
19.61505
38.50000
41.50000
40.50000
35.39303
22.05045
43.50000
25.11349
17.83255
22.93120
31.84686
21.58147
35.12201
26.88659
27.10512
43.50000
36.59083
28.87136
35.70559
26.59992
34.00000
39.50000
27.04972
27.92052
26.59992
34.00000
24.46937
23.66901
24.23955
38.50000
18.13946
26.88659
20.74849
17.06422
32.50000
36.17550
22.01136
27.77026
21.76133
11.75325
29.13188
35.97530
28.95147
23.60482
36.00000
21.72004
36.50000
21.03568
28.33137
34.50000
31.00000
25.89764
30.56505
31.28098
21.93080
27.80625
31.00896
32.31443
35.44009
29.76050
24.11546
24.99375
22.19797
16.42681
37.79183
30.76524
37.50000
14.49617
14.83989
31.59465
23.87860
24.87343
42.00000
28.57738
28.94055
16.58878
19.59184
24.94995
19.97398
28.57738
25.01999
21.36586
21.06751
26.13214
27.65411
25.50000
22.72114
41.50000
26.45161
45.00000
27.18251
43.50000
20.50000
19.98750
17.16275
32.31443
32.31443
26.49528
24.50893
36.44478
30.72820
42.50000
32.96800
35.50000
37.32143
34.00327
29.80352
32.22146
34.65384
23.59152
27.41350
30.81486
29.00958
36.80580
20.02998
25.38085
28.07530
26.66250
31.50000
21.43012
21.96019
15.01200
20.40196
34.18577
24.76388
21.92350
20.60340
17.85497
23.15707
16.47726
25.97475
25.89764
24.86463
23.41340
24.27318
25.01999
27.93246
33.55923
39.00000
33.08911
16.42681
18.44343
21.30352
25.03775
27.14199
28.20018
28.75568
30.56505
35.23571
20.17889
32.35566
33.55923
30.50000
28.00000
22.62051
28.59293
19.19635
16.72603
18.04681
27.65261
21.36586
22.04541
32.60198
30.40102
21.29554
19.81515
22.90560
35.87323
34.18577
20.16333
33.08911
29.37154
27.94973
26.35811
26.50943
22.09615
27.19375
26.04270
31.00896
33.55923
30.40102
30.26916
28.85596
24.01041
28.11089
39.50000
30.65217
28.52192
29.51083
33.15955
35.00000
28.01227
26.66250
27.31300
20.09378
19.92956
33.35666
31.09484
30.53959
43.00000
40.50000
31.00896
26.13214
32.72444
35.97530
37.65634
28.03904
28.97413
24.46426
34.65384
35.50000
34.50000
37.00000
29.54657
39.50000
37.50000
21.77522
26.04270
32.22146
19.68756
38.00000
25.49510
19.29352
12.50333
19.42006
21.51017
24.12468
29.60105
21.66923
29.63481
24.78351
25.13961
39.50000
39.00000
37.00000
27.53584
39.50000
35.00000
45.50000
20.73644
29.40899
43.50000
39.50000
24.68918
37.00000
36.00000
39.50000
40.00000
14.54304
28.24889
26.87006
20.58367
27.72484
29.63481
37.00000
35.50000
18.53881
30.56505
22.52221
33.25658
27.62044
26.56478
24.57005
30.26916
26.54974
25.04371
44.00000
27.35365
30.94439
26.12829
33.06895
25.25248
36.17550
25.15287
22.50555
26.08959
33.71778
34.50000
22.04178
29.83706
43.00000
33.76718
34.49960
39.00000
25.65151
24.11141
31.20185
24.65132
21.44201
33.15955
39.50000
24.34475
25.82419
24.77272
24.68299
34.92214
27.50000
22.60946
22.43184
28.75568
22.86236
17.15189
18.84808
40.50000
41.50000
34.49960
25.95549
24.77272
29.79933
22.27667
26.67747
15.39610
29.22328
20.65188
30.00370
37.00000
22.49444
33.50953
21.45279
28.50000
22.21171
29.69100
22.47638
22.98369
34.00000
32.14896
27.32927
39.00000
26.40909
25.84932
26.88659
28.19377
38.50000
35.00000
31.41479
31.00000
33.50000
33.25658
28.19377
31.28365
26.05163
27.53584
35.50000
30.26916
24.38524
22.93878
29.51083
27.47120
28.85596
33.00000
25.49510
27.01029
39.00000
30.81486
10.92886
29.60105
23.32857
22.52221
28.07530
35.50000
26.59992
29.60105
29.24466
37.50000
17.46107
35.97530
33.24990
35.50000
26.61244
41.50000
17.60682
30.59718
27.64507
30.44485
28.40579
34.42222
37.11544
35.44009
18.00000
32.41742
29.49046
17.41723
43.00000
12.51239
19.38266
33.62869
19.60159
23.36664
15.70478
19.81918
30.74085
28.39344
35.00000
29.63106
38.91015
24.07821
23.77730
27.57263
29.74335
14.01999
40.00000
13.80896
28.26106
34.84250
29.43956
17.36203
19.76259
28.85596
32.03123
30.73905
30.47403
28.39014
26.38602
25.97475
36.50000
22.25668
21.97157
29.50000
21.54501
23.17731
25.11349
24.68918
29.27266
33.00000
20.64364
18.06239
23.76889
27.96762
28.11089
34.29610
31.32979
35.00000
35.00000
33.82635
30.84943
16.20185
39.50000
20.66301
23.28492
41.00000
24.68918
20.23748
25.46021
28.59293
26.41128
34.00000
24.99778
23.15167
27.72484
38.50000
25.95295
23.25224
30.53959
26.08107
21.60247
19.88090
25.11349
22.30471
23.60614
30.68478
32.14896
30.34615
24.16609
19.94593
22.79666
25.55753
34.65384
31.41479
23.14087
31.96178
22.72114
24.17437
31.84686
33.50000
24.85639
20.81466
19.08298
20.58367
28.70540
28.75568
21.46509
20.41786
25.66450
27.01029
32.69047
34.00000
20.66301
22.21908
26.59992
30.40102
21.24265
20.94487
22.34950
15.70987
32.61901
18.18482
21.35855
30.90128
28.33137
20.63220
35.00000
25.31139
21.61597
24.82942
26.84213
20.94636
30.73543
33.08911
26.99537
25.92658
41.00000
30.44485
32.82614
29.80306
26.47995
28.14694
31.62629
28.94055
35.50000
26.24669
33.43651
33.82635
28.08321
33.06895
29.22328
28.70540
28.75568
30.07029
27.15797
25.66450
40.00000
35.00000
33.00000
27.86076
26.59992
21.61481
33.76718
29.31818
23.03801
23.03666
21.98153
22.10339
20.43740
23.28492
26.24669
17.57128
32.56788
34.29286
27.24427
30.86890
45.00000
43.00000
34.29610
44.00000
19.39691
44.50000
35.50587
23.88907
17.84377
40.50000
41.00000
35.50587
44.00000
21.76603
27.64457
32.49957
26.73325
30.44485
27.52612
26.31856
29.87753
27.98549
32.50000
27.10512
18.03996
34.25720
27.78889
26.67396
21.97157
27.08423
18.48197
22.34815
30.81486
20.17149
30.00370
31.50000
26.08959
20.53503
18.77498
19.52562
17.57953
18.18131
20.94039
30.81486
30.56505
43.50000
40.50000
34.96983
25.66491
27.47524
26.81767
34.09790
27.65261
37.00000
21.17044
28.99138
45.00000
23.88640
25.85053
29.32955
25.43005
31.66842
29.87753
41.00000
29.40899
14.92272
21.76436
12.61833
35.64953
25.49510
40.50000
35.50000
40.50000
30.84943
25.73300
37.00000
23.57302
15.76579
31.66842
37.00000
16.93369
15.98249
19.78636
32.71425
21.87893
33.82635
33.35666
19.83683
19.56119
20.02598
18.32121
22.43184
16.90444
28.11089
29.42788
19.83331
21.04757
11.90238
10.60922
14.00857
17.33205
22.12888
42.00000
14.36141
37.79183
24.92709
23.92990
17.76964
29.97777
28.33137
27.01029
28.00000
25.50817
28.39405
25.95295
29.47315
29.04403
39.50000
22.85142
36.00000
22.29350
21.64255
28.50877
31.94787
33.24990
21.11131
31.09484
34.29610
31.94787
18.20330
32.41742
29.13188
25.79244
22.63294
24.37596
30.47403
36.12017
26.18564
39.00000
37.00000
30.81486
39.00000
37.00000
26.81767
36.38070
28.87136
14.92113
30.70650
22.57334
21.28286
28.85981
31.50000
25.88919
27.52373
28.40579
31.00896
30.70650
26.87006
31.09484
32.56788
22.85826
21.36586
34.02940
21.50907
27.94041
35.14099
38.00000
33.00000
35.00000
18.58763
19.78484
25.67465
17.17233
27.82984
23.44260
33.33000
13.22724
29.33712
24.01041
30.73905
20.40000
20.68236
32.03123
37.11544
33.35666
10.71448
36.50000
32.22146
32.56788
29.33712
33.00000
26.95830
27.53584
26.90725
24.34475
24.24376
27.47524
23.90481
29.81086
34.09790
38.79290
26.54556
25.85053
32.41742
34.96983
39.50000
18.88280
19.87461
30.26916
20.74247
14.61805
23.25224
23.09882
26.73325
35.50587
22.85826
40.50000
22.22611
26.65521
33.76718
42.00000
34.29610
18.87293
29.81051
29.48823
44.50000
27.47120
31.96178
27.94041
30.86530
29.04403
40.50000
38.50000
10.31854
17.91337
18.17966
33.29665
25.32291
30.24346
42.50000
33.00842
29.31818
30.81486
36.50000
34.50000
39.50000
32.82614
34.02940
29.79933
28.87136
34.02940
38.50000
31.16979
24.46809
41.50000
30.41792
