44.00000
21.79195
16.52838
34.56716
24.60183
22.66176
23.04344
17.62101
27.24312
46.50000
41.00000
35.39303
27.90161
35.91038
31.63332
20.73644
40.40627
32.23740
17.89378
23.29998
22.56103
19.39691
21.17044
22.06241
29.17000
10.74058
16.70449
20.77258
42.50000
21.41699
34.37376
34.76588
29.53341
31.75252
33.50000
32.41742
33.82635
31.56343
39.50000
38.50000
30.47403
34.00000
26.71246
30.94439
32.50000
28.85981
33.62869
29.78068
20.00600
34.96983
12.56981
36.50000
23.60614
27.93743
23.28089
17.60227
29.06315
34.50000
41.50000
28.58321
28.70540
30.90128
32.22146
22.96606
33.43651
29.02872
22.35369
24.09746
34.50000
34.84250
32.35566
35.91038
28.11089
30.47403
40.50000
32.35566
30.65217
29.87753
27.25599
33.50000
35.00000
26.24286
28.79670
30.62679
27.53584
25.94706
25.56365
25.61250
39.50000
31.20185
25.57655
34.56716
44.50000
43.00000
44.50000
35.64953
25.17315
33.08911
21.21762
42.00000
41.50000
32.14896
28.47221
37.50000
24.23955
21.06389
24.44381
28.94055
42.50000
31.75252
40.00000
21.66795
25.27350
25.95295
30.91206
30.73905
26.16295
38.00000
34.45125
43.50000
46.50000
31.75252
24.12468
31.84686
35.44009
23.28492
42.00000
34.84250
34.65384
36.59083
28.31176
33.50000
16.49970
26.51886
26.47168
34.23773
43.50000
32.88701
34.23773
28.39405
19.25617
24.70197
31.15552
28.47221
32.50000
33.00000
30.81486
30.43025
24.01432
27.26720
27.78889
30.81486
20.87103
24.26288
22.56518
25.17053
22.91697
24.78351
21.79880
36.24914
34.02940
24.89352
30.15884
27.47524
28.03904
34.56716
44.50000
43.00000
26.04270
39.50000
34.70831
32.89377
29.19225
23.46673
21.67227
34.09790
27.77026
29.55503
28.28820
23.53381
31.96178
26.47168
32.03123
28.27101
26.84937
25.26856
25.49510
24.82312
32.57587
27.53634
33.35999
31.56299
26.59992
25.94706
29.78068
28.19377
28.00397
35.50000
26.38602
27.26720
27.35365
29.40899
29.24466
33.50000
23.32917
37.00000
28.99138
28.94055
30.50000
20.18044
27.64457
30.26916
27.00000
29.32955
29.13188
25.17053
30.07029
29.47881
24.55380
37.50000
24.91318
21.40531
27.86076
40.00000
19.56755
14.37011
25.49877
26.84937
36.50000
43.00000
33.98039
38.68965
22.00568
38.50000
26.98495
18.55398
36.50000
33.98039
16.30215
28.87365
28.76195
24.99000
34.23773
26.94787
40.00000
20.70169
23.26714
28.75568
24.08780
19.30673
31.00000
31.00000
31.88521
26.19160
21.89178
23.51064
42.50000
17.29884
38.32319
38.50000
17.36915
28.85981
29.51083
22.89629
20.07586
26.28093
24.01432
29.40899
18.27129
31.32979
37.11544
28.00000
30.07029
29.06315
41.00000
29.04307
37.00000
25.99399
33.62869
22.17205
38.00292
41.50000
24.94438
27.85678
39.50000
24.41766
21.99290
31.84686
18.29754
43.50000
26.24669
18.70309
27.78889
23.01494
37.96782
40.00000
30.44485
35.50000
37.50000
41.50000
27.93246
31.20185
22.96606
23.25855
31.57927
31.28365
28.85981
29.60105
26.59992
17.73943
25.16322
21.26470
17.62259
21.25465
32.41742
22.86676
19.76582
40.00000
24.33490
19.30512
20.91650
23.71160
31.16388
21.29994
22.32011
33.43651
26.04203
16.56985
20.15341
42.50000
27.96426
25.22276
20.82517
29.51083
22.74555
18.46727
22.36565
42.50000
39.00000
31.00896
32.50000
22.57964
17.42364
26.95830
30.70650
26.47995
31.88521
23.61261
38.50000
31.03045
43.50000
35.03649
30.09245
32.60198
33.15955
26.86424
31.00000
28.39014
27.35365
34.50000
26.88659
24.01432
31.56299
35.50000
33.00000
25.27350
23.93220
33.98039
21.68317
30.94439
32.00000
25.43005
31.00000
26.13214
23.77499
23.50886
23.71181
29.93697
31.66842
27.93246
23.98958
41.50000
11.12475
17.92652
24.22292
23.62202
36.55437
18.59267
19.82927
29.17000
42.00000
21.41650
20.04214
18.91263
29.17512
34.18577
42.50000
38.50000
38.00000
22.66176
36.00000
37.00000
18.38042
23.66901
22.72664
21.61452
26.28054
38.00000
39.50000
18.50000
22.66176
13.28428
23.55180
21.02181
33.03870
25.17053
38.50000
24.58093
27.64457
33.35666
27.15797
21.85304
25.16943
20.11368
12.71220
19.81582
24.23955
35.86394
29.79933
44.50000
32.14896
25.54408
38.50000
34.49960
21.74281
35.00000
26.44911
25.31139
23.45608
23.64847
29.78068
27.35365
25.57342
27.64457
30.53959
24.85067
28.94055
28.28759
36.64545
23.04344
31.66842
29.97777
31.94787
30.53959
26.71246
33.50000
35.00000
38.50000
24.56624
37.50000
21.00446
28.87136
21.94311
25.99399
35.00000
30.40833
26.83631
25.17053
29.47315
28.28759
25.48638
19.51121
40.50000
28.54626
29.00862
22.90742
20.58367
26.78036
23.15647
20.60340
25.92296
24.85067
23.71181
22.96056
29.38005
27.80625
40.00000
31.62673
24.36883
39.50000
33.50953
23.82939
43.50000
38.26225
24.44381
28.00397
35.50000
23.76973
21.93599
26.87006
34.29286
29.40899
37.00000
42.00000
30.34615
28.85981
26.29045
21.89178
26.27737
28.00397
29.87753
26.00000
21.17044
22.85826
18.96312
21.44201
26.23399
23.83799
19.72207
32.35566
22.19234
32.88701
29.17000
31.94787
34.49960
37.02552
28.48684
18.15930
28.95147
26.59992
27.01029
14.35270
31.00000
23.78419
25.73300
24.75379
38.50000
16.16130
21.29684
23.54782
27.65261
42.50000
24.53569
33.00000
46.00000
16.27626
27.52373
33.82635
24.34475
39.50000
31.66842
32.03123
25.59080
36.38070
35.23571
21.35855
24.46809
22.41093
19.53985
26.50943
11.63787
12.26671
22.26567
15.94491
32.71425
35.97530
31.47839
29.74335
24.49872
20.66301
34.29610
14.96663
18.61955
30.43025
31.50000
22.59203
26.98148
29.04403
26.76168
30.21405
33.47968
33.00000
29.06315
31.09484
30.07029
32.35566
30.90128
40.50000
32.35566
29.27266
22.43184
23.98958
30.53959
41.50000
24.46426
26.19160
26.69582
35.00000
35.50000
36.00000
35.50000
26.08959
23.47102
22.88134
43.00000
29.04403
43.50000
26.08107
24.93366
33.55923
23.68016
22.30157
25.61683
22.20923
26.54556
38.00000
19.85346
25.36730
27.79688
18.60611
33.79349
24.91318
31.32979
25.35128
44.00000
21.45279
20.52285
10.55651
29.06315
15.93738
20.06240
25.49510
18.88121
20.83717
22.63156
19.31968
39.00000
34.96983
34.18577
23.25855
20.73644
27.55903
23.35594
37.50000
23.94133
31.62629
22.82542
37.00000
26.78723
22.80877
23.80126
33.00000
30.53959
32.00000
24.01432
26.88659
30.81486
35.00000
24.12986
36.00000
29.74335
25.62984
35.50000
33.00000
23.07033
43.50000
35.23571
38.00000
31.67894
32.03123
30.55414
25.93622
16.19136
19.86555
29.69322
31.83551
47.00000
15.47758
21.20377
22.09575
33.71778
32.03123
42.50000
42.00000
30.73543
29.48823
24.05549
20.41786
17.55705
29.97812
32.89377
41.00000
30.34615
35.91038
43.50000
41.00000
29.35227
39.00000
15.45833
13.92264
24.68299
24.89352
19.37137
27.71620
22.46419
24.58150
23.60614
33.50000
28.87136
25.12966
26.59992
12.55737
16.21385
41.50000
37.50000
38.00000
21.79880
20.26697
18.29317
18.12843
20.97236
24.16609
24.65279
20.43740
25.62226
41.50000
33.43651
20.58367
17.65220
25.01999
26.88659
31.47839
25.14334
22.57626
25.67465
21.94738
25.41038
18.98025
30.91206
19.61224
22.94967
22.38722
24.41766
26.41377
19.61345
22.39838
40.00000
22.85826
34.92214
35.23571
23.08593
36.85105
23.62599
21.85606
26.41969
21.17168
26.51205
36.64545
35.50000
26.88246
35.50000
21.73707
30.21405
24.17126
33.50000
29.04403
21.87893
28.14694
35.91038
30.26916
36.50000
21.55226
24.91318
26.08959
22.79666
18.61955
18.36267
18.95890
24.71167
34.00000
22.18468
38.50000
22.56518
20.65914
20.63589
21.27910
25.79123
19.16872
22.14136
37.50000
37.50000
19.57958
21.24147
21.11871
27.63251
40.50000
30.26916
21.05802
21.60247
19.72308
24.34475
35.50000
21.93262
20.74849
19.14785
26.29045
28.39014
27.31300
43.50000
36.00000
22.60973
35.50000
36.50000
25.30261
26.71246
36.50000
26.78723
25.95295
24.85067
36.50000
33.50000
29.07211
31.00896
24.05826
26.71246
30.73905
37.50000
39.50000
42.50000
34.50000
22.00545
29.43213
25.83710
22.29770
33.24990
16.21385
24.33490
26.91963
31.50000
24.36300
24.55380
24.71167
30.07029
33.50000
26.97221
25.38208
30.86530
21.29994
22.01704
43.00000
39.00000
39.00000
33.43651
25.30261
23.43075
25.93582
36.00000
19.48219
23.06919
33.55923
18.95679
22.22611
22.46525
25.77251
29.80306
21.45926
34.65384
29.76050
28.11089
35.50000
32.88701
23.93045
36.50000
33.29665
19.61859
38.50000
22.32011
20.01718
19.72784
29.22328
20.88061
23.07054
29.51083
32.00000
31.75252
19.17916
28.40579
29.87753
27.38955
32.50000
22.94014
23.76272
34.50000
29.69100
22.24410
43.00000
33.15955
26.97221
31.75252
41.00000
25.24876
28.31409
26.54974
27.37243
27.56243
25.06990
25.83118
33.02524
33.71778
28.19377
22.27527
27.17842
26.08959
26.54974
26.54974
34.00327
41.73727
21.44032
26.48113
28.81297
20.26080
22.14159
25.65151
19.00000
19.47922
24.57967
30.26916
26.61179
25.73300
26.98148
24.38237
27.77689
31.28365
20.53047
37.00000
27.31300
22.89514
21.33917
36.50000
28.85596
25.19300
13.87344
41.50000
38.99573
38.50000
30.07029
26.37589
25.75243
46.00000
29.93697
29.22328
35.97530
32.14896
30.07029
26.52711
27.63251
31.16979
29.97777
23.15167
22.01136
24.58093
25.03775
20.27776
21.84857
35.87323
24.20098
21.29554
31.49603
28.54626
27.94041
40.50000
23.09085
21.57979
20.94487
17.67484
20.15937
20.37253
18.63297
30.86530
18.37117
19.29216
21.49855
21.67227
18.61376
18.93410
32.88701
19.01808
34.29610
39.00000
25.96151
15.98958
36.38070
38.00000
27.04048
18.35453
19.68643
39.50000
25.31139
38.94440
30.07029
37.50000
26.48113
42.00000
33.95095
41.00000
34.02940
24.17126
39.00000
43.00000
42.00000
22.91697
27.60888
34.56716
25.99399
19.60159
38.00000
24.19065
31.79098
15.92343
21.18175
38.50000
20.33126
32.09707
36.08324
36.08324
33.08911
31.15552
16.74067
15.78765
10.63015
27.52373
29.81191
29.69322
20.72371
14.55640
22.80899
30.73905
28.39405
26.15764
15.03792
20.09198
26.27737
9.40597
12.45882
26.08040
7.12569
14.84049
17.15291
7.66119
33.15955
33.43651
28.27101
41.50000
43.50000
26.15764
30.09983
19.74050
22.86676
22.85826
20.12185
21.41650
23.77499
27.87024
20.83843
24.10394
26.04270
20.84916
38.50000
20.61456
19.30673
27.10627
42.50000
25.86020
42.50000
21.29684
22.66468
27.20703
23.85765
26.58738
21.00446
21.24984
28.31409
16.62528
20.49932
40.50000
22.38861
30.53175
40.00000
21.78073
41.00000
27.04163
29.97777
18.52998
17.64149
22.35369
36.00000
26.08959
32.88701
27.47120
29.63481
28.00397
28.76727
32.13513
21.78732
39.50000
40.00000
38.50000
28.28820
36.80580
36.50000
31.63332
24.41766
34.75949
29.62263
30.84639
33.63860
32.82614
25.25248
34.93804
33.65511
21.08317
24.38579
28.76727
23.97684
13.90144
14.34181
18.44560
26.94851
40.50000
41.50000
24.46426
20.02598
28.39014
23.49468
23.41340
27.01029
20.18044
26.65521
23.45682
24.29506
32.22146
30.73905
26.13214
27.32215
25.48638
38.50000
32.61901
25.48638
29.87753
35.50000
32.50000
29.40899
32.50000
31.15552
38.00000
29.00958
31.50000
27.72484
32.22146
35.50000
29.51083
38.00000
38.47366
30.15884
25.75364
37.50000
33.50000
42.00000
26.29525
28.94055
18.09530
29.97777
26.56478
30.07029
43.00000
18.21648
26.65521
33.15955
24.58023
30.50000
22.14159
20.36541
22.29770
25.48638
26.96757
19.93113
18.18653
34.12070
21.17782
18.84734
20.90903
27.35365
34.00000
45.00000
29.63106
43.00000
22.05992
25.86020
32.78211
41.00000
38.00000
23.71181
27.48181
30.47403
30.90128
30.73905
21.84125
28.75568
19.23122
31.75252
29.50000
37.00000
27.94973
19.91582
27.82086
27.94041
25.30261
33.50000
28.80201
30.21405
27.82086
36.00000
34.50000
30.50000
34.00000
33.08911
24.26245
35.50000
31.41479
35.44009
31.28365
34.50000
29.17000
20.48170
28.08321
34.00000
34.50000
29.80306
17.28258
26.53653
24.76388
22.98913
17.97331
21.45344
23.47738
22.52221
24.49943
24.22579
23.15167
25.14955
25.46021
26.87006
23.98958
39.00000
23.17412
30.34615
27.69815
34.00000
25.84999
26.23399
22.91697
24.91318
30.07029
24.09746
30.00000
32.00000
22.99321
20.79808
22.17403
28.43413
36.00000
30.26916
35.50000
28.11089
21.13975
19.18750
39.50000
25.66450
24.99375
19.59184
30.47403
39.00000
24.19065
32.78211
32.69047
40.00000
26.87006
36.08324
27.32927
32.31443
35.97530
37.50000
28.59293
29.33712
30.62679
31.75252
28.00335
21.89749
24.58093
42.00000
22.32011
23.84673
42.50000
23.27135
21.14143
31.49603
27.15120
36.33486
43.00000
42.00000
39.00000
33.76718
20.40000
23.50931
29.93697
22.88134
34.50000
19.60159
25.51838
35.31131
20.91052
18.83315
25.61683
20.26543
19.86555
35.00000
28.50000
20.33322
19.94210
31.02821
22.84382
24.94995
24.81305
39.50000
25.76820
25.23267
24.48852
29.98646
21.90342
36.64545
27.82086
21.56965
33.71778
29.95413
36.38070
33.62869
35.03649
32.60198
23.77394
21.63764
22.50000
21.56128
21.29554
26.72078
26.79552
34.50000
37.50000
25.36840
20.14169
34.47060
22.84048
25.58686
34.96983
33.36446
29.87753
20.65188
21.12315
39.00000
41.50000
41.50000
37.50000
34.70831
22.91697
22.75082
28.08321
17.81460
23.66828
31.03045
26.71246
33.82635
41.50000
23.12331
38.00000
25.15287
26.38602
28.07579
26.89215
37.00000
23.84673
39.00000
27.82086
36.55437
20.56599
21.20000
21.67227
15.67929
22.22611
30.43333
33.50000
38.47366
37.50000
39.00000
39.50000
42.00000
32.88701
28.64001
43.00000
17.86679
31.02821
26.74883
28.94055
26.95830
31.47839
31.20897
23.90084
26.88659
23.41453
27.53584
21.02825
18.79199
20.85186
39.50000
23.67277
21.36726
34.76588
34.23773
26.38602
34.02940
31.41479
28.19377
24.60056
29.33712
22.65364
17.95996
22.01136
34.92214
36.50000
28.85596
29.26175
39.00000
28.59196
33.43651
19.00105
19.45662
17.37255
27.20754
24.77272
14.98533
22.94014
32.00000
29.26175
30.94439
24.63331
36.44478
19.54962
18.22087
26.53653
36.24914
33.82635
18.60611
25.13961
22.26404
34.19877
34.96983
42.50000
18.99123
26.69582
33.15955
43.00000
36.00000
27.00347
19.38266
27.04163
28.94055
26.38602
26.16295
38.00000
23.93742
39.00000
30.53959
36.52701
34.23773
39.00000
37.00000
40.00000
32.09707
29.64266
31.00896
23.62202
27.47524
38.50000
30.34615
36.00000
18.60779
30.15884
23.28089
41.00000
37.85352
32.14896
35.14099
38.05552
38.50000
41.50000
31.56299
33.98039
41.50000
34.37376
23.35594
24.12986
31.67894
39.50000
34.49960
41.00000
27.32927
25.85537
30.73543
22.44103
42.00000
26.65989
30.44485
34.02940
34.23773
31.47839
35.70559
29.94810
30.46674
20.23748
21.40531
16.52392
37.79183
36.64545
45.50000
41.50000
34.47060
39.41517
23.63895
28.54626
29.67977
39.00000
27.51818
34.56716
19.13766
27.90161
35.17891
31.66842
25.00000
38.00000
25.31578
26.71246
35.50000
25.82419
20.66851
31.67894
26.13427
20.49000
22.88231
27.63490
27.15797
26.08959
30.09983
29.40899
42.50000
43.50000
37.50000
39.50000
28.19377
41.50000
46.50000
41.50000
38.50000
39.00000
38.00000
39.00000
41.00000
37.53221
30.73905
29.12366
32.88701
30.34615
13.95134
33.50000
30.86530
36.00000
34.50000
31.67894
29.53341
31.75252
28.47221
28.75568
22.22611
24.15574
25.46021
23.01494
23.89561
22.87466
38.50000
31.75252
30.94439
28.57738
23.55136
28.08321
29.60105
30.73905
38.00000
32.88701
28.94055
31.94787
36.50000
25.92296
23.62599
25.24986
22.58871
29.63481
27.98015
30.09983
30.62679
40.00000
30.26916
41.00000
27.94041
31.37940
34.49960
28.54626
31.88521
18.53600
16.30610
30.34615
31.47839
35.00000
35.50000
40.50000
32.22146
38.50000
23.35594
30.70650
27.25599
36.50000
30.44485
41.50000
26.49528
31.47839
31.88521
32.35566
37.50000
40.50000
39.00000
34.00000
40.00000
37.00000
35.23571
30.15884
27.78889
37.00000
22.92788
26.71246
25.57342
31.67894
29.63106
27.06782
41.00000
36.50000
33.50953
19.80372
34.70831
38.00000
39.50000
39.50000
31.49603
27.01029
22.44994
31.75252
40.50000
32.41742
30.53959
37.11544
21.02825
29.69100
33.00000
34.76588
28.14694
33.98039
39.50000
35.03649
25.66450
33.24990
23.56242
33.62869
26.84213
27.94041
29.80306
31.00896
23.71049
30.34615
25.08984
27.26720
22.18107
33.50000
28.59293
23.32857
20.51926
28.19131
20.18514
17.54309
17.77092
23.57456
23.47738
29.13188
27.32215
29.94578
32.22146
37.00000
31.84686
40.50000
41.00000
41.50000
31.47839
35.23571
39.00000
40.00000
34.56716
27.47158
33.15955
31.00896
24.65279
34.70831
19.76461
28.11139
19.07249
31.50000
20.83717
20.15409
33.29665
23.90607
32.13513
38.00292
20.37768
19.98750
26.05163
24.74369
31.41479
33.35666
42.50000
23.49127
30.40833
20.65188
20.56089
25.56365
31.20185
30.44485
25.81182
37.50000
35.00000
29.74335
25.59080
30.68478
32.31443
24.26245
23.29998
22.19009
26.41969
24.99778
28.08321
40.50000
28.28820
27.35365
29.60105
29.06315
28.39014
34.56716
27.02314
31.94787
25.57342
36.50000
32.00000
29.97777
29.27266
29.79933
29.60105
29.17000
29.69100
37.50000
37.50000
30.81486
23.98437
23.89561
25.61683
29.40899
22.64705
19.18821
19.30458
23.15167
36.00000
30.65217
33.50000
35.39303
43.50000
29.29590
35.64953
26.73325
39.00000
16.65083
33.50000
36.00000
19.75475
37.00000
39.00000
36.64545
31.62629
21.41650
37.50000
26.23399
17.29046
37.50000
35.00000
35.50000
34.96983
31.75252
31.94787
32.49957
26.28093
19.60159
34.23773
27.75225
36.50000
40.00000
15.77181
33.08911
19.58571
32.61901
30.36857
20.16649
32.22146
32.69047
41.50000
36.50000
39.00000
32.22146
29.69100
25.65151
26.59992
17.90419
29.33002
24.74874
25.10423
27.56243
20.56794
24.03513
38.05552
29.78068
26.51886
25.27227
20.97236
27.76238
31.20185
25.48638
33.82635
33.98039
39.00000
30.70650
24.46937
32.89377
23.90084
46.00000
31.49901
33.90510
34.92214
23.42008
39.00000
23.03620
30.40970
27.62698
39.00000
19.89975
18.26712
22.81447
19.44704
28.00000
20.85399
20.40067
23.56242
22.43184
25.19700
21.66795
16.56019
12.31615
21.66218
31.94092
26.43388
30.91206
26.83729
20.55480
34.29610
31.01612
26.75234
30.26916
23.49127
33.24990
21.35855
22.48750
32.03123
27.41350
28.95147
27.58260
37.50000
40.00000
22.85279
16.26530
34.49960
23.54782
18.31666
26.49528
20.62008
21.64919
15.80380
36.50000
25.59080
32.56788
21.11871
24.68918
36.00000
38.50000
28.39014
33.50000
25.81182
20.53503
30.62679
20.65188
25.09357
36.44478
20.94487
35.36477
29.27266
41.00000
22.84048
26.35811
25.19700
18.46727
18.64638
17.18837
17.61391
15.53938
26.54556
21.14681
26.78723
26.50000
31.50000
28.80201
26.31856
23.50886
22.88422
27.65261
32.03123
33.98039
25.49877
21.96019
23.88907
40.00000
32.78211
25.67586
25.30316
36.50000
24.77272
28.47221
28.75568
30.15884
21.71405
30.63801
40.00000
30.86530
32.49957
33.76718
34.96983
40.50000
32.96800
44.50000
32.40370
27.94041
28.00397
31.75252
23.01207
19.43605
22.61084
31.96178
40.50000
41.00000
27.45097
25.15949
34.65384
42.50000
32.09707
42.50000
32.56105
31.49603
24.96372
27.18251
19.58316
21.35790
22.65364
20.70024
32.88701
