14.56880
27.58019
25.52559
19.24765
44.00000
20.98147
44.50000
35.69314
10.17623
47.00000
37.50000
34.84250
31.20897
19.91702
18.71256
43.50000
34.18577
33.35666
44.50000
27.72521
29.87753
28.70540
36.05859
17.48828
16.88313
10.06777
21.70829
32.89377
44.50000
34.56716
24.51913
18.05547
33.98039
26.24881
29.42257
23.34925
19.74437
34.12070
31.51014
44.00000
44.00000
31.84686
36.00000
29.63423
21.78623
30.15884
21.15089
27.32215
20.41176
34.09790
19.99400
21.66795
28.00000
28.00397
23.37065
29.53341
38.00000
32.60198
37.38389
39.41517
27.62698
32.72444
34.25912
42.50000
35.00000
32.31443
40.50000
19.17029
31.56299
32.13513
34.50000
33.43651
18.87385
40.50000
37.50000
36.59083
41.00000
34.47060
34.65384
35.59026
27.95085
32.42770
28.61818
14.21267
25.76820
32.50000
24.12986
24.39034
18.10414
21.66795
20.72100
25.36730
24.18031
37.00000
17.54102
28.87136
22.55364
26.08959
20.85399
31.50000
12.97433
19.80530
33.00842
34.50000
29.40899
27.18251
26.49528
39.00000
37.00000
36.55437
37.79183
20.32701
26.02990
42.50000
40.00000
41.00000
41.00000
29.64266
21.44201
40.00000
42.00000
18.03774
40.50000
31.41479
27.01029
21.35416
24.64117
24.01432
29.13188
31.37940
35.50000
37.50000
37.50000
38.00000
38.00000
37.00000
34.50000
35.50000
28.54626
26.72078
21.22828
18.59267
16.76865
40.00000
29.63481
38.50000
39.50000
29.87753
29.06315
37.00000
38.00000
24.58997
26.69582
18.75333
20.69420
22.42209
30.07029
36.50000
22.23736
26.88659
30.00370
40.50000
28.37252
33.00000
18.28004
35.00000
30.50000
26.59992
21.39533
28.51644
28.94055
29.53341
26.61244
27.93246
24.47831
33.29665
30.81486
42.50000
38.50000
23.16652
29.78068
32.14896
29.64266
24.49000
25.84999
37.74770
29.43956
40.00000
31.00896
24.25258
30.47403
25.15287
23.38269
22.52221
23.36664
25.22276
31.09484
27.94973
20.21485
34.29610
29.55821
29.63481
21.64871
23.68966
21.17192
28.25221
30.10814
28.94055
24.91318
24.73232
26.27737
30.70650
37.32143
25.36237
20.30394
17.36915
26.80485
32.96800
31.96178
22.45551
19.86832
19.26136
25.61616
26.96757
27.52373
19.96386
29.40899
22.14159
21.07576
16.70210
22.09497
34.29286
34.75949
21.32340
34.75949
28.38133
34.58645
32.56105
18.63760
27.28553
26.00461
34.29610
32.00000
32.22146
37.50000
27.64457
27.47524
23.61261
24.45858
19.49840
19.96246
23.94133
21.17044
30.15884
26.15764
28.24889
28.70927
29.13188
31.47839
38.00000
31.88521
32.22146
25.23391
32.88701
32.61901
20.11685
10.13903
28.39405
39.00000
27.06782
31.56299
31.62629
24.16609
32.09707
29.48823
35.00000
30.53959
24.11141
34.50000
23.94133
26.98148
30.40102
28.57738
23.35594
33.08911
19.72308
24.65766
34.45125
24.99375
34.50000
35.50000
37.50000
23.93220
28.56024
35.31131
41.00000
29.48823
37.00000
37.00000
23.83799
25.56365
26.23399
34.45125
43.00000
33.76718
39.50000
29.98646
35.23571
20.80385
38.00000
37.00000
28.01227
29.06028
34.29610
36.85105
29.63106
31.00896
31.75252
17.68297
24.58129
28.25221
25.62226
29.63481
33.00000
24.94369
34.19877
29.17000
20.74849
19.38453
18.99177
35.50000
40.00000
39.00000
13.31766
26.29045
21.12315
30.15884
19.71801
30.34615
26.41969
34.50000
33.90510
26.41377
27.35365
41.50000
15.72768
38.00000
13.47529
36.00000
29.60105
35.00000
29.63481
34.56716
37.00000
26.62236
25.90729
27.25599
22.66054
39.00000
36.00000
23.88514
17.82009
44.00000
32.78211
18.57922
20.64582
19.76582
18.65047
14.73771
24.08838
31.56299
18.11460
32.56788
26.23399
38.00000
20.37768
20.27776
19.87461
19.61009
38.00292
43.00000
18.49324
27.82984
18.73393
19.83683
29.97777
23.05428
18.37628
19.67708
17.83956
22.89590
24.79695
18.83315
25.70344
19.16377
19.56240
16.42437
18.15930
36.50000
34.56716
24.85067
20.81346
21.67227
26.50943
21.78302
26.88659
24.05549
34.23773
21.68381
20.38842
20.46949
23.74210
21.71405
20.51219
26.84937
19.73221
38.26225
28.31176
22.05675
32.69047
32.60198
23.56905
43.50000
28.47221
19.97599
23.09085
23.92044
25.04371
30.73543
20.51219
26.08959
26.88659
20.38382
21.10687
19.04436
20.15409
20.63977
22.27667
21.32979
29.49046
22.94967
28.85596
26.54556
10.14342
30.55414
42.50000
41.50000
33.50953
24.03513
27.88369
34.09790
20.70628
25.62713
25.89401
31.16979
43.50000
27.78889
22.24410
24.94474
36.00000
21.28820
40.50000
25.46021
39.50000
24.39034
18.08007
23.58495
21.91461
20.42939
28.57738
27.01029
37.00000
28.75217
26.18205
29.80306
31.00896
23.82226
28.74456
28.18133
33.08911
38.50000
24.10783
23.62599
21.85606
20.89258
41.00000
23.54782
32.88701
29.93697
27.15797
28.94055
33.35666
18.50838
23.01207
19.23538
12.98307
20.90933
28.75568
19.75316
21.99290
31.67894
33.00000
29.50000
32.09707
24.37212
33.00000
30.73905
13.80896
8.30161
8.93085
34.50000
30.91206
40.00000
35.17891
27.94041
34.70831
31.47839
33.50000
25.11349
40.00000
31.84686
18.66146
28.47221
38.50000
23.28089
44.00000
38.00000
40.50000
42.50000
38.00000
42.50000
29.78068
31.15552
21.22891
30.91206
39.50000
26.13427
19.45508
13.52627
26.91073
23.62202
33.82635
29.42257
39.00000
27.53520
41.00000
32.22146
40.00000
33.62869
38.68965
36.64545
35.50587
34.23773
38.00292
45.50000
39.00000
41.00000
32.82614
39.00000
24.94438
23.79542
26.73741
35.00000
18.98611
20.26820
45.50000
21.46363
26.56478
42.50000
23.09882
21.95996
30.09245
27.53520
21.67227
31.56299
26.04803
31.94787
32.41742
18.45772
29.50000
37.50000
30.00370
35.31131
36.33486
24.52550
29.27266
24.28348
35.50000
29.08608
29.51083
15.27048
38.00000
24.63103
25.15949
24.20098
23.66901
42.00000
31.03045
38.47366
32.60198
26.00361
24.14022
33.00000
31.67894
20.36388
32.42770
31.03045
26.71246
26.08040
28.09248
23.79542
24.25902
28.40579
39.00000
38.50000
46.00000
36.64545
23.13547
23.57626
34.29610
24.19065
23.09882
33.03870
26.23399
16.80774
26.73741
25.74663
31.09484
23.66828
44.00000
32.61901
29.87753
27.32558
34.70831
21.40677
33.50000
22.16303
23.37065
29.17000
32.82815
19.82524
26.09957
42.50000
42.50000
29.40899
35.64953
32.78211
27.94041
22.63294
26.09957
18.41874
23.72103
24.95276
27.64457
26.66927
40.00000
41.00000
37.58546
27.82086
30.15884
38.00000
43.50000
36.17550
39.00000
41.50000
34.76588
39.00000
44.50000
30.09245
36.38070
43.00000
20.94968
20.05617
18.18653
31.28365
30.73905
20.63977
33.50953
30.86890
30.10295
37.00000
29.60574
25.49877
33.82635
32.03123
24.43742
21.25465
20.38382
23.76047
27.46816
24.91318
24.04553
21.50000
20.74247
19.53682
21.17044
36.80580
39.50000
42.00000
22.49861
23.76215
37.53221
24.01432
33.50000
37.50000
31.20897
27.45097
32.00000
39.50000
26.54974
28.19377
33.25658
28.84874
42.00000
34.37376
31.96178
38.00000
37.50000
36.00000
30.70650
22.29770
23.83799
27.06782
39.50000
34.00327
24.96372
29.69100
29.51083
22.14136
34.29610
24.16609
27.50909
22.94014
18.75333
34.23773
28.57738
21.67227
23.20560
23.01494
29.37154
20.96664
17.00735
38.00292
32.26744
29.91237
21.17126
17.90775
33.35666
26.72078
28.56960
20.98952
20.88444
11.13370
22.94864
20.37768
27.82086
40.00000
33.35666
28.94055
25.62984
20.56794
22.10339
23.09882
17.26811
26.04203
33.50953
32.03123
23.44142
26.41377
22.08167
34.89349
28.00397
25.62984
18.51054
27.99107
16.80691
21.49046
17.59419
32.69047
20.70169
34.76588
31.47839
32.22146
19.90603
43.50000
34.18577
27.17881
32.61901
37.50000
28.39014
29.21044
39.50000
18.35453
30.91206
12.78671
17.24645
34.00000
29.97777
38.50000
22.10339
24.64117
25.66491
28.94055
17.41647
29.60105
40.00000
27.77026
25.14334
23.90084
22.57211
23.82226
28.64728
27.27063
27.82086
31.16979
23.58495
18.86160
35.17891
28.40579
38.50000
20.27776
22.23111
18.08832
19.64688
18.96945
32.53716
26.59992
20.68061
21.38340
37.00000
37.00000
22.99321
26.35337
29.04403
28.31409
40.50000
34.18577
26.05283
29.40557
28.75568
25.09095
23.13785
26.19518
22.82953
24.34132
21.86687
36.00000
42.00000
29.93697
31.49603
29.68164
27.71620
35.78019
25.76820
32.69047
27.25599
23.79469
37.02552
30.41792
13.27592
13.55581
24.64752
33.06811
35.17891
23.16652
20.49932
21.48384
24.08838
26.98148
21.77154
20.85399
28.85981
25.54408
21.28286
29.40899
20.02967
21.28820
22.60946
21.50000
38.00000
32.56788
28.85981
41.50000
39.00000
36.50000
37.50000
36.38070
37.00000
33.03870
35.50587
26.34862
37.74770
33.03870
38.00000
24.09746
26.83631
44.50000
30.34615
27.02314
24.08780
29.72688
29.33712
31.28365
23.31711
29.78068
28.38133
31.00896
40.50000
30.34615
22.17403
19.66437
17.18604
25.95295
28.61272
34.56716
40.50000
31.51014
23.25403
40.50000
27.50795
42.00000
30.13673
36.44478
22.29910
34.00327
24.44259
32.69047
43.50000
43.00000
37.00000
40.50000
25.43005
32.50000
38.50000
42.50000
26.69582
43.00000
35.44009
31.56299
37.65634
45.50000
45.00000
36.50000
35.50000
31.84337
21.66923
17.23485
22.46479
31.41479
37.00000
26.24669
27.32927
40.00000
39.50000
37.00000
36.50000
30.62679
40.50000
38.00000
37.00000
39.50000
33.50953
24.25329
29.04403
22.98913
23.36664
20.83717
43.00000
35.44009
22.70875
23.21637
37.58546
31.84686
21.79195
18.11595
22.99043
38.50000
24.84452
39.50000
35.23571
42.00000
41.00000
33.08911
42.50000
41.00000
31.00896
39.00000
43.50000
32.60198
23.21637
22.82953
34.56716
28.11089
27.98015
44.00000
17.16100
33.90510
32.88701
33.62869
41.00000
24.07821
19.71193
28.77885
27.17842
24.68172
25.62984
21.37025
21.43012
23.60614
33.43651
25.06990
22.79666
41.00000
28.87365
25.42145
31.37940
31.00896
27.72484
29.93697
27.04048
24.52550
26.98148
30.91206
31.56299
21.04014
34.37376
11.26765
21.80023
23.61261
20.98190
16.42437
21.82172
19.46895
21.64919
32.41742
26.10555
25.59080
28.31409
26.43270
22.17205
29.06028
34.00327
29.81051
22.44298
25.44484
18.29754
29.23848
26.24246
21.60926
33.00000
22.98309
16.82379
32.82614
27.35365
31.37232
35.00000
26.04803
35.17891
35.50587
34.02940
41.00000
38.50000
33.50000
27.50795
33.00000
34.00000
39.00000
36.50000
38.50000
38.00000
29.60891
34.00000
24.91318
23.86813
26.78723
40.50000
27.35365
23.49468
26.49528
33.06895
29.93639
18.42390
23.98307
23.76973
21.71405
20.94373
26.35811
37.50000
41.00000
35.00000
11.75798
19.40844
17.94436
26.63748
24.04553
35.00000
34.09790
33.53605
30.73905
21.66795
29.51083
19.31839
20.70024
22.63156
27.63251
19.78004
21.19404
21.71635
22.93953
35.86394
25.80388
29.80247
12.37740
23.04886
29.00000
35.00000
28.28820
26.71246
28.75568
22.80838
13.44024
39.00000
40.00000
24.63331
36.00000
31.00896
18.23623
29.80306
24.45858
29.00958
24.01041
27.85678
32.89377
38.68965
45.00000
23.17086
34.56716
17.00735
26.19160
27.01029
42.50000
24.91318
10.33441
21.54582
15.88041
26.62236
29.76050
18.13836
39.50000
28.70540
41.00000
41.00000
20.83267
30.51639
18.55371
23.35059
21.74138
22.66176
17.48828
24.04553
12.41723
24.96498
28.39405
37.00000
22.88422
21.99290
18.88280
28.28820
21.82252
22.92788
17.25804
32.60198
28.66279
22.86190
20.83267
23.15647
34.56716
26.71246
25.49510
31.00000
25.79244
32.00000
25.95295
37.00000
37.00000
32.50000
23.84673
41.50000
20.85399
25.95295
31.50000
27.17842
21.99636
17.44197
29.47315
15.84890
30.34615
12.49640
26.69582
20.82200
38.50000
14.77329
26.15764
12.60952
20.34699
26.31856
26.88659
20.69269
19.33100
22.48750
26.24881
33.50000
26.71142
33.08911
34.23773
37.00000
37.72120
35.70559
27.37700
31.94787
28.69233
18.81489
22.91724
23.46673
32.96800
18.05547
26.41128
24.30406
23.41474
36.00000
22.21908
38.50000
37.00000
28.47221
34.49960
17.48392
24.58093
21.27596
34.37376
26.73325
14.81351
38.05552
28.03904
24.84326
18.01851
34.84250
23.44260
19.79899
25.43005
27.15120
15.79873
24.58093
34.50000
29.60105
31.94787
21.95450
32.88701
26.81767
29.97812
13.87660
24.99375
27.35365
21.61597
24.41695
38.50000
28.56024
18.87293
28.47221
41.50000
35.00000
34.50000
21.02974
24.10394
25.64176
29.93697
35.50000
20.05592
31.47839
31.88521
29.55503
24.22163
35.03649
34.50000
24.46809
29.80306
22.53192
20.75786
27.02314
41.00000
40.00000
14.28942
43.00000
38.00000
29.51083
42.50000
28.24103
38.32319
36.05859
32.31443
41.50000
38.50000
36.17550
28.33174
34.00327
38.94440
36.33486
43.00000
23.28492
23.20964
32.31443
45.00000
34.00327
36.24914
15.13275
24.47958
32.56788
33.71778
34.84250
18.64638
22.54440
10.60943
31.62629
23.30772
26.91073
29.04403
26.22380
43.00000
30.62679
39.00000
30.91206
24.79415
28.08469
27.35365
23.13547
29.00958
23.76272
24.91318
37.50000
29.97777
33.62869
37.00000
27.62044
37.00000
39.00000
40.00000
22.17403
29.06315
27.35365
34.96983
35.61211
41.00000
42.50000
40.50000
38.50000
39.00000
38.50000
26.89215
20.82200
38.47366
24.71167
40.50000
40.00000
38.00000
26.15764
26.84937
22.53192
40.00000
35.50000
23.79075
24.99000
26.54556
26.70557
35.39303
29.50000
26.96757
31.56299
27.94041
31.47839
35.03649
33.24990
33.50953
33.29665
38.68965
35.17891
34.02940
34.76588
24.39034
21.98727
29.22328
28.75568
26.78723
36.50000
38.50000
38.00000
32.09707
29.27266
31.15552
32.00000
29.13188
32.31443
33.95095
31.84686
26.78619
25.05369
32.50000
29.79933
29.79933
28.59293
26.71246
30.44485
28.66279
38.00000
22.62051
23.47738
28.70927
25.32291
30.53959
22.42518
23.09085
21.44032
39.50000
28.07530
24.74187
35.86394
30.00370
20.57912
21.19434
27.62044
38.50000
36.50000
24.45858
22.63156
29.63481
18.83315
25.46894
21.71837
23.02580
36.00000
38.50000
34.50000
35.70559
32.49957
30.15792
26.38602
26.49528
34.00000
37.50000
28.08321
26.88659
25.19700
25.86020
24.55380
27.75225
31.67894
27.64457
36.00000
30.73905
30.07029
26.24881
28.81297
18.58763
30.30161
22.47310
33.50000
26.37589
38.05552
28.31176
25.45953
22.66054
20.94636
19.31217
39.50000
38.50000
37.50000
28.54273
42.00000
34.19877
35.00000
39.50000
31.66842
27.10627
38.00000
33.55923
38.00000
30.15792
36.00000
28.87136
29.60105
31.37940
30.26916
26.50943
28.40579
30.09983
36.50000
28.69233
31.47839
29.40899
44.50000
32.78211
33.82635
39.50000
37.50000
41.00000
33.55923
30.34615
34.50000
26.71246
35.14099
29.55503
39.50000
34.93804
39.16064
24.82312
22.90560
22.93878
30.56505
29.31818
26.40549
27.45097
24.91318
23.45741
17.06458
25.79123
27.34045
27.53584
35.00000
19.43079
27.94041
32.50000
29.32955
43.00000
25.17053
35.70559
38.00000
33.35666
33.15955
26.29045
25.75243
28.43413
36.17550
29.72688
35.00000
27.53584
26.35811
35.50000
30.00000
28.50000
31.67894
32.22146
30.26916
28.24103
35.17891
35.44009
24.57005
23.76447
22.23111
21.73707
23.15647
33.47968
38.00000
12.75490
22.30471
37.50000
29.69100
31.88521
18.10214
37.00000
37.00000
35.50000
35.00000
30.47403
33.00000
31.94787
32.49957
33.62869
38.50000
26.04270
38.00000
24.35159
15.71496
14.89429
31.20185
20.70169
27.52612
42.00000
26.91073
32.88701
19.70406
21.64486
32.07316
21.38785
25.58686
25.39685
32.99526
9.85591
32.69047
33.76718
18.61827
25.35035
29.00862
33.35666
24.06242
20.99802
25.12966
24.47529
19.77161
23.46673
26.98495
15.40130
35.97530
35.64953
19.11649
25.24986
20.17149
24.21260
34.00000
34.66987
33.71778
38.50000
22.22611
29.69100
33.43651
24.61072
29.37154
34.02940
20.63708
19.94210
7.01783
38.05552
19.62779
30.68478
22.49444
32.69047
13.36563
7.73879
31.56299
23.11190
24.14022
23.68940
32.31443
26.05163
26.13350
15.09172
21.85772
35.39333
29.29590
32.61901
30.86890
41.00000
41.00000
22.91375
25.19300
31.50000
34.76588
24.91318
36.50000
27.79388
18.52701
26.04270
42.00000
22.93953
20.03885
13.91977
20.39608
46.50000
33.35999
13.00154
22.86676
11.39322
16.53602
19.17518
28.20018
22.84048
19.12694
25.27227
27.08423
29.47881
40.00000
34.29610
14.20167
14.73228
31.28098
30.97176
16.68832
34.00000
20.57766
20.04717
14.58595
22.89590
24.39034
23.62202
20.66851
21.97015
20.07209
21.92918
32.82614
19.42292
22.10581
20.07953
19.60159
14.41388
21.67227
19.42576
21.83461
19.28108
23.76272
19.57141
30.56505
20.80961
30.34615
43.00000
32.60198
36.17550
26.47050
29.40899
25.14955
17.59261
21.45198
28.28820
24.11431
22.52082
20.44963
25.95295
30.73905
30.44485
30.50000
24.66146
25.36840
30.20244
24.30021
43.00000
31.20897
29.22328
37.50000
22.61084
30.62679
27.19477
31.41479
26.59992
29.53341
24.46426
19.66437
33.43651
27.65261
18.85968
35.50587
25.97475
32.82614
38.00000
25.31139
23.03620
43.00000
32.28293
32.69047
40.50000
23.28089
24.86463
21.79358
36.17550
21.19811
27.04972
41.00000
36.38070
22.72114
33.40939
36.17550
36.91432
31.84686
21.64871
12.28007
14.88086
32.03123
19.86957
22.86190
29.34600
18.13946
22.92788
17.12272
26.38602
30.86530
25.17053
38.50000
30.24346
26.69582
25.89764
47.50000
27.08423
20.08109
19.92956
22.93953
18.13725
39.00000
23.75336
22.52082
36.12017
34.12070
32.00000
23.79542
28.05994
21.75431
9.82203
20.53182
24.41823
44.00000
29.80306
21.51017
21.55226
43.00000
24.19711
26.87936
34.47060
24.18677
29.04403
31.56299
29.69100
32.49957
39.50000
35.00000
38.00000
24.94438
35.64953
39.93606
40.50000
32.96800
37.79183
43.00000
34.02940
20.71232
19.17290
38.32319
30.01111
33.82635
25.96512
25.90152
34.56716
19.81313
20.02967
37.00000
19.65960
33.90510
37.50000
32.31443
16.98529
34.00000
21.29684
28.54626
24.38579
24.45858
37.50000
32.25248
26.61179
32.09707
39.50000
38.00000
40.50000
30.24346
18.42824
23.05428
28.50000
26.43388
23.59025
26.13214
28.39014
21.08459
22.78947
23.76272
25.36114
31.20185
29.32955
30.07029
28.28820
31.03045
26.71246
28.66279
31.15552
40.00000
35.50000
32.35566
26.49882
29.63481
22.15147
38.47366
24.53951
24.57005
31.66524
36.50000
24.91318
24.80297
24.13892
37.00000
28.85981
26.71246
25.22345
36.00000
23.24866
40.00000
34.76588
41.00000
26.24669
38.50000
42.00000
41.50000
32.35566
28.51644
36.00000
34.00000
31.09484
33.00000
25.95295
42.00000
34.23773
37.50000
37.00000
37.00000
35.70559
29.50424
34.00000
35.50000
22.85142
29.60105
26.05163
27.71620
28.75568
30.50000
37.00000
27.01029
25.57342
33.00000
34.50000
29.87753
30.50000
23.42008
23.37734
37.00000
37.50000
30.07029
36.50000
30.53993
30.62679
24.06761
26.88659
25.02998
26.88659
30.94439
23.25269
26.51205
24.20098
38.00000
39.50000
28.57738
25.30316
26.90725
38.00000
35.00000
33.76718
34.50000
38.00000
32.82614
38.00000
30.53959
37.50000
27.53584
36.50000
39.50000
28.19377
35.97530
33.08911
43.00000
39.50000
42.00000
43.00000
42.00000
33.06895
31.56299
34.49960
33.55923
36.91432
34.29610
42.50000
30.56505
29.87753
28.11089
37.50000
35.00000
31.50000
29.06315
29.97777
33.82635
32.00000
37.50000
33.62869
38.00000
38.00000
37.00000
36.00000
38.00000
35.50000
36.50000
29.27266
29.13188
