25.80698
37.74476
24.17988
38.50000
16.90578
39.00000
33.62869
45.00000
44.50000
31.32979
20.42670
43.50000
27.04048
31.27599
46.50000
47.50000
23.02580
21.18224
39.50000
20.73644
21.71837
17.89378
33.55923
25.70019
24.50510
22.01136
16.79762
16.74993
46.50000
15.46771
18.95389
45.00000
19.11805
22.56518
23.84673
29.87753
32.41742
30.15884
23.61261
32.14896
31.41479
29.47315
29.47351
27.22132
18.38478
19.90603
14.92113
16.44688
31.59465
30.81486
31.32979
32.14896
32.78550
28.08321
29.60105
25.84932
17.31589
24.03513
20.53503
39.50000
35.39303
29.87753
20.53182
23.29998
20.76505
24.11546
20.43418
10.91788
22.99275
24.67286
23.21637
23.79542
17.79572
23.94133
29.60105
23.34925
23.24134
30.55630
28.76956
42.50000
27.34387
23.79542
41.50000
30.26916
30.24380
27.10512
34.23773
33.62869
22.82542
31.75252
30.15884
28.75568
26.88659
20.48170
30.21405
26.51205
36.59083
39.50000
31.41479
29.38005
20.06240
18.22773
23.57626
25.22345
29.51083
38.73270
18.64638
28.43707
28.54626
33.06895
44.00000
19.48948
20.56794
28.87136
39.00000
17.16646
33.35666
40.50000
24.95276
16.06736
36.50000
43.50000
23.71049
24.52932
44.50000
17.81853
22.20923
38.50000
44.00000
20.84916
21.08317
34.92214
37.50000
40.50000
41.00000
40.50000
31.09484
26.02403
37.85352
24.76388
33.50000
30.44485
26.54974
37.00000
27.94041
24.74874
32.00000
24.44495
24.63230
26.51205
28.00397
26.41969
23.37734
34.76588
20.30394
25.11349
24.61707
33.00000
23.62599
28.12275
23.27015
25.82029
19.88970
23.61261
24.57005
25.36237
33.82635
33.00000
28.00397
28.94055
25.59080
29.48823
24.83277
23.29998
22.71915
29.13188
31.67894
32.35566
31.09484
29.97777
30.55414
32.14896
22.82542
28.09248
36.17550
27.62044
36.00000
44.50000
37.50000
22.55364
19.45867
31.75252
33.08911
24.08838
21.90525
19.02209
29.31818
30.15884
33.00000
24.34475
26.36641
30.59718
33.53605
29.19225
44.00000
24.68172
43.50000
43.00000
28.40579
28.94055
28.47221
18.10540
21.59282
33.65511
23.75263
25.42090
29.60105
20.49976
17.61313
24.70324
23.25269
29.80306
36.52701
41.50000
31.56299
18.03996
21.68502
29.00958
14.16192
44.50000
30.24346
45.00000
28.43707
24.68172
16.58915
28.47257
21.13646
25.14334
33.61547
19.39716
15.26889
34.12070
28.70540
20.38842
21.76235
15.23942
37.00000
17.46997
22.43184
21.85304
22.64398
30.81486
28.57738
40.50000
24.12986
16.96349
22.06099
21.52179
23.16652
38.50000
43.00000
18.98842
14.29286
30.81486
29.93697
22.49800
21.75287
28.39894
30.53959
38.50000
31.20185
29.22328
30.73543
20.42517
30.07029
20.87313
26.63996
28.94055
26.23399
25.30316
29.95923
26.96757
38.50000
36.50000
28.47221
28.93419
23.84617
35.00000
25.52450
28.26106
37.00000
35.50000
36.50000
30.26916
37.32143
40.00000
29.79933
28.00335
24.06761
42.00000
31.10768
40.50000
36.91432
27.47524
46.50000
23.46572
37.11544
29.87753
10.94557
36.00000
36.05859
36.50000
27.35365
29.48823
33.24990
23.09459
28.57738
14.49784
23.74210
22.63294
28.11089
25.48638
37.00000
21.15420
18.40652
19.11439
35.50000
27.45097
31.50000
19.95464
27.92052
28.50000
26.98148
23.62202
24.27839
27.47271
27.65261
29.40899
34.50000
37.50000
26.16295
31.50000
32.49957
30.21405
26.69582
21.31249
29.50000
28.50000
35.50000
24.89352
37.00000
38.00000
39.50000
30.50000
27.47524
33.08911
34.50000
31.12341
25.49510
28.08321
38.00000
36.50000
27.15797
27.82086
23.95177
24.12468
37.00000
32.22146
21.94311
34.56716
29.47315
31.79448
25.17315
31.03045
27.59869
25.02374
7.03957
22.66468
17.74824
20.70169
10.85541
28.22565
25.17315
25.62984
25.35087
30.34615
32.00000
32.00000
22.29100
18.40000
29.47315
31.00000
21.93741
38.50000
33.15955
40.50000
25.27227
28.11089
19.85346
22.70875
25.17053
19.35846
17.76232
20.77709
29.60105
40.50000
32.41742
23.58363
24.21776
31.32979
41.50000
29.32955
28.44293
26.70557
26.51205
35.50000
34.76588
14.24079
27.02198
46.50000
32.40370
21.88150
15.79367
40.00000
37.24991
20.72572
27.77026
41.50000
34.96983
31.18760
31.41479
21.77522
30.53993
22.32129
16.95170
21.50000
32.13513
23.81570
27.08667
21.85606
27.45097
32.49957
22.43184
33.76718
32.41742
28.39014
23.37065
21.04014
19.75475
32.03123
30.01146
29.42257
33.90510
25.06367
31.16388
28.81297
33.13137
28.76195
30.15884
34.09790
30.68478
28.69233
36.33486
40.50000
29.22328
44.50000
34.23773
27.58170
33.08911
20.89258
24.55380
31.59465
20.86265
33.71778
37.50000
30.53959
32.69047
26.79552
19.21458
34.50000
34.00000
31.50000
32.50000
27.25599
27.71620
30.81486
32.69047
29.97777
35.91038
31.37232
32.00000
36.50000
37.00000
25.12966
37.50000
19.57518
16.14187
27.78889
22.94014
24.43742
23.48276
33.76718
23.69716
25.35035
20.30394
23.97684
36.99550
24.37212
25.82029
27.17842
30.94439
39.50000
27.69815
43.50000
34.00327
33.02524
24.25258
19.37782
30.15884
32.88701
21.14681
17.22643
27.93246
27.01029
25.70344
26.04270
24.27318
31.50000
19.11021
22.51577
25.65463
22.50555
24.35159
19.50641
16.37834
23.93045
26.78723
25.38153
36.12017
40.50000
31.28365
32.03123
34.00000
33.15955
16.70994
35.64953
31.47839
26.84937
22.22251
40.50000
37.50000
30.77337
30.62679
36.00000
41.50000
37.50000
47.00000
43.00000
24.38237
25.19700
37.50000
38.50000
33.29665
21.63844
29.97777
38.50000
41.00000
33.24990
32.14896
29.87753
27.04163
25.02998
27.31300
24.72965
32.00000
35.50000
35.50000
38.00000
38.00000
36.12017
29.06315
27.35365
32.50000
37.50000
28.86499
37.00000
25.15287
26.59300
36.50000
29.13188
15.81645
16.07794
18.79328
19.30512
18.29317
23.02173
19.30389
27.47524
18.98842
26.04270
34.50000
41.50000
22.82542
23.36664
21.63764
13.80328
31.94787
19.81582
22.98309
20.72100
26.53653
13.79085
24.18160
22.10204
31.00000
22.42855
37.50000
28.23451
37.50000
39.50000
39.00000
38.50000
46.00000
36.44478
42.00000
26.04270
41.00000
35.44009
35.64953
20.31010
29.55503
19.60159
17.64051
26.52711
39.50000
23.33854
24.46937
30.34615
23.42008
25.82419
14.15980
37.00000
32.41742
29.78068
25.04995
25.19425
28.24103
20.53503
19.72784
19.07059
21.50907
15.36750
21.40093
23.94133
33.50953
20.12461
26.54556
42.50000
29.04403
20.30394
17.26268
31.96178
27.07859
43.50000
22.64398
26.31856
29.22328
28.57738
22.42209
26.24286
22.29770
18.77998
30.86530
22.68259
43.00000
23.09085
37.38389
22.81858
19.71516
22.21908
31.75252
21.47528
16.96729
21.48255
22.00909
25.92296
24.85067
23.32783
23.13547
27.31300
27.25599
29.69100
36.50000
35.00000
27.35365
20.27215
25.70384
33.08911
24.26288
29.40899
22.74313
15.57691
36.00000
26.70557
22.32011
29.00000
31.67894
21.28820
25.77251
29.47315
24.35544
40.00000
26.73741
36.00000
32.56788
30.81486
35.50587
34.56716
18.89974
27.47158
34.84250
24.27447
29.95923
20.68061
39.50000
38.50000
36.50000
20.52900
42.00000
18.59267
34.56716
30.91206
30.94439
34.50000
22.31054
18.08832
21.52179
16.08377
17.56588
25.16943
35.00000
32.22146
29.60105
31.56299
37.00000
45.00000
40.00000
39.50000
21.85304
19.95551
20.65914
24.08838
16.72124
14.09566
22.56014
26.96757
24.48346
31.00896
21.24853
26.61244
41.50000
28.53458
27.98015
23.21398
38.50000
26.38602
32.00000
41.00000
26.03243
29.60105
31.28365
27.00000
31.00000
32.69047
22.96193
29.47315
18.71470
29.63106
23.90999
40.00000
21.50907
21.93992
35.50000
37.00000
19.00105
20.16532
22.05992
22.49861
22.81447
12.48555
20.85569
9.26763
25.31181
33.53605
35.70559
27.36215
22.45529
22.34390
34.00000
37.50000
32.50000
30.34615
28.12275
22.35710
28.85981
29.40899
23.01652
22.52221
29.50000
39.00000
24.08838
30.81486
40.00000
26.83631
22.30471
39.50000
30.15884
27.34387
27.07859
30.07029
19.81313
18.09309
20.91507
19.55121
18.44560
15.78814
23.29998
21.80023
23.59423
31.50000
25.84999
22.54418
27.07744
32.14896
28.79670
35.50587
39.46588
43.00000
48.50000
35.91038
31.67894
34.92214
23.13547
29.33712
31.94787
19.45989
45.00000
17.97742
30.23243
20.88061
36.34098
29.92073
23.51064
25.09502
32.61901
33.82635
24.61072
27.65261
29.87753
37.50000
23.49468
35.14099
27.84219
19.06495
44.50000
38.50000
22.61084
24.08780
29.93697
23.89561
17.59261
30.26916
26.38602
24.68918
23.45682
28.63019
19.04101
30.73905
23.06919
33.50953
23.29998
22.14159
19.09188
30.53959
15.86947
19.00105
22.36068
20.96282
26.59992
24.17126
22.66176
23.00087
30.90128
34.00000
28.59293
28.39405
22.00545
32.78550
35.91038
23.71049
34.29610
28.41984
35.50000
31.47839
30.47403
20.97236
25.24986
30.73905
35.00000
28.54626
30.50000
28.24103
23.97264
31.50000
25.46021
28.66279
27.01029
22.98309
23.41340
26.50943
27.35365
38.00000
35.17891
33.72767
27.35365
39.00000
20.98065
32.72444
23.87860
24.76388
26.98495
23.49468
26.22380
25.01999
23.37199
19.53049
30.94439
35.64953
21.53509
25.43005
30.65217
28.57738
23.46673
32.78211
37.06151
36.55437
26.89215
20.31625
18.50676
30.17760
35.39303
20.88593
29.02872
27.47726
31.56299
39.00000
29.97777
32.14896
30.00370
27.98015
30.91206
12.24745
23.79542
24.96498
23.93742
41.00000
39.50000
22.22611
24.99000
42.00000
19.57518
32.56788
22.27527
21.94738
33.29665
43.50000
31.75252
38.00000
31.37940
43.00000
29.98750
17.74119
43.50000
24.72965
33.08911
26.70557
32.50000
23.95177
35.50000
26.52711
24.60056
23.21637
24.89352
21.60185
32.14896
26.78723
26.08107
23.44260
38.50000
20.69420
34.76588
35.31131
23.72060
28.74456
18.66815
42.00000
43.50000
34.65384
31.84686
17.94436
26.59992
21.15656
37.00000
29.40899
28.11089
28.50439
42.00000
26.10662
18.60779
26.88659
38.00000
38.00000
33.29665
22.85826
41.50000
30.15884
30.10814
36.80580
31.75252
42.00000
26.49528
28.08321
34.09790
27.22476
42.50000
29.79408
43.00000
46.00000
38.26225
35.31131
37.00000
37.00000
41.50000
41.50000
39.50000
30.91206
42.50000
35.03649
43.50000
22.64398
46.00000
42.00000
31.84686
35.50587
43.50000
29.22708
24.26417
36.59083
18.64955
31.94787
37.00000
22.03996
26.10555
36.12017
27.19477
22.50555
43.50000
22.82981
25.59080
20.77258
38.00000
26.54974
24.90482
44.00000
37.50000
40.00000
39.00000
23.17086
35.97530
45.00000
23.01825
32.49957
26.22380
28.34608
25.25248
36.00000
26.54974
30.34615
29.74335
24.45858
20.32732
25.23391
32.61901
27.47271
24.85067
28.54626
22.69912
36.33486
22.81447
27.92052
22.46108
17.20930
20.11368
31.00000
29.22328
41.00000
28.14583
32.42770
28.54626
23.56242
40.00000
40.50000
34.18577
42.00000
36.50000
11.88949
24.39034
22.41093
32.14896
25.42022
20.14169
29.13188
26.83631
38.50000
40.00000
26.54556
16.35359
19.45867
16.93989
21.20142
25.09095
47.00000
28.35930
35.23571
15.68949
18.44587
33.29665
36.80580
28.34608
45.00000
45.50000
33.62869
44.50000
24.62722
37.50000
34.93804
31.96178
42.00000
45.00000
41.50000
41.00000
34.96983
28.87365
26.55654
44.00000
27.45097
23.59025
23.47102
26.10077
39.50000
25.53742
29.48823
20.87313
26.61244
26.37589
26.27737
39.46588
29.53388
22.81447
29.97777
19.62040
37.00000
10.56199
18.89550
20.51219
30.13673
23.33752
25.85537
16.79762
26.28054
28.24889
44.50000
19.81792
17.31589
39.13509
32.46537
19.64281
31.00896
36.64545
16.18041
27.69815
21.18868
19.78636
22.92379
32.35566
16.07016
16.43168
18.92584
19.95551
36.00000
17.72456
15.36839
32.42770
28.76956
24.73863
22.64705
43.00000
43.50000
23.87860
26.08959
27.47524
14.33039
19.70178
19.36205
41.50000
36.38070
17.61313
43.00000
39.50000
35.97530
43.50000
21.04281
24.21260
12.75304
31.66842
34.18577
19.84156
30.91206
19.61292
20.80264
22.85826
38.00000
21.76787
29.54657
14.22146
16.26516
29.17000
27.54088
11.55162
21.22499
25.93582
13.83618
34.09790
30.91206
36.64545
18.00521
32.29379
37.79183
37.85352
19.29216
38.50000
30.70650
32.78550
24.94438
39.50000
21.38340
16.35359
16.10038
15.88238
15.99023
17.00735
19.52025
23.90607
22.77471
21.22940
22.77471
21.74090
25.73300
21.13764
23.63260
33.29665
19.93991
27.07744
21.83461
19.88090
19.37627
22.48750
36.50000
21.85040
23.36664
33.55923
29.13188
31.75252
24.27447
22.49978
24.58129
38.50000
23.47102
24.41766
32.82614
21.41699
39.50000
39.00000
39.50000
39.00000
23.09882
17.65467
30.73543
20.59709
23.89328
37.50000
25.46566
32.31443
20.72293
41.50000
30.73543
20.93293
29.03769
33.15955
27.17842
23.82226
19.22914
26.42442
23.89037
27.06782
32.50000
25.50000
29.50000
25.97862
37.00000
32.22146
35.50000
29.60105
31.28365
26.24246
21.37025
23.15707
28.08321
23.32857
25.16943
27.25599
18.97861
19.53202
30.94439
37.00000
40.50000
28.28820
25.19300
29.63481
27.01029
20.52706
38.50000
38.50000
34.56716
31.47839
39.50000
43.00000
28.87136
32.56788
23.05428
24.99375
30.21405
26.78969
29.27266
25.48638
17.09503
28.95147
37.58546
24.37704
29.84439
23.13547
25.14458
22.46241
20.45874
25.23391
33.29665
19.56240
21.37025
21.00000
40.00000
34.00000
29.69100
28.00397
37.27674
40.50000
27.47524
35.00000
26.24669
21.43012
29.93697
28.85596
31.67894
26.61244
25.79123
30.15884
29.48823
35.50000
31.41479
33.72767
27.01029
13.95529
21.72300
26.83631
30.26916
35.50000
34.96983
23.35594
40.50000
44.50000
29.55503
35.86394
22.19657
29.17000
29.79933
30.53959
28.24103
34.76588
29.04403
24.80806
35.50000
28.28820
22.92788
35.64953
24.68918
30.09983
20.21138
33.43651
19.79495
35.40559
25.45953
35.00000
24.58997
12.15267
22.70875
20.76505
23.30638
38.00000
30.24380
36.38070
36.50000
35.00000
16.28005
37.50000
38.68965
20.93227
41.50000
30.62679
35.50000
31.00000
30.81396
36.64545
23.31180
34.65384
21.55365
23.66939
33.71778
37.38389
34.56716
37.11544
37.32143
19.63059
25.62591
30.90128
31.84337
28.54626
30.30161
37.85352
25.79244
26.61244
45.00000
31.94092
32.56788
38.00000
29.63106
45.00000
30.86530
29.80306
28.85596
31.94787
26.29045
34.84250
24.66146
29.46608
41.08528
36.00000
33.98039
41.50000
39.00000
34.92214
40.00000
26.15764
27.19477
38.00000
37.50000
25.53742
32.97726
25.18928
28.69233
29.40899
32.82614
39.50000
24.91318
24.09746
22.10769
42.00000
37.50000
26.54556
31.88521
36.50000
25.49510
27.15797
21.45344
22.44994
22.85142
25.39193
35.50587
42.00000
25.95295
40.50000
23.71049
44.00000
22.16303
28.66279
28.39014
23.09882
33.35666
26.59992
37.50000
26.04270
23.66901
32.41742
40.00000
27.21557
25.97475
27.64394
22.56103
25.20417
33.03029
37.00000
35.50587
23.41474
26.71142
38.00000
26.58007
22.54301
40.00000
24.31563
30.34615
20.79062
20.57912
20.44963
24.32463
37.06151
30.40102
28.82273
27.65298
23.78419
25.39193
21.31168
40.50000
23.56242
21.00446
17.97109
26.34862
36.85105
39.00000
35.50000
38.50000
24.44495
38.50000
39.50000
39.50000
26.23399
38.26225
33.82635
36.00000
37.50000
35.50000
35.00000
26.38602
38.50000
20.33470
22.08365
40.00000
25.84932
30.44485
39.00000
32.13513
32.41742
30.34615
25.48638
21.87464
27.45097
35.00000
27.10512
39.00000
36.00000
34.50000
22.22611
23.97684
31.50000
28.57738
23.32783
30.73905
22.77471
22.82953
38.50000
22.50555
26.18564
30.81486
35.00000
23.61261
26.84937
23.79542
31.50000
30.15884
20.22993
33.50000
29.14940
45.50000
25.09980
29.22328
34.50000
27.88369
31.47839
37.50000
34.00000
28.39405
29.12366
29.40899
27.72521
30.00000
26.08040
36.00000
27.65261
29.50000
32.00000
24.91318
33.00000
38.00000
38.00000
30.91206
34.50000
32.50000
29.50000
29.63481
26.41969
20.20891
28.85596
30.21405
38.50000
30.53959
25.78113
27.72484
26.87006
32.56788
30.34615
28.47221
32.88701
27.02314
23.20560
35.64953
26.31856
33.00000
33.00000
35.50000
31.00000
35.50000
39.50000
28.47221
38.00000
26.74883
25.38085
36.24914
30.07029
22.74863
27.72484
29.60105
29.13188
27.19477
26.08107
20.84916
26.47168
36.64545
32.31443
36.50000
33.00000
29.06315
28.19377
23.93742
30.34615
32.42770
27.21557
40.00000
36.00000
24.25329
34.23773
34.50000
39.00000
35.50000
32.69047
42.00000
23.24866
19.76107
24.92990
37.00000
37.02552
34.23773
42.00000
29.31818
29.52435
29.22328
37.50000
45.50000
43.50000
33.50953
27.94079
31.67894
30.56505
23.54119
17.88311
28.39405
28.64728
25.06492
43.50000
25.32168
32.56105
37.72120
37.50000
23.72060
22.02839
24.85961
24.70197
17.44993
22.85826
38.00000
23.16652
28.54626
31.49603
38.00000
28.85596
40.00000
45.00000
44.50000
35.39303
22.86190
22.27527
25.30261
18.99177
19.32615
17.40575
33.43651
31.37940
25.00000
18.83189
20.70169
17.27233
29.80306
24.63103
21.22940
27.53520
33.50000
30.26916
28.07468
33.55923
29.80247
32.13513
19.12296
36.64545
45.50000
23.41474
32.78211
31.16979
18.77998
39.00000
23.84673
21.73131
27.42604
44.00000
38.00000
40.50000
41.00000
22.88134
30.26916
39.50000
36.50000
33.15955
23.35594
27.45097
30.53959
37.11544
24.21260
37.50000
25.95295
22.60946
25.39193
32.09707
13.17826
24.00463
25.03775
22.26404
38.00000
24.71167
31.20897
20.23748
20.03885
28.24889
27.98015
30.03644
23.03666
29.04403
27.19477
38.50000
30.24346
29.78068
33.29665
22.40536
23.09085
22.22611
25.95295
23.75336
33.08911
37.50000
28.70540
42.00000
40.00000
41.50000
36.50000
19.24162
23.73815
30.47403
30.44485
21.87893
21.76436
22.84048
23.37734
40.00000
23.58363
37.00000
27.77689
21.50581
18.85471
21.81192
24.84326
27.38042
34.29286
32.13513
37.00000
36.50000
38.50000
27.39018
32.69047
33.08911
22.07232
25.24986
18.26712
16.97793
21.32041
23.46274
40.00000
41.00000
17.94436
37.79183
16.41138
17.73943
30.33459
34.29610
23.77367
21.79358
43.50000
23.71497
28.18133
21.93627
38.66379
13.82530
24.95371
22.81754
21.22499
31.32979
30.91206
24.99778
21.91318
24.09703
22.88134
19.14419
19.20286
11.71537
20.28201
15.66652
17.49286
19.26136
13.84036
7.95822
21.01190
16.09472
30.50000
26.22518
29.80306
22.30471
24.68805
28.91799
31.03045
33.82635
36.17550
31.83639
33.63860
28.64728
33.82635
37.00000
16.72386
18.88280
33.06895
20.83651
19.92586
19.72027
28.00000
22.23736
25.78113
34.50000
24.00463
22.16980
19.49769
20.29008
27.18251
17.18139
23.06919
32.82614
26.05163
39.63164
33.32792
32.89377
22.04178
31.84686
20.51341
21.52905
22.04966
27.31300
22.32011
30.59412
14.89418
19.55121
18.83849
29.50000
24.07396
21.40093
27.72484
25.92296
41.00000
27.01029
30.09983
31.47839
39.00000
38.50000
37.50000
30.56505
22.92788
30.34615
33.82635
19.66596
20.07953
36.00000
26.41128
23.69304
37.50000
23.98307
20.99206
21.17044
21.00000
26.08959
36.59083
25.17053
46.50000
35.03649
33.18969
35.86394
41.50000
28.95255
38.50000
21.27596
32.41742
36.17550
32.53716
20.92845
24.13892
29.47315
24.45858
22.98309
16.92631
30.13673
29.48823
26.39865
26.19160
28.24103
34.70831
37.74770
22.87466
41.00000
42.00000
36.17550
28.52290
41.50000
31.75252
43.00000
37.06151
43.50000
33.95422
35.64953
39.00000
34.29610
29.51083
