34.29610
26.32489
29.24359
16.65083
24.79695
14.97498
24.84452
34.56716
26.28093
39.00000
22.41093
24.58093
17.36915
43.50000
19.78636
44.00000
16.52150
15.98958
25.94706
19.60070
17.19011
46.50000
18.80307
17.97331
23.28626
13.97319
25.78153
44.00000
25.31139
38.00000
15.20000
13.78985
37.00000
30.53959
42.50000
34.00000
34.29610
43.50000
20.60744
20.88593
20.74180
44.50000
43.50000
34.76588
33.71778
20.92098
35.23571
17.67937
21.64871
24.66146
40.00000
18.08832
20.43135
31.88521
21.48384
36.38070
33.50953
38.00000
33.53605
17.56815
19.11151
12.14839
17.39971
18.03296
23.95177
19.05748
9.76458
15.65443
21.81742
42.00000
32.72444
34.00327
47.50000
15.49968
27.53180
22.86190
29.13188
25.15287
39.50000
39.00000
32.72444
32.00000
41.00000
39.50000
34.96983
24.80297
19.35685
31.28365
29.17512
27.32215
26.72078
24.23551
24.34132
36.00000
23.32857
23.79542
26.09957
27.93246
18.15489
25.73422
25.53919
29.00000
34.50000
21.66923
19.14785
21.63844
28.50767
18.86160
41.00000
32.09707
41.50000
21.82888
21.10687
22.15147
24.09357
26.47995
25.08984
19.84156
25.24986
29.48823
32.31443
21.07700
43.00000
26.15764
40.50000
29.97777
22.10628
22.79666
23.42008
37.00000
30.86530
20.53047
23.09882
29.87753
26.54556
23.50532
22.30595
21.51017
21.10687
23.01207
23.15707
22.10581
23.98958
14.32655
22.57334
35.17891
38.50000
33.55923
26.27737
33.90510
37.79183
29.69100
24.53569
32.00000
37.50000
40.50000
27.19477
20.69269
32.72444
34.65384
26.45161
35.59026
23.15707
28.70540
35.44009
25.27227
21.37025
23.62673
24.22579
20.42939
21.64486
23.17731
21.76133
23.59025
24.49943
12.99252
28.63019
16.13196
19.77878
25.24986
37.00000
21.20273
17.44276
30.01146
20.15341
18.59884
30.72820
29.48823
26.55654
27.43173
28.09804
29.47315
34.58645
18.61955
30.26916
18.98025
25.97475
27.28553
32.82614
27.77689
21.92031
30.86530
29.06028
29.72688
38.00000
25.48638
20.03885
37.50000
30.47403
26.41377
33.00000
36.00000
32.50000
38.00000
23.66901
22.10769
32.31443
39.50000
34.02940
24.25329
33.50000
22.52899
31.50000
37.00000
32.56788
37.50000
33.00000
32.14896
24.92870
34.00000
29.13188
24.71167
25.61683
26.73741
29.70971
25.36114
21.35855
21.66795
41.00000
41.50000
33.08911
27.36786
34.92214
32.49957
28.19377
38.50000
35.91038
25.07364
33.98039
12.85924
26.12829
38.66379
33.71778
19.74050
24.26245
28.75568
22.06556
12.27355
12.67123
23.82226
27.00000
25.30261
26.08959
31.09484
18.62686
24.57005
34.66987
22.25668
25.71964
30.55414
34.49960
10.82532
24.68918
11.22126
22.42209
25.73300
21.00446
10.81850
15.51773
35.23571
27.94709
34.76588
28.43413
34.50000
22.18530
22.24770
45.00000
27.88369
19.44704
22.41651
18.77942
23.20964
31.16979
26.23399
19.36976
29.94810
28.70927
28.87136
28.00397
36.50000
33.00000
26.18564
29.48823
35.70559
37.50000
34.50000
36.50000
21.64871
29.06028
17.86169
36.12017
32.60198
31.75252
27.77026
28.57738
22.65364
22.92788
22.45551
29.51083
25.61683
22.69116
30.07029
25.46021
23.76447
21.31168
26.71246
23.24193
24.68918
26.54556
25.89764
29.17000
31.09484
30.44485
36.00000
26.22380
33.82635
21.08459
28.39014
38.00000
33.08911
33.55923
30.15884
41.00000
30.53959
39.00000
31.47839
29.80306
31.47839
20.02967
24.62722
25.08984
32.14896
27.62044
32.14896
38.50000
26.73741
35.00000
22.41093
32.50000
31.50000
22.34390
25.49510
40.00000
38.50000
35.00000
23.45741
27.37590
35.83605
36.50000
32.35566
21.25088
33.35666
28.28820
27.53634
26.73325
21.67026
32.82614
31.28365
33.43651
27.94041
32.00000
25.31578
35.50587
19.14909
27.13393
15.41104
33.06895
21.75287
22.33131
26.23452
24.11307
27.15120
22.41963
30.94439
39.00000
29.40557
20.57766
24.49872
35.40559
19.28108
16.69731
37.06151
19.48860
35.97530
36.80580
34.29610
43.00000
25.19300
30.56505
21.75287
37.32143
24.73863
20.01599
25.56731
34.96983
19.20286
25.61683
23.01207
19.57518
24.85067
30.00000
22.63294
22.52082
34.50000
22.96193
19.40103
24.32463
31.00896
18.69993
21.13498
15.38465
23.79542
35.00000
36.12017
39.00000
21.68381
31.94787
32.60198
30.62679
21.20142
37.50000
29.51083
29.31818
19.20286
28.54626
17.65220
21.99290
26.01442
24.96498
40.50000
41.00000
42.50000
39.50000
33.90510
33.55923
30.97176
45.00000
37.50000
38.50000
34.29610
39.00000
16.52876
18.62901
21.92411
20.11685
35.14099
22.32711
35.44009
19.08507
24.23195
23.88907
23.20964
31.15552
21.98153
18.23001
23.09085
30.53959
43.00000
22.06099
26.83696
30.34615
29.00958
35.91038
28.87136
29.00958
39.50000
24.52932
18.51351
34.18577
18.72538
21.99636
18.51918
21.98295
30.09983
29.33712
20.69420
21.98545
25.48038
26.83696
20.96664
13.38058
27.78889
37.50000
19.14576
31.09484
20.62159
31.84686
35.70559
24.53569
25.70344
20.94487
27.62044
27.94973
25.95295
33.71778
31.84686
16.80774
18.71330
28.15138
18.83315
15.76832
30.68478
16.31441
26.61244
31.02687
44.50000
18.38042
21.49046
34.75949
24.80423
22.52082
30.15884
20.36271
41.50000
38.50000
33.76718
32.31443
31.28365
41.00000
20.94487
34.37376
26.59992
24.01432
19.78282
17.28583
19.25487
22.36627
21.36726
25.04371
22.21908
22.19234
25.84932
12.61943
14.23517
26.76752
22.56103
17.33205
25.48638
20.91650
18.94070
18.85968
17.87456
20.35927
19.95464
22.53192
32.10746
40.00000
34.65384
42.50000
42.00000
19.12296
33.29665
25.83710
26.05283
25.67022
38.32319
36.17550
31.09484
43.50000
45.00000
38.68965
14.05133
29.17000
44.50000
19.40844
38.00000
16.81331
33.98039
19.70336
25.92296
39.00000
30.44485
41.00000
24.22579
27.46816
31.56299
24.11431
35.39303
30.91206
25.42022
31.20897
29.93697
21.50721
27.82086
32.14896
29.22328
28.39014
38.47366
31.84337
29.42257
35.59026
37.00000
26.71142
28.19377
22.51111
24.76388
31.67894
36.50000
30.94439
30.50000
36.50000
39.50000
29.79933
35.00000
31.62629
32.41742
34.29610
28.87365
23.37734
33.06895
35.64953
40.00000
42.50000
40.50000
45.00000
34.65384
40.50000
37.00000
20.82200
20.66851
40.50000
40.50000
22.29910
29.22328
28.99138
19.18333
20.33126
11.83216
27.19477
24.27318
22.52221
21.47528
20.50610
23.15167
36.00000
30.00000
25.79244
37.50000
35.44009
26.96757
23.08593
36.33486
20.06379
25.92658
17.72005
38.05552
36.00000
15.97307
16.45278
42.50000
23.85896
31.84686
31.79448
18.09005
37.79183
32.25937
26.89796
35.17891
17.82134
27.33130
33.76718
16.00586
32.31443
25.55753
22.45489
26.84937
20.58367
32.35566
30.07029
43.00000
36.50000
41.00000
28.54626
22.64509
21.86893
22.84048
27.64457
21.13498
20.27776
28.01227
28.66279
20.40067
27.62044
21.87893
38.50000
30.15884
24.20098
27.65261
26.41969
25.73300
21.64486
44.50000
28.57738
34.29610
23.17086
18.49324
15.93236
32.56788
25.46021
21.56386
22.37558
33.50000
35.44009
28.57738
27.53634
25.84999
22.85142
27.15120
25.42022
33.53605
26.88659
24.21260
26.08107
32.41742
25.61616
34.76588
28.12917
19.03050
21.06389
19.27278
32.14421
23.90607
35.31131
21.13646
20.90903
33.00000
22.84048
34.76588
19.94593
23.79469
23.12055
31.28365
40.50000
22.42518
33.62869
25.90729
22.48456
25.78113
30.56505
27.00347
22.00568
29.12366
23.71181
19.81313
29.60105
23.84717
26.61179
29.13188
32.88701
37.06151
18.35865
28.51644
29.51083
35.50000
26.13214
31.37232
29.94810
21.52324
36.50000
24.15963
21.68525
27.66315
35.64953
25.09357
29.93697
25.62984
34.09790
28.47221
19.68643
29.00958
35.03649
13.38058
32.88701
22.25668
20.40196
22.19234
25.18308
28.50767
40.00000
40.00000
25.31578
28.59293
35.50000
38.50000
29.69100
39.00000
35.64953
19.78282
27.35365
17.64540
23.33988
32.50000
28.85981
26.71246
43.00000
27.78889
27.45337
22.97825
27.92052
24.76388
27.64507
26.51768
24.39775
28.56024
29.60105
42.00000
33.08911
31.47839
20.90903
31.94787
33.08911
38.50000
40.50000
40.00000
35.00000
34.00000
19.68643
17.34034
25.75243
23.97684
29.51083
40.00000
36.50000
29.51083
22.38722
33.71778
34.23773
37.50000
26.85493
29.40899
42.50000
39.50000
40.00000
33.55923
39.50000
45.50000
34.76588
31.00896
27.90497
33.29665
27.53180
35.00000
37.00000
24.30021
28.24103
39.50000
42.50000
24.45858
27.35365
25.31139
25.11349
27.98015
29.00958
27.06782
37.79183
29.78068
34.76588
34.02940
25.31139
27.15797
26.47011
26.23399
24.87971
29.22649
31.84686
32.96800
37.50000
12.23578
22.02272
23.29163
29.97777
26.69582
18.08832
27.17842
32.89377
34.37376
36.00000
35.50000
36.50000
39.00000
18.77998
31.84686
28.94055
25.62226
30.26916
36.50000
39.50000
31.50000
30.47403
22.18530
30.24346
28.43707
37.53221
29.79408
24.34475
23.03801
30.73543
21.36586
23.97684
18.78534
36.59083
41.00000
39.00000
22.91697
42.50000
34.76588
37.50000
40.50000
39.00000
39.50000
32.61901
26.59992
27.77689
28.57738
28.75568
29.60105
15.23770
19.51068
34.70831
25.03775
28.33137
35.97530
38.50000
21.39363
24.64117
23.62599
29.13188
28.33174
21.89064
28.33137
27.86076
24.15574
25.48638
26.54556
39.00000
22.30595
19.36976
21.78732
37.06151
39.50000
23.03620
26.71246
38.50000
45.00000
35.03649
34.09790
26.72078
34.29610
28.87136
23.76272
31.00000
37.50000
33.82635
27.36215
30.34615
37.00000
29.95923
28.39014
24.79695
24.36300
22.07232
25.31139
33.50000
25.11349
32.82614
27.62044
21.67227
22.30471
27.78889
25.31578
32.50000
29.00000
30.26916
31.45135
24.36186
22.95103
31.75252
22.64398
35.91038
26.41969
36.80580
32.00000
25.53919
23.46673
28.08321
14.64013
23.84324
28.59293
28.39014
27.38955
35.00000
32.50000
37.50000
23.71049
27.15120
26.84937
38.50000
23.64847
22.52221
25.62984
25.18928
24.07670
27.75225
26.91073
24.23324
28.28820
29.87753
23.76272
29.40899
38.00000
28.54626
19.26785
23.45608
24.91318
35.00000
26.51886
24.53569
14.25439
34.76588
18.74033
33.00000
23.82226
32.49957
39.00000
27.98015
29.01724
31.20185
30.86530
41.00000
27.17842
24.38237
28.47221
29.69100
20.54653
31.09484
21.51162
22.83759
30.62679
21.55806
31.79448
29.55597
24.47366
41.50000
16.95406
19.65324
22.43747
35.50000
35.00000
27.29469
31.67894
32.56788
38.50000
29.85381
44.00000
37.00000
31.10768
35.00000
31.84686
38.00000
27.82086
28.28820
13.29474
39.00000
42.50000
42.50000
45.00000
29.06315
31.00000
41.50000
43.50000
37.50000
43.00000
30.44485
25.59663
15.17103
27.47120
26.91073
30.44485
24.33490
28.94055
29.06315
25.19700
20.24451
26.50943
36.50000
29.63481
31.94787
33.08911
39.50000
30.56550
35.17891
31.37232
34.00000
27.92052
29.48729
24.85067
19.25325
24.22579
23.33809
31.75252
24.01432
24.31435
26.27737
39.50000
18.98842
39.00000
42.50000
42.50000
43.50000
44.00000
35.70559
34.76588
22.09434
37.53221
28.31176
43.00000
35.12201
42.50000
31.94787
39.00000
34.50000
32.35566
14.13365
27.35365
37.00000
36.50000
32.22146
35.00000
40.50000
34.02940
29.18904
17.62022
26.54556
25.19300
29.40899
19.60230
25.77251
24.41311
24.27318
29.47315
28.31409
28.43413
29.60105
25.65151
25.81182
31.79448
40.50000
30.23553
27.62044
30.34615
32.31443
29.69100
41.50000
39.00000
38.50000
29.17000
40.50000
36.00000
25.12966
20.57507
37.00000
40.50000
28.61818
19.25201
29.81191
19.25325
29.12366
29.24466
22.73076
31.28365
31.67894
34.00000
24.34475
23.69716
40.00000
27.35365
29.79933
38.00292
30.09983
31.37232
24.60804
31.15552
22.95406
22.50555
22.44994
20.35927
21.55806
19.96716
21.51017
22.33131
26.23399
27.19477
23.28492
28.59293
21.15089
25.23391
24.74242
24.20098
25.72072
22.88422
18.52134
21.21762
37.50000
24.44495
28.66279
38.50000
34.50000
33.82635
31.56299
36.50000
30.50000
26.54556
35.17891
36.50000
33.76718
36.00000
39.50000
30.07029
26.87006
29.67977
30.40102
29.63481
28.70540
34.96983
32.00000
41.00000
32.28293
34.09790
41.50000
26.72078
33.98039
31.20897
32.31443
13.95305
32.69047
20.41176
17.74711
24.95774
37.50000
40.00000
18.45772
20.94487
47.00000
38.52560
46.50000
46.50000
31.49603
24.78911
42.50000
20.74247
18.18131
20.65188
27.01273
19.69162
23.35466
21.41699
42.50000
36.50000
32.61901
42.00000
41.00000
40.00000
40.35674
18.31666
19.48557
28.39405
20.67742
19.55761
20.10441
13.76372
33.50000
23.99349
25.43005
30.03644
32.96800
24.55380
16.21385
14.10815
30.00000
30.09983
24.36570
25.50817
23.83799
28.70540
30.15884
22.49089
27.74086
25.48638
28.11089
25.74272
24.56624
37.00000
23.50931
42.00000
22.20783
23.59025
21.85406
21.44388
18.80000
26.04270
25.71964
25.93582
42.00000
23.97684
24.65766
24.09703
17.53169
21.61452
22.24157
32.82614
18.71470
30.62679
25.45953
28.31176
26.39129
28.87365
23.58495
21.89064
31.20897
19.76259
30.00370
25.70019
34.47060
46.50000
45.00000
24.08780
16.55861
22.85142
29.32955
24.58997
11.60577
26.59300
31.75197
37.85352
20.25241
8.76388
11.40997
9.77667
13.21514
36.59083
19.64077
23.32857
30.35107
25.36840
24.52550
42.00000
27.08423
39.00000
37.74770
20.59733
27.08321
27.43882
30.55414
24.09357
23.76047
27.36786
16.91153
18.22601
26.23399
21.31168
20.12927
23.09882
28.00397
22.96193
32.00000
30.07029
21.04014
21.99290
22.04904
20.37615
18.93779
28.75568
22.22611
30.94439
29.07211
29.01724
25.61683
29.13188
28.28820
34.50000
27.64457
29.69100
26.83631
29.30444
29.13188
24.03513
25.08984
26.29045
27.69815
37.00000
26.71246
21.66923
22.07232
18.22773
38.50000
40.00000
22.72114
31.67894
23.74210
29.40899
32.09707
32.88701
31.37940
31.99512
25.82419
33.72767
30.15884
35.97530
29.60105
37.00000
34.00000
33.35666
34.02940
36.30733
34.49960
23.71049
16.22412
13.66336
41.00000
27.08423
13.75500
28.69233
44.00000
46.00000
16.14582
37.27674
16.17676
39.00000
36.44478
28.12917
34.65384
20.48805
28.77885
39.50000
32.31443
19.39072
15.02797
28.95147
21.25294
21.57979
23.28492
30.94439
27.79726
21.00000
15.41712
25.61250
36.00000
31.94787
35.33648
20.20495
33.76718
19.52844
23.22176
22.00545
18.62257
23.18405
44.00000
22.89454
22.64260
46.00000
35.40559
19.18958
24.79415
32.41742
15.78100
29.32895
23.44014
24.55380
27.82485
23.27015
26.98148
23.47102
24.08780
29.40899
38.00000
33.29665
20.52285
19.94994
31.28365
21.25465
28.47221
38.50000
21.17192
29.33712
36.00000
41.50000
46.00000
29.93697
33.82635
33.00000
25.24381
35.97530
20.32701
25.02998
23.15647
20.26543
34.70831
27.82984
25.96512
12.65899
12.56981
20.42670
24.04553
30.92284
23.09085
32.14896
10.78064
29.51083
20.52438
22.55364
28.89961
32.14896
25.48638
38.00292
24.85961
32.56105
37.79183
41.00000
22.05045
33.24990
29.24466
35.91038
37.50000
37.50000
39.00000
42.00000
38.50000
25.77251
34.23773
37.50000
36.00000
40.00000
39.00000
34.49960
37.00000
43.50000
40.00000
22.09575
30.53959
28.40579
38.91015
32.88701
16.90444
31.96178
23.04886
40.50000
40.00000
30.73543
22.06556
40.00000
35.40559
40.00000
34.76588
37.27674
40.00000
40.50000
39.50000
36.50000
24.50510
20.22838
37.06151
34.50000
33.50000
29.69100
34.50000
32.00000
41.50000
27.47524
28.56960
42.50000
38.00000
34.23773
21.50581
35.39303
29.69100
34.37376
34.00000
36.00000
23.98958
36.50000
38.00000
33.50000
33.50000
42.50000
41.00000
39.50000
39.00000
27.19375
21.91318
25.39193
27.17842
23.93742
32.56788
35.50587
39.50000
24.45858
39.50000
35.64953
25.30261
25.92296
22.67157
42.50000
31.20185
26.08959
24.45858
30.94439
23.21398
40.50000
30.34615
28.40579
28.19377
32.78550
31.28365
32.69047
33.50000
26.52711
28.39014
39.00000
33.02524
35.64953
33.35666
30.53959
38.00000
33.00000
34.50000
31.47839
38.00000
30.34615
37.00000
23.41340
38.00000
35.31131
33.55923
40.00000
23.79075
35.44009
20.85399
36.00000
29.51083
23.79542
20.41786
19.15434
19.64688
36.00000
35.50000
24.26288
26.50943
32.50000
27.46816
34.29610
26.12829
37.00000
34.96983
20.88593
21.31103
26.08107
23.41415
25.13961
23.47102
25.83710
33.15955
19.08298
31.28365
27.45097
19.66316
40.00000
19.44865
20.82517
25.93582
18.47126
38.00000
26.47011
22.86190
37.53221
25.46894
35.50000
36.00000
26.23399
35.00000
19.09188
15.36750
19.56936
25.33155
35.17891
28.69233
31.32979
44.00000
38.00000
18.72966
19.67867
21.33512
28.71737
17.51571
30.72820
43.00000
19.30803
28.24103
43.50000
16.35115
23.97684
31.75252
37.50000
17.93197
27.78889
37.11544
23.86813
44.00000
25.46894
19.94994
23.09085
23.58363
21.16223
19.78004
29.37261
23.84450
26.42442
19.35685
20.67742
23.61261
12.64278
22.56518
32.41742
18.38042
18.69331
25.84999
28.33174
19.34554
18.61827
22.00505
34.02940
40.50000
35.00000
30.91206
34.50000
25.79123
28.57738
20.07209
34.92214
18.75056
44.00000
24.05203
20.76505
24.46426
31.75252
20.32701
36.91432
20.65333
27.93246
18.09530
22.51419
28.89444
16.33891
18.99342
19.37421
37.50000
31.49603
41.00000
26.54974
40.00000
28.70540
33.53605
32.60198
40.50000
27.93246
23.81701
21.87893
24.05203
18.17889
25.83710
23.09882
25.78113
31.00896
20.99206
21.66923
11.09955
12.35152
36.17550
24.89352
37.50000
28.87136
12.36123
12.51666
28.40579
30.40102
31.66842
34.00327
16.02147
34.02940
34.96983
26.91138
19.83683
23.54782
29.04630
29.69100
29.80306
28.65637
25.24876
44.00000
24.61072
44.50000
27.31300
44.00000
39.63164
29.10136
25.15287
39.50000
27.98015
17.29704
27.79726
31.37940
22.44994
33.90510
21.75431
24.96498
35.50000
30.65217
21.85606
14.66151
24.17988
36.00000
32.31443
27.68009
31.94787
39.00000
36.08324
33.03870
19.86832
18.60779
22.60285
23.21398
23.55136
19.66596
19.49974
19.03260
33.98039
22.35369
24.58093
24.94438
20.67269
29.04403
33.55923
24.07396
24.79695
36.50000
33.71778
40.50000
28.19131
25.00000
22.09497
30.26916
30.00000
29.70971
36.00000
24.93366
26.13214
31.56299
22.84048
27.72484
24.38237
29.00000
24.68299
24.46426
24.22292
20.44113
22.56014
20.01718
20.36541
26.51205
17.82134
11.01136
11.20516
22.15852
12.47748
25.24986
26.05163
31.84686
27.88369
44.00000
42.50000
18.69117
19.14419
38.19249
24.80297
33.43651
27.04972
19.81313
16.81190
29.13188
20.14944
34.96983
31.16979
18.17278
34.23773
16.31717
27.91505
28.19377
17.59261
16.70928
28.44293
24.68918
30.94439
22.64705
38.00000
21.59074
25.69411
41.00000
12.10620
17.35655
20.71232
23.27135
17.74711
28.85596
31.20897
16.88750
28.11089
38.00292
19.26623
31.67894
29.40899
29.53341
8.03465
20.86145
28.70540
15.67442
15.13275
15.74039
24.25329
18.17031
27.35365
17.45530
29.47315
17.49821
12.29837
28.85596
43.50000
17.97742
28.75568
15.69943
32.00000
31.00000
31.00000
25.57342
29.69100
30.53959
28.11089
34.50000
18.58386
11.95659
25.56365
20.45092
23.06919
20.61456
23.28492
22.54378
25.32291
27.25599
26.93047
25.92658
22.59840
28.66279
24.01432
24.07670
29.63106
35.31131
38.00000
35.00000
35.00000
41.00000
42.00000
22.94559
31.00896
24.14022
18.01777
27.26720
23.17086
23.72003
25.19300
19.86832
28.66279
23.28492
