46.00000
48.00000
44.50000
41.00000
28.56960
24.11546
20.17149
31.01612
23.03666
46.50000
31.47839
27.69815
25.26237
30.01111
45.00000
20.40588
24.31435
41.00000
14.39618
16.02342
18.29754
16.48653
20.76505
18.65978
19.02630
22.20923
13.72589
19.91231
22.73076
21.48384
10.96175
29.47315
31.37940
43.50000
29.80306
27.24427
26.97221
40.00000
38.50000
22.62051
28.57738
28.70540
27.75225
30.91206
22.09638
28.54626
21.51017
18.14219
23.50931
26.31896
38.50000
39.00000
39.50000
37.50000
41.50000
29.97777
30.26916
30.86530
37.72120
33.02861
41.00000
34.50000
23.62202
26.24881
27.06782
29.63481
27.01029
32.00000
32.14896
34.50000
30.07029
25.18308
21.54066
20.15409
32.22146
31.67894
25.66491
21.02950
24.09746
25.22276
24.16997
28.44293
24.01432
29.95413
21.04661
24.04553
26.54556
29.79933
32.50000
21.53509
31.16388
43.50000
27.93246
40.00000
42.00000
34.93804
32.69047
18.25815
41.00000
20.25438
24.27447
27.22132
20.05461
21.13197
30.48360
31.00000
30.26916
18.64638
18.11997
24.89352
22.53353
24.01041
26.96757
26.98148
34.50000
28.80201
27.50000
23.50886
32.00000
31.50000
32.50000
33.00000
24.91318
36.50000
25.30316
31.56299
33.08911
32.13513
39.00000
28.75568
29.32955
34.50000
26.41128
25.36114
29.24466
32.00000
30.44485
29.04403
33.00000
31.67894
31.47839
30.26916
36.00000
32.00000
35.50000
26.54974
23.05125
43.00000
24.12468
25.77251
22.10204
24.84452
27.18251
37.00000
34.50000
31.00000
24.25258
31.00000
36.00000
31.94787
28.66279
33.00000
39.00000
29.40899
25.84999
27.01029
27.53584
31.50000
31.47839
34.50000
33.00000
34.50000
34.02940
32.50000
41.00000
35.39303
24.76388
36.00000
27.92052
25.48638
32.00000
25.11349
32.00000
21.01190
31.41479
24.38579
21.01190
26.19160
22.29770
28.43707
25.01999
30.94439
43.00000
33.43651
36.50000
40.50000
36.00000
37.00000
38.50000
23.78419
40.00000
41.00000
35.44009
39.00000
14.38363
26.78723
24.33490
13.92839
16.67999
27.19477
32.09707
17.69887
30.30161
42.00000
40.00000
29.79933
24.92990
19.73716
36.44478
22.99275
20.37768
22.66176
21.17192
23.69716
38.50000
41.50000
40.50000
21.65733
27.33130
31.47839
31.56299
35.00000
35.61211
30.50000
37.50000
41.50000
29.44805
28.11089
29.78068
26.93859
21.32340
31.56299
30.24346
19.00105
36.50000
33.00000
26.59992
35.00000
37.00000
29.17000
34.50000
36.64545
31.47839
23.87860
33.50000
31.00896
35.50000
21.04014
22.10769
21.16979
35.00000
28.14694
41.00000
24.60056
35.44009
36.50000
28.87136
28.54626
33.15955
28.31176
39.00000
42.00000
36.00000
37.50000
31.84686
31.94787
34.50000
37.79183
23.42307
30.07029
23.21398
39.50000
25.65151
11.82540
26.94851
14.82430
18.95389
17.85182
23.56905
23.03666
19.37008
38.00000
32.41742
21.64919
40.00000
36.50000
20.94636
22.00568
28.56960
31.79448
34.45125
33.15955
21.92459
22.53531
35.44009
35.23571
45.50000
18.15730
31.75252
21.47528
20.44963
22.56657
25.66450
29.32955
24.44495
19.08298
31.62629
33.29665
27.90497
31.37940
22.66054
25.32168
34.70831
32.14896
42.50000
32.88701
38.50000
33.15955
31.88521
26.08959
33.26785
28.24103
26.38602
21.13386
43.00000
29.80306
24.25696
28.97171
33.00000
26.51205
35.00000
37.00000
36.00000
29.53341
28.04461
32.69047
43.00000
25.75243
30.38503
18.11595
42.50000
20.32240
24.23955
22.52082
24.21260
40.50000
31.94787
30.44485
40.00000
35.17891
26.53653
23.41415
40.35674
20.93293
35.86394
29.05168
16.80939
40.50000
42.00000
34.00000
27.35365
39.50000
39.00000
29.13188
32.61901
36.50000
34.02940
37.38389
42.50000
37.50000
32.35566
32.35566
37.38389
31.94787
34.49960
39.50000
33.08911
36.59083
23.71181
30.43025
27.88369
36.85105
29.26175
40.00000
36.30733
30.44485
31.75252
29.98646
27.13393
41.00000
21.11871
41.50000
45.50000
42.50000
32.49957
43.00000
37.00000
27.25599
24.27318
28.11089
25.27350
29.69322
31.50000
25.42145
30.43025
33.00000
23.93045
31.20185
38.50000
25.48038
39.50000
38.50000
36.50000
30.47403
35.00000
19.61859
17.90419
22.01136
28.39405
20.98809
33.24990
24.04553
18.74673
42.00000
26.31856
23.63657
25.03775
20.18316
22.26404
39.00000
29.34706
29.40899
36.00000
27.92052
29.69100
45.00000
33.90510
26.71142
27.06782
29.47315
30.91206
33.82635
40.00000
24.38237
25.42145
29.81051
24.48852
39.16064
29.69100
27.31300
27.77689
26.09957
27.17881
25.08984
29.22328
28.40579
34.76588
41.00000
39.00000
26.59992
34.50000
26.51205
32.56788
34.70831
33.50000
23.62202
33.50000
22.38750
21.05802
31.20185
32.41742
25.26856
38.00000
41.50000
40.50000
39.00000
40.00000
39.50000
26.08107
23.98437
26.38602
27.13393
22.99321
33.29665
25.43005
41.00000
31.75252
41.50000
33.62869
40.50000
40.00000
34.56716
33.24990
16.72988
27.40235
27.77689
19.27693
27.39868
30.62679
20.64364
19.76866
30.19106
32.40370
17.57128
19.62040
30.00370
25.19700
24.22163
24.32612
17.27956
20.08980
33.33000
24.56624
25.92296
20.45116
29.80306
20.57912
19.12604
28.26106
32.41742
26.96757
32.35566
27.35365
23.27015
26.91073
26.78723
27.72484
26.35811
25.49980
20.41176
26.91963
34.50000
24.75253
25.01375
27.64457
41.00000
35.00000
38.00000
31.56299
34.50000
31.00896
27.65261
39.00000
22.64705
32.96800
17.70828
27.36215
35.00000
33.82635
32.22146
31.96873
27.62044
29.69100
21.31168
25.62984
24.38237
30.21405
24.60056
30.53959
26.08959
23.78024
41.50000
26.61244
40.00000
28.24889
43.50000
41.00000
41.00000
33.62869
40.50000
37.50000
30.46720
34.29610
29.53341
30.07029
36.50000
33.08911
29.40899
30.34615
31.20185
38.50000
39.50000
39.00000
37.00000
37.00000
32.88701
26.84937
34.23773
34.49960
33.08911
35.59026
31.09484
27.01029
30.70650
32.14896
32.69047
38.00000
36.50000
30.07029
34.50000
22.42518
28.59293
31.41479
26.03243
31.50000
33.00000
19.51121
21.31249
28.29605
34.50000
36.00000
22.95406
29.00000
36.50000
27.79726
38.50000
31.67894
36.00000
26.90144
33.50000
26.35811
25.83710
24.00463
25.39193
35.50000
28.87136
26.73325
23.61261
24.56737
29.63481
29.97777
24.00463
39.50000
31.94787
34.76588
34.00000
31.49603
37.50000
43.00000
39.00000
32.03123
22.66468
35.00000
32.50000
22.22611
26.42442
33.71778
39.00000
33.15955
26.35693
20.93418
24.52932
31.32979
29.53341
18.41087
19.34554
19.49840
21.36586
34.56716
22.49444
27.47524
27.47158
33.00000
24.08780
29.97777
30.81486
24.77272
24.77272
24.55380
35.78019
33.29665
34.50000
32.41742
28.48684
29.87753
34.45125
29.40899
26.59992
21.87784
22.07232
21.46363
23.55180
31.28365
40.00000
31.84337
24.12468
41.50000
35.78019
41.50000
30.47403
44.50000
17.59261
44.50000
29.92073
33.55923
24.80423
33.55923
25.84932
29.63106
30.37577
40.00000
26.79851
30.18094
34.29610
22.83856
37.00000
30.07491
21.87893
27.37700
20.36388
27.74086
21.36726
35.86394
23.90607
18.11767
41.50000
29.87753
17.85497
35.44009
37.50000
25.24986
36.64545
38.99573
22.30695
32.61901
32.88701
25.48638
40.50000
38.00000
30.21405
41.00000
39.50000
21.22940
38.43898
36.00000
23.75336
20.71328
27.52373
20.94487
26.24669
25.70344
26.88659
27.50795
22.01136
32.60198
23.31711
25.15287
23.14087
35.50587
35.00000
37.50000
25.11349
35.00000
42.00000
25.77251
12.12601
31.88521
29.79933
30.56505
34.76588
29.48199
38.26225
34.45125
34.50000
29.32955
32.61901
22.48456
22.92788
20.82517
21.07510
20.34699
22.53192
44.00000
30.26916
22.33383
28.39437
23.14492
18.47593
19.48557
21.31168
17.07161
28.97413
44.00000
45.00000
35.36477
28.47221
23.79601
31.64736
24.74242
46.00000
33.24990
33.18969
32.41742
20.62159
21.41650
20.15564
29.32955
32.31443
25.52332
23.66960
44.00000
22.34815
26.04270
42.00000
21.02825
22.01817
41.50000
24.90462
27.78889
24.28077
15.31339
22.37558
29.00958
17.82379
18.43061
23.71708
24.20098
23.73184
29.51083
34.29610
39.20317
32.69047
35.03649
38.50000
32.78550
32.78211
24.39775
29.94810
26.84213
29.02872
26.87006
28.39405
31.00896
28.19377
19.72784
29.74335
23.82226
31.56299
25.38153
32.41742
27.85678
31.84686
21.83461
44.50000
27.18251
41.50000
27.71620
44.50000
25.93582
27.98015
25.61616
32.41742
39.00000
26.97221
25.22895
25.82419
23.47102
24.47831
35.91038
22.99275
19.18821
20.62038
28.39014
25.38700
42.50000
31.20185
26.47011
19.58979
37.00000
20.74247
28.39014
31.37232
30.53959
30.07029
28.85981
31.67894
31.47839
27.53584
31.41479
32.50000
36.50000
34.50000
31.00000
41.50000
40.00000
40.50000
29.13188
30.34615
29.12366
31.67894
40.50000
34.49960
30.90128
35.91038
26.71246
34.23773
30.15884
29.80306
39.00000
27.53634
27.53584
21.74138
24.05549
23.93045
27.15797
22.99275
25.46021
25.38153
37.50000
26.15764
26.12829
23.93742
43.00000
23.97684
38.00000
28.11089
35.50000
32.50000
24.72965
21.57979
28.19377
25.95295
29.60105
25.98557
24.03513
25.32291
27.94973
21.19811
22.18107
31.41479
21.71837
20.18514
22.92788
26.96757
26.04270
23.35059
27.47524
25.27227
33.50000
25.31578
28.00000
27.39018
32.00000
33.00000
26.59992
36.50000
33.90510
29.87753
33.55923
34.45125
32.69047
29.60105
36.50000
34.50000
26.35693
41.00000
26.83696
27.93246
24.91318
25.51549
22.94967
39.50000
24.73232
19.04436
23.08679
43.50000
31.20897
33.18969
24.34646
41.50000
39.50000
24.89352
40.00000
41.00000
29.06028
27.52744
27.54088
27.08321
32.86673
34.75949
35.69314
46.00000
19.90446
34.76588
18.87293
15.43243
15.07481
19.64688
20.00555
17.76232
15.92757
16.03707
38.00000
16.64081
26.49528
21.92459
21.93992
20.27039
19.52844
27.32927
12.91075
24.14309
9.70773
40.00000
31.28365
13.89388
12.49490
17.87288
15.38036
21.27645
19.18821
28.39405
28.08321
30.73905
16.36337
21.59282
21.02974
23.05835
28.54626
27.82086
28.39405
39.00000
27.38955
33.15955
21.41650
25.48638
28.11089
17.50885
32.61901
30.86530
43.00000
15.84890
26.45161
34.00000
29.00958
31.20897
31.94787
29.60105
40.50000
24.10783
29.51083
17.39425
18.83315
45.00000
27.89601
32.88701
11.64403
32.88701
28.85981
26.71142
31.88521
27.84219
39.00000
37.00000
18.10414
14.93452
21.77585
25.45953
16.32912
31.56299
28.08469
28.36701
24.22163
26.14742
16.78571
20.94487
17.79045
21.52179
30.26916
21.33659
19.52434
24.53569
24.18677
21.79880
39.50000
41.50000
18.63297
42.50000
26.02990
31.63332
25.38085
28.89444
26.45161
18.73393
8.95824
28.98659
22.88422
40.00000
43.00000
31.56299
28.08321
31.10768
27.92052
33.50000
24.33490
32.50000
24.55380
32.14896
32.88701
35.50000
22.30471
23.35594
28.19131
22.65364
26.41969
22.34950
24.68299
25.86020
24.70324
24.12468
24.01432
24.33490
21.66795
24.99778
28.33284
27.17842
23.58495
27.72484
20.40067
30.26916
28.86499
25.42022
38.00000
40.00000
25.17315
38.50000
35.50000
30.53959
24.03513
30.50000
25.03775
23.47102
26.13214
25.61683
28.57738
31.00000
24.87343
25.57342
28.33137
31.41479
20.60795
9.28224
22.32129
20.32701
32.14896
26.24669
23.79542
30.00000
28.66279
28.85981
31.00896
31.50000
35.50000
36.08324
32.66114
27.50000
42.00000
35.64953
28.59293
30.07029
41.00000
35.17891
27.72484
31.50000
30.34615
15.80633
12.78437
30.24380
13.96281
42.00000
19.66316
31.00896
27.47158
11.94320
16.39529
15.45333
22.43184
25.67465
15.81645
27.96762
24.09149
38.00292
18.18482
24.07281
22.17747
21.22940
19.72942
21.09407
25.03775
29.50000
21.08459
34.45125
36.85105
19.38453
29.63481
23.37065
35.64953
21.44388
25.15287
17.12776
11.77455
28.22676
20.40067
23.04886
42.50000
19.11805
32.09707
26.58007
32.69047
28.33174
33.55923
40.00000
41.00000
28.57738
31.00896
21.49855
29.40899
30.21405
20.40980
21.53509
32.00000
27.72484
29.95923
19.60867
35.91038
26.55654
22.87007
31.05238
28.28820
25.49510
11.71324
22.10520
19.91702
30.62679
24.62722
25.46056
37.53221
21.69533
23.04103
31.50000
26.78723
25.18432
26.78723
20.27776
30.86890
24.72965
32.00000
25.63567
22.92788
20.55821
24.17106
24.71437
18.56448
32.35566
25.95295
26.49882
34.00000
25.48638
28.07530
30.50000
30.00000
21.69793
26.31856
30.73905
21.80275
20.40980
17.25572
24.91318
25.46894
22.42518
22.52221
26.71246
24.06761
31.84337
42.00000
31.56299
29.50847
37.50000
39.00000
37.00000
27.82086
28.26106
30.34615
26.04270
24.70324
37.50000
30.00000
28.39014
29.17000
30.91206
24.61707
22.98913
38.50000
26.46224
24.66146
28.47221
26.98148
30.00000
23.20022
21.12315
30.44485
29.00000
18.23458
31.94787
33.98039
15.83311
29.40899
27.82984
31.56299
39.26265
21.21910
33.24990
28.56960
20.84466
34.49960
29.69100
37.50000
30.73543
38.05552
43.00000
20.91052
36.59083
14.30035
18.33409
15.75507
30.44485
30.73905
22.29910
15.91226
16.68053
16.26922
19.90603
23.35594
32.41742
29.93697
43.00000
20.63220
20.40152
18.99177
29.93697
24.34646
16.23183
23.21398
39.00000
37.50000
27.78889
19.64688
23.76315
19.34528
37.50000
24.68918
23.74210
38.50000
20.38235
26.81767
22.88231
24.33619
18.95389
25.95295
27.07859
24.68805
32.56105
29.94810
24.29506
27.43173
26.54556
39.00000
33.00000
29.47315
29.60105
26.54556
25.49510
26.87936
22.09497
27.94041
31.09484
30.56505
26.28054
20.82066
33.55923
38.94440
32.10746
41.00000
32.78211
29.13188
42.00000
31.94787
41.50000
22.00545
24.31954
46.50000
20.51219
43.50000
23.17758
30.05308
27.65261
40.50000
27.06782
27.01029
26.54974
24.53569
18.95224
15.66046
22.86676
36.00000
24.79695
40.50000
29.35227
29.42257
27.15120
24.11431
44.50000
34.29610
37.00000
35.64953
36.85105
41.50000
20.85399
30.13673
42.00000
21.17044
28.57774
18.23972
31.09484
16.35458
30.40102
16.06821
29.89240
25.63567
12.63263
16.88076
22.79254
15.86190
38.26225
27.35365
29.87055
22.18530
30.40833
39.50000
42.50000
43.50000
37.50000
42.50000
43.00000
44.50000
39.00000
33.82635
30.90128
31.75252
31.71258
20.41786
37.50000
40.00000
29.13188
33.00000
36.33486
38.50000
36.50000
25.36840
25.03775
26.84937
19.67333
29.97777
26.28054
16.81190
33.29665
43.50000
14.26885
35.83605
36.00000
34.23773
36.17550
39.50000
41.00000
40.50000
31.56299
34.00000
32.00000
30.26916
27.13342
23.04103
27.72484
22.07623
27.35365
11.74053
28.19377
31.00000
36.00000
28.75568
20.41568
26.53653
31.09484
26.89796
29.87753
27.53520
29.80306
40.00000
29.69100
31.28365
38.00000
28.19377
29.07211
33.50000
32.09707
23.21398
30.34615
21.75287
21.89429
11.88223
28.75568
35.50587
32.69047
39.50000
22.47777
28.11089
27.65261
20.28398
26.63748
38.79290
21.65733
13.84314
22.34950
10.76517
25.69825
16.38780
18.75333
20.21551
19.43079
24.78351
21.40677
11.00631
19.61020
31.45930
30.34615
36.52701
11.19027
19.31806
40.00000
42.00000
39.50000
37.00000
31.94787
36.00000
29.80306
42.50000
39.50000
29.60105
26.91073
20.27776
30.93946
28.33174
34.84250
33.90510
34.00327
30.53959
31.66842
32.60198
21.79449
30.15884
24.92990
35.00000
33.50000
40.00000
35.50000
39.00000
33.98039
32.61901
29.70971
30.07029
28.66279
36.50000
31.75252
27.04972
39.50000
22.47777
44.00000
43.00000
43.00000
39.00000
39.50000
23.28492
32.49957
41.00000
39.00000
30.94439
39.00000
24.99778
38.50000
41.00000
29.51083
27.35365
25.02998
43.00000
25.48638
21.74281
21.83461
21.95814
37.50000
24.68805
30.94439
40.00000
35.50000
39.50000
40.50000
36.00000
29.22328
29.53341
29.79933
27.01029
25.61683
29.60105
34.50000
33.50000
34.50000
36.77862
34.00000
27.45097
30.00000
26.08107
29.22328
28.19377
29.01724
26.91963
30.91206
36.00000
35.50000
23.79075
25.49877
22.47310
30.26916
35.50000
27.10512
22.17105
19.13603
22.10204
23.69716
32.00000
32.00000
30.55414
29.04403
27.01029
25.97475
37.00000
26.98148
26.31896
30.44485
16.66000
34.56716
35.44009
38.50000
35.00000
16.85889
39.50000
26.59300
25.95295
34.00000
30.94439
23.13547
25.50000
32.22146
22.24298
22.57211
22.96084
36.33486
24.49943
28.70927
15.79873
20.07953
22.15147
22.22611
25.03775
20.06708
27.01029
43.00000
45.00000
32.14896
28.94055
41.50000
36.44478
28.28820
32.41742
34.89349
30.34615
41.00000
39.00000
24.87343
13.84197
20.81730
32.14896
27.84219
38.50000
23.13547
39.50000
32.82614
19.54073
29.53341
41.50000
30.34615
31.67894
27.92052
28.12275
29.79933
30.73905
19.72784
27.53584
21.89612
29.60105
31.20897
33.53605
30.15884
26.48113
27.82086
15.41104
32.82614
39.00000
40.00000
30.15884
29.78068
34.00000
29.54657
18.52134
35.59026
19.07249
31.56299
19.19201
28.08321
28.89961
25.06990
24.13504
20.38235
36.50000
20.08731
20.85066
19.00000
20.04395
25.49877
21.48384
19.41005
28.11089
19.42782
34.02940
22.75275
22.97145
35.87323
22.84732
23.81596
27.15797
29.54657
32.96210
30.00000
21.48115
24.07396
25.19921
17.09503
29.95309
33.08911
31.96385
36.00000
25.36840
25.24381
36.85105
24.36570
26.49882
26.90725
35.44009
37.50000
36.00000
37.50000
21.57545
26.24669
22.99275
21.85304
13.52627
36.17550
32.40370
23.12466
37.50000
40.50000
22.58318
22.07374
27.36786
26.52357
23.24193
30.26916
22.30157
38.40139
20.70169
26.13214
28.50000
28.76727
23.82939
27.23527
21.74029
33.29665
31.20185
23.92044
33.35666
30.50000
31.50000
35.00000
32.50000
36.00000
40.50000
29.60105
25.38153
21.63764
22.28228
26.88659
28.26106
19.96873
20.94487
22.08365
27.65261
24.26245
37.00000
32.50000
35.00000
27.39018
22.01562
32.41742
21.64486
34.00000
25.19700
26.41969
37.50000
37.00000
23.15707
34.00000
30.26916
30.86530
38.00000
28.24103
35.97530
41.50000
27.94041
23.92044
26.69582
26.88659
23.29998
20.92845
27.17842
38.00000
28.54273
26.61179
21.85406
35.50000
33.72767
29.50000
42.00000
28.40579
36.33486
33.62869
32.69047
32.03123
16.26776
23.78024
30.28510
32.78550
19.17916
30.97075
31.57927
22.40536
25.11349
22.29770
16.92549
26.44806
18.75740
21.42335
26.91189
27.77689
34.66987
23.66960
23.71049
30.90128
24.71167
21.21762
24.89352
23.16652
29.97777
32.50000
29.00958
40.00000
31.50000
15.54206
37.50000
22.79666
28.33137
16.54569
27.15797
41.50000
24.36883
35.23571
24.84326
37.74770
32.61901
36.50000
36.50000
40.50000
25.24986
29.30444
36.24914
27.82086
32.82614
36.50000
23.31309
25.42145
36.50000
36.00000
26.54974
18.09530
25.66491
20.36075
30.62679
16.44688
29.17000
29.78068
30.70650
15.79114
23.04751
18.13725
29.51083
45.50000
31.94787
36.44478
24.13892
29.06315
24.68918
28.00397
27.65261
25.51470
34.70831
34.02940
29.69100
29.60105
38.50000
30.44485
30.26916
17.55705
26.79552
24.51913
27.13393
21.21697
25.67489
24.08838
29.50000
23.58495
19.40103
21.81742
34.76588
31.01612
23.26371
40.00000
42.50000
37.79183
34.00000
17.83781
25.04371
28.38133
25.45953
33.15955
36.17550
29.40521
24.01041
28.59293
19.67333
26.23452
32.22146
17.06458
29.42257
42.00000
42.50000
20.91650
30.40102
20.79038
25.61683
32.49957
25.95295
16.21111
28.87136
23.41474
32.25248
25.31798
23.24193
29.97777
24.84326
38.00000
18.87220
39.00000
15.20691
33.00000
