16.83568
18.49324
45.00000
43.50000
21.31249
30.94439
31.79448
35.97530
47.00000
35.70559
19.18984
26.93859
19.38266
37.53221
20.17325
25.83486
14.43052
35.03649
19.50214
16.87602
29.79408
22.39838
15.34405
10.23719
19.94994
17.15109
43.00000
30.09245
43.50000
22.88134
23.36664
19.20069
24.89352
29.32955
26.56478
17.16508
33.53605
23.39204
24.53569
23.17731
34.00000
26.38602
32.50000
34.50000
31.00000
26.51205
26.18564
30.15884
29.60105
24.81305
32.50000
33.50000
33.00000
31.28365
28.54626
32.00000
33.62869
33.47968
32.00000
32.00000
40.50000
37.50000
37.50000
26.23399
37.00000
16.14582
38.00000
40.50000
37.00000
25.86020
21.77522
22.30471
21.74601
22.77608
18.54077
34.00000
21.48384
23.03620
39.50000
22.99321
27.92052
34.76588
34.76588
24.55988
26.28093
27.82984
25.47057
22.69912
27.64457
25.12966
20.15341
31.16979
19.46689
20.06708
21.52905
20.26697
37.58546
34.65384
27.33130
29.36409
26.27737
24.95371
34.37376
38.00000
19.09555
19.53049
20.62008
38.50000
33.08911
22.62211
31.67894
25.60273
13.49588
34.18577
25.67586
46.50000
42.00000
41.50000
29.62263
40.50000
27.37700
21.41391
21.18112
33.29665
32.42770
28.70540
36.64545
28.44293
19.42164
26.28093
36.85105
28.39014
20.58543
22.80838
29.34600
30.34283
20.52438
22.53192
30.86530
36.33486
45.00000
20.28683
34.41899
8.51822
19.91231
22.60285
21.08459
22.93953
34.75949
28.24103
35.78019
34.09790
27.58170
23.03562
29.69100
30.34615
36.50000
33.35666
17.45530
35.70559
25.55753
29.00958
31.50000
23.17731
31.67894
25.60273
36.00000
28.39014
33.50000
29.00000
25.32291
29.13188
27.18251
26.59992
21.60295
19.88366
19.09188
32.35566
34.50000
26.08107
22.42518
22.94864
38.50000
27.77689
28.56960
23.38269
23.35059
19.70406
27.47120
31.67894
33.08911
32.42770
27.77026
28.39894
36.50000
26.78723
37.06151
28.70540
27.04163
29.25214
25.92778
34.49960
41.50000
40.50000
38.00000
36.17550
20.87313
26.25357
27.40235
28.70540
25.48638
20.09975
32.82614
24.58997
21.24984
44.00000
23.86420
41.50000
16.20617
25.74663
15.27252
26.87355
30.70650
19.33908
40.50000
13.84774
41.50000
33.23026
30.86530
20.89402
32.69047
24.70324
28.87365
32.88701
24.35544
25.78113
34.50000
34.70831
31.75252
25.17315
26.57536
30.56505
29.69100
33.98039
29.69100
21.45926
25.36840
33.95095
19.23954
29.32955
20.13554
20.43740
29.63481
24.43870
29.51083
39.00000
35.50000
25.77251
28.28820
27.82086
25.70344
25.24986
25.32291
23.14087
22.93878
27.47120
28.89961
21.37849
20.90550
29.31818
30.53959
33.00000
20.48628
22.75961
27.25599
22.35369
26.41128
25.15287
31.00896
27.64457
24.42335
32.61901
17.39253
30.68478
19.65165
11.46473
18.26198
8.18026
13.44201
20.51067
23.44260
37.50000
13.27554
24.25329
31.96178
18.28004
23.24328
18.74166
25.62984
22.59425
22.14159
33.98039
28.66279
37.50000
36.50000
36.00000
18.96312
34.29610
24.34475
39.50000
34.25912
37.85352
33.43931
33.72767
36.50000
29.54657
35.40559
27.86826
39.50000
35.91038
33.53605
42.50000
26.80485
34.49960
20.96282
32.09707
32.14896
36.33486
25.48638
22.56518
30.50717
31.20185
27.94041
43.50000
32.69047
29.93697
42.50000
22.22611
19.45508
45.00000
28.32402
20.27776
32.78211
20.21602
17.86757
18.96945
21.41401
24.17106
22.86373
27.74086
18.29317
20.67269
27.46816
27.47524
20.27930
19.76582
30.26916
18.90914
22.98913
23.28089
31.67894
22.99275
33.62869
29.13188
32.89377
25.90729
34.29610
34.09790
19.70178
33.53605
33.90510
31.67894
34.00000
37.00000
36.00000
32.82614
29.69100
34.00000
24.34475
38.00000
38.00000
39.00000
15.24992
30.92284
26.04270
30.46617
40.00000
19.43079
42.00000
19.62040
21.43012
22.09575
37.50000
23.69599
24.09746
37.00000
42.00000
40.00000
36.00000
35.00000
29.63481
37.00000
21.04493
37.00000
40.50000
26.71246
37.00000
28.28820
24.07396
22.11787
27.65261
20.17523
19.13113
40.50000
33.82635
30.37577
29.81051
17.60000
19.17029
26.16773
22.00505
18.16150
15.72768
23.15647
19.85346
25.74663
21.71267
37.49667
32.50000
19.22238
32.69047
35.64953
34.09790
21.63844
15.32155
17.80976
18.64135
21.51485
28.08321
21.03568
20.40196
19.79110
27.47524
23.16652
23.79542
20.96282
24.79695
25.82419
24.53569
27.15797
29.14940
28.19377
27.47120
21.99290
34.02940
20.06708
34.00000
30.47403
28.54626
22.70875
17.85945
20.02967
22.48456
22.46479
35.39303
38.50000
43.00000
34.09790
35.50587
29.79933
34.75949
37.00000
37.00000
48.50000
24.35544
27.93246
26.72078
26.24286
26.31856
17.52776
18.37117
24.81305
24.34475
30.09245
37.50000
29.00862
26.31064
34.65384
10.48614
9.36803
19.98124
16.52944
7.42556
15.90723
22.20923
16.73798
37.50000
27.06782
35.23571
19.87360
26.04203
31.56343
40.50000
24.80423
13.75500
38.40139
41.50000
28.11089
29.43920
22.12888
37.00000
32.22146
31.20185
28.33284
20.43418
42.50000
38.00000
20.72890
29.97777
33.90510
42.00000
39.00000
25.56365
31.57927
42.00000
30.70650
34.18577
41.50000
31.32979
33.50000
46.00000
26.37589
46.00000
18.87293
41.50000
32.40370
22.56014
20.38382
19.79293
24.09703
27.65261
29.55503
44.00000
42.00000
22.93953
28.98659
29.51083
33.82635
19.85548
31.84686
30.07029
35.00000
37.50000
33.50000
28.95147
33.25658
38.50000
30.94439
30.97075
36.59083
20.87313
31.41479
31.15552
32.61901
38.50000
34.00000
29.51083
24.91318
31.56299
38.50000
42.50000
19.34482
33.50000
26.74883
38.50000
40.00000
26.96757
38.00000
23.76272
21.83025
29.17000
29.22328
22.84382
33.00000
40.00000
40.00000
35.00000
34.23773
35.50000
30.15884
33.15955
38.50000
36.00000
31.37940
26.41969
34.45125
38.50000
36.80580
27.17881
35.50000
29.87753
27.22476
28.66279
29.22328
36.08324
27.47524
29.50000
30.07029
25.54408
28.85981
26.98148
24.50510
28.24103
26.16295
35.00000
39.00000
26.09598
23.62202
27.90161
31.67894
21.29554
20.34306
23.76973
26.67396
20.67742
27.00000
28.00397
24.99778
27.01029
27.06782
19.53202
18.95257
22.61504
24.99375
31.79448
19.13603
28.75568
22.81858
23.80520
33.00000
25.97475
23.09085
19.20286
26.78723
26.05163
23.69716
30.30161
32.82614
19.79110
36.00000
32.00000
36.00000
36.00000
31.67894
42.50000
43.50000
41.50000
32.25937
31.75252
39.50000
35.70559
35.23571
35.86394
31.60301
25.94918
34.96983
34.37376
37.27674
19.80505
21.24265
31.37232
27.18915
21.71837
34.84250
35.86394
25.24986
25.62984
29.53341
27.62044
39.50000
38.00000
40.00000
27.78889
30.53959
26.69582
28.39405
37.00000
21.43012
24.25329
23.56905
23.80520
21.24853
22.65364
39.00000
38.50000
30.26916
28.19377
42.50000
35.40559
25.05369
43.50000
40.00000
42.00000
28.22676
16.98941
22.98913
21.54623
28.71846
38.50000
23.09085
30.91206
24.30967
30.71645
41.50000
25.39193
33.82635
31.18760
23.68016
21.96019
28.75568
30.34615
30.07029
33.00000
27.45097
26.05163
38.50000
22.88134
34.18577
31.40064
35.17891
29.73529
23.45682
34.50000
13.50000
27.77689
31.57927
30.59412
33.08911
40.50000
32.00000
26.88659
25.95295
42.00000
33.72767
26.85493
29.60105
27.13278
33.15955
41.00000
33.00000
36.50000
33.35666
19.48557
30.94439
26.18205
39.50000
23.49468
11.87083
18.85736
27.74086
32.42770
27.37700
43.00000
35.40559
35.50000
38.00000
18.55371
20.58367
31.50000
23.83799
34.70831
33.90510
20.73644
26.16773
24.65132
27.77689
46.00000
12.86235
20.21602
26.55654
35.40559
45.00000
34.00327
39.50000
17.51904
21.03901
43.50000
34.56716
15.42095
36.50000
35.50587
34.02940
25.03917
31.96178
33.90510
30.87373
41.00000
26.19518
32.13513
23.07033
27.47524
29.13188
28.75568
36.50000
36.00000
17.93565
35.44009
21.99290
38.50000
27.35365
27.31300
28.43413
27.57263
25.86020
27.75225
34.00000
22.57334
32.50000
32.41742
32.56788
32.61901
30.68478
35.00000
36.50000
19.70406
21.95877
35.97530
36.64545
18.75333
34.02940
37.50000
37.00000
34.49960
37.11544
36.00000
26.72078
40.50000
23.25224
28.75568
41.50000
34.49960
39.50000
25.82419
28.57738
40.00000
40.50000
35.00000
34.92214
41.00000
26.63748
42.50000
25.30261
41.50000
23.31711
30.53959
39.00000
41.00000
24.90462
27.36215
32.09707
25.27350
27.72484
28.33137
30.53959
29.55821
25.71964
31.47839
33.53605
30.26916
32.50000
26.65521
27.17881
22.99321
28.04015
30.81486
35.50000
23.24995
28.00397
20.01599
37.50000
27.21557
41.50000
26.22380
32.69047
27.53584
25.01999
42.00000
22.34950
22.29910
38.00000
35.86394
24.99778
20.72890
35.00000
27.47120
26.38602
25.33155
31.84686
23.68940
25.86020
27.98015
26.29045
27.25599
25.92296
26.18564
24.66146
33.82635
28.74456
41.50000
33.00000
31.37232
32.09707
27.25599
23.03801
25.92296
27.52373
18.35647
31.00000
29.13188
21.09407
28.11089
29.95923
33.00000
20.16185
25.31139
35.00000
30.53959
30.09983
26.45161
34.09790
42.00000
36.12017
37.50000
22.52899
23.55136
41.50000
40.50000
41.00000
38.50000
31.84337
34.50000
18.82551
16.52876
28.66279
31.00000
28.12275
29.13188
33.00000
23.20022
26.91073
27.26720
22.74313
20.32142
20.13355
33.03870
23.06919
17.99132
22.52776
21.59259
22.99913
28.87136
15.86695
35.31131
29.51083
30.46674
19.33908
18.71497
41.50000
23.22041
28.50439
37.50000
27.47120
28.87136
39.00000
39.00000
25.89401
36.50000
31.12341
34.50000
29.40899
33.29665
29.51083
34.09790
32.61901
36.00000
36.00000
35.00000
35.00000
32.82614
36.50000
38.00000
25.22345
33.50000
32.00000
37.00000
27.36786
29.60105
35.00000
23.50830
27.06782
41.00000
32.31443
34.50000
19.80505
31.56299
28.47221
24.34475
38.50000
33.50000
31.00896
27.06782
22.28789
24.43742
25.84999
25.19700
31.84686
18.44560
24.48852
25.16943
23.62202
24.72965
25.31139
18.96049
22.17205
24.84326
19.68502
30.53959
32.56788
25.81666
20.04395
21.77585
39.00000
35.50000
37.00000
35.50000
27.32215
20.88510
32.78550
32.50000
33.55923
30.07029
24.10783
29.22328
27.33130
28.12275
33.55923
28.69233
23.42408
23.15572
23.04103
21.36726
26.51205
18.68261
24.65132
39.50000
25.31139
20.65188
21.72004
20.10572
26.86075
27.15797
20.65188
39.50000
41.50000
21.97271
21.47528
26.71246
32.22146
29.43956
21.52179
12.72028
24.79695
18.92584
24.84452
22.40179
43.50000
30.73543
21.47673
23.09882
30.73543
20.32701
29.63481
17.55527
12.69596
22.90560
18.18482
20.70628
18.80307
39.00000
32.14896
31.47839
39.50000
24.28077
31.84686
19.53049
31.37940
40.00000
24.58023
29.78068
23.47102
21.65733
25.19300
24.53569
28.39014
21.56965
20.68061
18.60108
23.37065
28.57738
20.00555
36.00000
41.00000
23.53720
24.45858
35.00000
24.01041
20.85066
21.22940
36.50000
39.00000
37.00000
33.90510
34.84250
19.71516
22.06099
21.26470
22.36565
21.22940
22.30595
26.31896
25.46021
25.15287
24.85067
26.38602
20.17889
20.11633
19.18821
19.24026
22.00426
27.14199
33.08911
18.63297
18.81914
20.74247
21.64871
17.62633
29.53341
24.10783
40.50000
23.14492
30.40833
31.09484
27.62044
29.67638
29.63481
27.45337
34.02940
33.00000
33.55923
28.39014
25.61250
28.47221
30.44485
29.60105
31.09484
27.58170
24.45787
40.50000
29.17000
32.88701
34.76588
25.11349
25.06367
32.49957
20.45116
20.17889
21.24265
21.76006
31.50000
23.09882
39.50000
41.50000
46.00000
27.71620
33.71778
20.99206
19.56240
27.60888
28.71846
31.96178
32.78211
25.24986
26.09957
42.00000
24.04683
30.81700
37.79183
41.50000
34.00000
36.50000
39.00000
39.50000
35.50000
30.15884
21.11303
22.54378
24.00463
22.56518
32.82614
37.00000
29.69100
22.43184
22.49800
30.47403
21.70714
26.24669
21.64871
33.76718
30.62679
38.50000
17.28120
18.39988
21.63764
35.03649
24.63511
17.79747
22.19610
23.93045
25.46021
29.40899
29.04403
33.15955
20.81466
37.02552
30.34615
25.89764
26.88659
30.50000
17.89972
16.85230
20.24451
35.86394
22.43184
34.56716
24.55988
15.27048
21.32487
30.73543
33.24990
41.50000
35.64953
35.91038
29.74335
32.50000
26.52711
25.42145
32.03123
28.70927
31.75252
29.87753
26.23399
22.09638
20.37768
28.01227
33.00842
27.14199
31.00896
33.95095
36.17550
26.10555
26.61179
36.12017
32.50000
38.00000
16.65083
29.32955
39.00000
31.75252
33.47968
37.50000
42.00000
40.00000
26.08107
12.02082
43.50000
18.35453
26.62236
31.50000
37.50000
23.67884
19.99400
23.39204
17.81011
23.76552
22.38214
23.98307
42.00000
26.91963
24.20098
23.20022
25.30261
21.45926
24.68172
39.00000
35.50000
24.55380
28.75568
29.67638
26.24669
37.00000
34.23773
40.00000
35.50000
30.68478
37.00000
41.00000
39.50000
41.00000
35.91038
33.15955
37.50000
26.71246
27.91393
33.29665
28.66279
24.76388
27.25599
18.48122
29.53341
32.96800
23.03666
38.50000
28.26106
29.00958
21.29489
29.00323
23.79601
22.30471
35.78019
38.00000
41.00000
33.15955
27.68009
24.47831
26.00481
18.01851
32.56105
27.27636
46.00000
43.50000
40.50000
31.28365
22.99275
21.05202
14.66927
39.00000
16.94661
39.00000
17.26268
20.26080
14.37220
11.68931
37.00000
41.50000
31.09484
35.12201
44.00000
28.98659
23.72060
16.02147
27.06782
20.43418
18.88121
19.26136
16.15673
19.65095
34.70831
17.47141
33.82635
20.87313
15.69147
23.67884
34.75949
18.36437
31.39566
13.05650
39.50000
19.23538
23.15572
23.27574
34.50000
23.26371
20.71328
32.13513
21.52179
25.47057
15.35448
22.80351
38.00000
30.68478
22.41093
29.27266
41.50000
41.50000
43.50000
23.84673
40.00000
34.65384
26.61244
10.57166
16.07794
19.48219
18.59267
22.09575
35.50000
25.36840
25.59080
24.17126
19.23538
25.46021
22.15401
19.86202
22.83090
20.07984
24.45858
22.61084
40.00000
22.78069
22.71915
30.73905
27.30728
18.30983
27.39868
31.15552
29.70971
15.37010
21.76787
24.23324
19.30181
19.94593
20.98065
26.78723
24.09746
25.17315
24.64117
33.55923
41.50000
41.00000
41.00000
38.50000
29.93697
34.29286
32.60198
21.45198
29.22328
43.00000
42.00000
19.82896
25.48638
40.50000
24.89352
31.75252
27.94041
22.28228
29.93697
29.60105
32.82614
31.37232
25.78153
29.79933
28.70540
42.50000
26.82699
21.82172
19.78636
35.00000
37.50000
34.45125
25.00000
31.41479
34.19877
36.50000
32.61901
39.00000
34.49960
33.50000
35.50000
27.72484
35.00000
35.50000
31.94787
25.78113
34.00327
34.00000
20.09975
28.94055
30.50000
29.50000
30.73905
29.74335
34.00000
37.50000
37.50000
37.00000
33.00000
38.00000
37.50000
45.00000
41.00000
35.14099
39.00000
41.00000
33.50953
20.55480
27.08667
35.86394
22.86190
40.50000
33.08911
39.50000
32.31443
26.63748
27.19375
27.40235
41.00000
23.63657
19.39555
27.58170
27.90161
38.47366
24.34132
45.00000
20.57766
40.50000
24.78351
15.36839
18.74833
27.98015
18.98842
17.35475
30.40833
18.36437
17.26992
19.58794
38.68965
33.73703
33.50953
27.47524
22.55364
29.31818
19.24026
28.28759
24.09746
42.00000
29.48823
43.00000
20.78912
41.00000
29.40899
29.17000
25.46934
24.41695
18.74000
16.14582
26.41377
33.39442
30.09983
29.57852
29.18047
20.35092
32.72444
28.06243
37.27674
13.90539
41.50000
28.55696
41.50000
38.50000
18.04162
15.54863
25.24876
32.42770
19.98124
14.78377
19.54482
32.88701
31.47839
32.31443
41.50000
33.90510
38.00000
21.20142
26.02990
24.04553
31.49603
41.50000
32.60198
42.00000
25.36237
35.50587
40.00000
35.36477
32.89377
45.50000
40.00000
28.33137
24.22292
26.28477
41.50000
30.47403
30.70650
31.84337
19.29216
39.00000
40.00000
28.08321
42.00000
22.94559
39.00000
19.42132
26.15764
39.20317
40.82755
13.40916
39.38133
34.02940
19.95551
34.00000
15.95306
26.05163
39.50000
32.31443
34.84250
19.31968
39.00000
39.00000
22.17747
24.36570
21.60295
24.64752
10.13246
26.96757
39.00000
30.15884
31.94787
37.50000
29.32955
29.27266
30.00370
33.62869
35.00000
39.50000
28.39405
21.46509
24.68918
38.50000
40.00000
31.28365
28.93419
14.82584
19.83053
29.87753
31.88521
28.47221
26.28093
42.50000
32.88701
25.83710
13.37161
34.58645
20.37057
29.19225
28.39894
23.14649
29.32955
18.10414
26.13214
25.90849
19.12694
30.09983
28.89444
18.90397
21.43012
29.72688
22.18530
20.71232
29.78068
26.54974
29.00958
24.58093
12.83550
24.70324
21.71837
38.50000
41.00000
32.49957
25.84260
29.55503
35.64953
22.07940
9.25929
30.53959
31.84337
24.16609
26.31856
29.13188
33.15955
32.82614
35.03649
38.50000
36.50000
36.50000
33.50000
37.50000
31.67894
27.72484
25.63567
37.50000
20.26820
27.50795
25.32291
22.96606
28.38463
20.48170
23.94661
23.98333
24.85067
26.84937
27.35365
33.76718
33.15955
18.18791
36.00000
24.36883
20.05592
22.01704
27.47524
21.06751
30.34615
37.50000
33.90510
32.22146
38.00000
35.14099
39.00000
26.38602
42.00000
39.00000
31.84686
23.90607
40.50000
32.49957
44.50000
30.26916
27.22476
37.50000
24.36719
26.54556
33.35666
27.02314
22.69116
27.25599
30.53959
24.91318
24.68299
25.19300
28.61272
31.03045
8.82704
29.17000
19.60204
27.47524
43.50000
22.12590
33.90510
34.37376
25.27227
31.37940
30.09983
26.84937
28.24889
24.08838
26.08107
30.94439
16.02997
20.49000
34.23773
24.45858
12.03329
25.38085
30.26916
28.33725
41.50000
37.06151
35.83605
34.00000
34.76588
27.68009
21.83461
21.66795
29.30444
23.61261
22.32011
43.00000
29.60105
19.37627
17.18527
22.38214
29.31818
32.22146
33.50953
33.43651
43.00000
30.03644
24.50893
24.34646
27.64457
32.61901
29.47315
26.17728
41.50000
30.94439
20.21138
27.52272
22.64862
43.00000
31.75252
36.50000
29.02872
30.07029
16.74993
26.66810
22.39838
24.13504
27.73536
20.64946
24.14022
21.16601
18.99342
30.53959
20.30763
45.00000
25.56731
31.94787
29.31818
26.24669
27.94041
27.94041
40.00000
18.22601
18.19341
33.29665
33.98039
20.29187
28.50000
33.50000
30.62679
36.50000
26.83631
37.00000
32.14896
33.35666
38.00000
30.70650
29.93697
21.98863
35.50587
22.16845
27.14199
40.50000
34.93804
32.69047
29.55597
31.96178
26.30946
45.50000
17.83704
29.55503
32.31443
18.80307
37.00000
16.42216
17.73943
32.88701
10.24890
31.28365
33.15955
26.04270
30.07029
25.30261
36.00000
22.55364
24.22579
21.64871
33.72767
36.59083
28.43707
29.55503
38.43898
29.67603
29.53341
20.60744
36.34098
35.03649
32.40370
33.50000
34.84250
45.00000
35.91038
33.62869
29.04403
46.50000
41.50000
31.18760
26.31064
24.05203
29.93697
30.50000
31.20897
23.77367
47.00000
30.44485
31.00000
27.62698
28.57738
34.00000
27.86076
28.00000
23.61261
24.85067
39.00000
42.50000
21.66923
38.00000
28.03904
21.85177
36.00000
19.66437
31.28365
12.74990
26.54556
34.50000
19.08507
30.86530
32.13513
26.72078
26.51205
32.09707
30.24346
31.59509
25.78113
27.64457
22.29770
30.26916
19.13603
29.22328
22.66468
18.62570
34.00000
25.39029
19.25201
20.52706
22.66054
33.35666
36.50000
36.50000
32.22146
34.00000
30.90128
26.98148
28.47221
33.53605
24.22163
19.03050
19.66723
37.38389
44.00000
37.32143
31.19595
25.33155
25.20417
33.50000
25.66450
33.50000
25.31139
37.50000
35.17891
39.50000
26.31856
24.11431
18.05104
23.15572
30.24346
30.67572
36.00000
21.24984
24.47958
21.32229
39.50000
23.08138
