19.11805
23.19887
14.53444
30.72820
21.78991
42.00000
28.89444
31.75252
14.97289
16.91708
9.20958
11.89888
19.06410
27.65261
40.50000
40.00000
31.94787
25.46934
29.69322
23.13547
27.35365
27.60888
36.00000
35.70559
43.00000
43.50000
43.00000
37.00000
43.50000
32.41742
21.65179
32.82614
30.34283
42.50000
37.74770
41.00000
33.15955
33.08911
28.00335
43.00000
27.79388
38.94440
20.40221
31.94787
27.01029
24.22579
24.45858
24.21260
25.86020
24.47958
26.59300
31.20185
42.50000
28.85596
29.40899
30.47403
21.96968
23.63657
21.64486
34.02940
20.84610
21.57979
24.09703
29.26602
19.08533
15.71005
20.77258
22.88134
16.98941
15.89969
13.69087
28.19377
28.50000
22.13956
21.85606
23.69716
25.82419
35.50000
22.32011
25.61683
26.47168
24.03513
29.79933
24.68805
31.49603
26.78723
38.50000
24.32077
25.03775
34.84250
21.10355
22.91288
37.00000
38.00000
28.75568
28.47221
26.24286
30.50000
32.00000
26.04270
20.37057
30.40102
20.94487
23.46274
40.50000
27.64457
25.49510
22.67708
18.43061
29.17000
23.01207
21.78991
22.94559
40.00000
26.48113
26.35693
37.53221
36.12017
23.63260
43.50000
36.64545
22.82953
18.59462
20.43282
19.41649
44.00000
21.92411
22.51419
19.94392
24.79695
26.08107
22.65364
31.28365
23.50931
25.49510
29.22328
38.50000
36.00000
21.76133
24.08780
23.50886
24.86463
25.70384
18.34905
33.53605
31.03045
31.00000
32.50000
19.90603
29.17000
35.91038
43.00000
41.00000
28.70927
25.94706
20.08731
25.09357
30.86530
36.24914
23.44542
40.00000
30.56505
29.78068
28.43707
22.92788
28.81297
29.74335
33.71778
17.97742
17.83255
23.37065
16.70210
41.50000
36.64545
15.82719
28.11089
31.15552
30.81486
29.54657
28.39014
25.84999
29.32955
30.50000
29.00000
24.25329
26.88659
22.80838
26.91963
31.00896
28.39014
31.00000
33.00000
37.00000
26.23399
25.22276
30.34615
21.21320
23.15647
25.38085
16.17268
29.22328
36.50000
38.00000
36.44478
26.98495
30.56505
27.45097
24.44381
20.14169
29.93639
22.39838
32.00000
29.53341
31.56299
30.24346
26.59992
40.50000
25.36114
29.31818
34.76588
37.00000
41.00000
38.00000
28.28820
24.33490
23.17731
25.93742
25.71357
27.06782
30.91206
29.91237
26.67396
22.06099
38.00000
29.40899
28.95147
37.06151
31.75252
30.56505
29.51083
27.93246
36.91432
28.81297
33.62869
35.00000
23.28492
21.65064
21.89035
25.30261
28.57738
16.76425
25.31139
26.91963
23.54119
36.50000
33.15955
22.88134
23.50931
26.88659
25.93742
41.50000
26.41969
33.00000
26.16295
33.00000
28.85981
31.75252
33.50000
31.67894
32.50000
34.00000
34.50000
19.18912
16.03901
14.66927
26.59992
33.00000
29.00000
26.04270
23.02716
30.81486
18.76819
30.65126
26.90144
39.46588
28.69233
19.89573
31.67894
22.94014
42.00000
20.90903
35.00000
26.10555
26.85493
26.59300
21.59074
36.50000
34.49960
29.40899
35.00000
22.39544
28.00000
24.25329
33.00000
22.73030
31.62629
35.50000
37.00000
32.50000
35.00000
36.00000
42.00000
27.53584
36.50000
25.15287
30.26916
26.08107
28.54626
28.80201
34.76588
34.00000
33.50000
30.07029
40.00000
37.00000
33.15955
27.47726
19.29216
31.79448
34.00000
33.00000
24.58093
28.47221
22.51111
20.71232
25.66125
25.73300
25.65151
29.60105
27.36786
25.95295
28.19377
26.00000
37.50000
40.00000
37.00000
36.50000
34.50000
34.50000
37.50000
40.50000
39.00000
29.79933
33.00000
31.50000
27.72484
30.94439
31.50000
23.47871
28.11089
29.69100
30.00370
25.79244
36.50000
28.66279
36.50000
37.50000
32.56788
37.00000
39.00000
29.79933
26.88659
28.33137
40.00000
37.00000
27.53584
33.50000
31.50000
24.44495
35.50000
25.32168
33.50000
35.00000
31.09484
33.29665
26.54556
37.00000
28.00397
24.34132
31.66842
30.73543
37.00000
40.00000
35.17891
36.00000
31.88521
21.21320
40.00000
33.72767
28.56960
20.21485
24.79695
23.09882
35.00000
28.19377
32.89377
30.44485
21.31168
20.14944
21.63844
40.50000
29.63481
25.10478
22.59978
18.35211
24.90482
35.50000
26.28054
27.50000
20.16928
24.85067
23.50830
28.06243
39.50000
28.69233
33.43651
34.76588
27.67106
28.84874
33.50000
35.86394
28.31409
28.39405
32.50000
32.50000
29.50000
28.39014
33.50000
24.92990
30.26916
35.50000
39.50000
27.53584
34.56716
25.73300
24.64752
38.50000
31.75252
22.47638
29.04403
29.32955
28.56024
35.70559
40.00000
30.15884
34.50000
38.50000
25.67465
26.59992
27.35365
18.81914
31.88521
26.78723
38.00000
21.00595
27.78889
23.95177
27.82086
26.54556
23.54782
23.00782
35.44009
23.17731
17.85824
20.96873
27.01029
36.50000
29.69100
28.11139
32.22146
30.40102
34.47060
38.00000
41.00000
28.87136
26.24669
27.60888
36.00000
29.04403
31.37940
33.29665
28.63019
27.36786
30.70650
38.00000
28.87136
32.14896
34.02940
40.50000
39.50000
39.50000
38.50000
37.00000
39.50000
36.00000
37.50000
33.00000
31.12341
39.00000
37.50000
36.50000
36.00000
37.50000
38.50000
39.00000
35.50587
36.00000
25.82029
33.43651
19.56528
36.38070
44.00000
43.00000
45.00000
42.50000
29.58040
29.97812
40.00000
43.50000
36.52701
35.14099
18.73393
26.78619
25.38208
29.51083
20.69269
28.11089
20.41568
23.66094
26.87006
24.05203
32.41742
27.47524
36.00000
27.04163
30.68478
29.87753
37.50000
22.33131
32.88701
32.56788
24.14022
20.49000
25.84932
25.92658
26.70557
19.95551
22.00505
21.23414
22.51419
25.22345
39.50000
26.94851
31.75252
44.00000
40.50000
37.50000
28.57738
42.00000
24.61072
34.56716
32.31443
33.24990
39.50000
36.00000
34.56716
44.50000
39.50000
43.00000
43.50000
40.00000
38.50000
34.09790
24.13504
36.59083
43.50000
30.18094
36.50000
42.50000
32.49957
32.41742
38.50000
31.41479
30.81486
23.90999
37.00000
41.50000
34.92214
32.61901
38.00000
37.00000
27.06782
31.20185
29.30444
20.88660
40.00000
36.38070
25.15287
38.50000
30.15884
24.10783
21.50581
18.42390
32.69047
35.03649
43.00000
33.98039
42.50000
40.50000
25.01999
40.00000
32.96800
39.00000
30.86530
39.50000
25.10423
29.35227
25.36840
37.50000
32.03123
27.64457
33.50000
30.07029
37.00000
31.94787
28.28820
36.00000
33.62869
31.47839
25.01999
37.53221
28.80201
28.66279
23.05835
27.78889
32.82614
41.50000
23.19887
22.57626
26.93859
42.50000
25.05369
37.00000
26.85493
31.40362
43.00000
38.50000
30.40970
41.50000
27.64457
17.50885
27.17842
35.00000
33.15955
24.23324
35.00000
20.17920
23.97264
26.93859
34.29286
24.66146
30.86530
31.93255
20.09378
44.50000
41.00000
22.47638
36.33486
24.17768
24.17126
33.03870
17.48599
27.24427
17.00588
26.85493
23.78024
21.54501
18.00000
22.30595
24.30821
23.25224
24.71167
24.00463
27.45097
26.35693
19.21588
15.00667
23.68016
25.18928
19.97599
28.70927
31.67894
29.79933
26.08959
25.94010
23.17731
29.80306
39.00000
25.11349
24.12468
24.32463
27.06782
26.41128
29.69100
31.47839
27.47120
19.60867
38.50000
23.93045
23.68966
30.36857
27.39018
33.55923
21.21320
35.00000
29.87753
32.22146
31.63332
46.00000
42.00000
31.20897
37.50000
32.69047
22.56657
25.52450
20.98147
30.26916
23.35594
21.76436
26.19160
37.50000
29.94810
39.00000
39.50000
23.90084
29.00958
26.73364
34.29610
23.76315
30.55414
34.76588
31.41479
32.50000
21.51017
31.37232
26.72078
28.28820
22.07374
31.16979
32.89377
28.98659
23.87860
31.94787
25.48638
23.28089
24.22292
22.20783
26.31856
36.50000
27.50795
27.27063
25.62226
33.82635
35.50000
36.50000
24.46426
28.66279
23.51064
25.45953
23.74363
27.53584
26.98148
25.67465
18.05547
21.03711
20.30172
27.01029
24.03513
30.56505
20.56210
24.55380
23.68016
27.25599
40.50000
23.80126
31.12341
13.09351
10.86917
21.89749
23.44260
32.50000
20.45116
26.51205
21.89178
22.55410
21.87893
25.95295
24.06242
22.94967
25.38153
23.33809
28.37252
35.00000
25.66125
34.49960
32.22146
29.12366
25.06990
17.85746
20.80398
25.90729
24.78351
26.62079
19.01158
34.76588
28.57774
40.00000
37.49667
21.38598
24.84326
21.57979
23.20022
30.09983
29.55597
21.46363
26.23399
27.47120
28.40579
23.77499
32.31443
19.61020
24.55988
28.08321
43.00000
29.32955
32.88701
36.00000
25.98557
29.49046
19.88090
29.51083
25.65151
34.76588
24.64752
35.17891
33.98039
40.00000
28.54626
29.63481
31.09484
32.89377
25.51838
35.83605
25.10478
32.78211
42.50000
27.35365
43.50000
30.13673
22.98309
44.50000
37.74770
30.89802
45.00000
41.00000
45.00000
35.44009
22.04904
17.67031
33.76718
31.00896
40.00000
34.96983
37.32143
44.00000
34.96983
24.04553
42.50000
35.91038
25.67465
26.13786
33.24990
39.00000
25.03775
35.50000
36.50000
27.25599
35.00000
34.29610
26.38602
25.70344
23.28626
31.00896
28.87136
27.38955
30.00370
36.00000
40.00000
28.94055
33.76718
27.72484
25.79244
24.33619
30.50000
32.50000
29.32955
28.00397
30.00000
36.00000
32.50000
33.50000
31.84337
34.50000
34.50000
34.50000
32.50000
35.00000
22.28228
36.50000
35.61211
34.50000
33.00000
23.22413
20.85399
42.00000
42.00000
39.00000
38.50000
27.50795
28.51644
31.67894
28.75568
33.55923
27.94041
25.57342
25.57342
34.50000
29.32955
33.00000
27.25599
26.51205
30.68478
27.53584
26.18205
29.60105
32.50000
30.00000
31.00000
29.40899
31.00896
25.97475
32.50000
34.00000
29.13188
38.50000
11.54816
21.79449
34.76588
29.78068
32.49957
26.15764
24.34475
26.54974
24.07396
32.78211
31.20185
29.97777
23.26478
25.03775
32.13513
34.84250
27.82086
21.59074
36.00000
37.00000
40.00000
37.50000
36.00000
31.94787
19.53682
23.35594
22.84048
25.57342
26.78723
22.07623
29.40899
28.86499
25.62226
26.71246
27.34045
22.64398
25.93742
21.95085
33.15955
21.92411
22.22071
22.71976
38.00000
37.00000
16.72324
16.45600
32.69047
29.22328
26.12829
35.59026
16.91626
17.39792
27.98015
30.00000
32.50000
31.94787
32.61901
21.06076
33.47968
34.00000
18.08832
20.68061
21.24117
15.52417
23.58363
23.46274
37.38389
27.44426
23.69304
26.75234
28.61272
30.24346
27.62044
32.50000
22.84048
23.62202
22.29100
30.40102
24.55380
29.13188
39.50000
33.08911
21.85955
30.26916
31.14783
19.78889
25.19300
26.41377
22.78569
32.49957
39.50000
42.50000
39.50000
44.50000
34.65384
19.65960
42.50000
20.91650
33.24990
31.16979
42.50000
25.47057
29.70971
34.25720
30.26916
32.03123
28.28869
29.97777
23.36151
26.95830
19.95551
33.72767
28.99138
24.83277
36.08324
33.35666
27.77689
38.50000
24.64117
22.81447
27.21557
28.46928
26.75234
11.26765
28.47221
24.94369
24.39034
25.66450
28.00397
27.25599
21.45279
24.91318
23.92154
35.00000
36.50000
35.50000
30.62679
24.63230
31.94787
25.86020
32.56788
25.56365
22.70875
30.62679
28.93959
34.50000
34.76588
23.69716
23.45682
28.75568
28.19377
33.00000
31.66623
21.19811
30.26859
22.62211
25.12966
27.77689
30.53959
34.09790
23.58495
26.78723
25.95295
23.79542
25.01999
31.56299
41.00000
24.85067
21.81026
26.28093
27.88369
27.47524
25.30316
34.00000
26.31896
37.50000
28.39014
25.55753
31.41479
17.61391
35.97530
33.00000
35.00000
29.40899
32.50000
39.00000
33.00000
31.75252
38.50000
35.44009
30.90128
23.67840
26.15764
18.23915
30.21405
23.90999
35.00000
32.50000
37.50000
30.26916
24.16278
33.00000
42.00000
26.87006
37.00000
30.53959
31.47839
32.50000
32.41742
34.96983
29.72688
27.77689
26.94851
28.19377
32.00781
16.23576
19.68714
26.93859
25.11349
24.27447
21.64486
26.38602
23.03620
25.20635
22.75082
35.78019
27.56243
22.10204
27.53584
20.66851
20.37768
14.99166
25.08984
28.70540
29.01724
26.59992
27.39018
26.16295
20.61456
22.20811
30.91206
25.61683
35.00000
36.50000
32.22146
40.50000
32.00000
32.09707
30.53959
27.47524
28.57738
37.50000
28.87365
36.00000
30.15884
32.03123
34.96983
21.95085
23.62202
27.01029
27.53584
24.01041
40.50000
36.59083
28.77825
39.00000
33.29665
32.09707
44.00000
34.00000
39.50000
39.50000
36.50000
26.23399
41.00000
30.26916
36.00000
37.50000
37.00000
30.53959
37.00000
29.78068
30.62679
19.38266
26.47050
20.98065
24.58997
22.24298
22.59978
21.64486
18.88783
24.34420
28.54626
24.99375
29.00958
30.81486
34.02940
37.00000
32.41742
31.56299
35.50000
27.82086
32.00000
32.50000
34.00000
35.50000
26.88659
27.17881
32.13513
32.78211
26.13214
31.00896
39.00000
20.91650
39.50000
26.73741
25.11349
25.82419
23.42008
20.50000
13.13621
28.87136
22.88134
29.78068
20.41786
20.94487
38.00000
30.44485
24.01041
23.03620
22.64705
25.49510
23.89328
21.31249
40.50000
37.50000
27.64457
19.48557
28.75568
26.71246
33.76718
24.44381
32.35566
40.50000
34.02940
39.00000
27.35365
39.50000
27.51818
39.00000
24.74874
34.50000
31.47839
28.57738
30.73543
30.43025
36.50000
35.00000
30.07029
25.62226
30.94439
39.50000
31.50000
33.00000
31.15552
36.00000
37.50000
33.50000
35.00000
27.06782
29.22328
37.53221
23.79601
29.60105
26.24669
27.77589
32.36510
27.17842
37.50000
22.88134
31.20897
34.65384
24.17126
26.22380
14.04457
30.26916
29.53341
39.00000
33.35666
24.62088
41.50000
29.17000
40.00000
38.50000
37.50000
20.20365
30.62679
20.21287
26.13214
36.30733
35.00000
38.50000
40.00000
33.76718
41.50000
45.50000
26.04270
33.24990
30.09983
40.50000
22.73030
39.00000
22.65364
25.88919
21.20142
22.30595
19.95620
21.77585
41.00000
33.06895
30.34615
26.84213
34.56716
41.50000
38.50000
26.59300
32.88701
24.99778
31.50000
18.14828
44.00000
25.73300
33.08911
29.60574
28.48684
41.50000
31.12341
31.56299
33.90510
31.94787
37.00000
24.53569
26.71246
28.54626
35.50000
34.00000
30.73905
34.50000
36.50000
34.00000
25.46021
35.50000
26.84213
26.35693
30.07029
37.50000
29.78068
35.00000
21.81192
36.50000
23.09882
25.31139
20.95328
20.40067
29.35227
20.26697
25.36840
40.00000
35.91038
24.25329
32.78211
18.01388
16.26776
34.76588
44.00000
24.76388
31.56299
31.37940
33.29665
41.00000
35.44009
34.29610
15.84172
27.85678
26.18564
20.67742
13.97999
15.23680
23.04886
35.00000
24.10783
25.92658
23.19483
26.56478
22.88422
36.00000
27.42604
30.09983
27.93743
25.25248
42.50000
31.09484
38.00000
16.41219
21.57979
15.66046
27.39018
38.00000
23.76447
36.00000
26.88659
39.50000
20.94487
23.27418
47.00000
29.43920
11.44188
14.68877
43.50000
16.90444
31.05193
45.00000
25.34758
19.71193
33.90510
30.41689
46.00000
33.90510
20.30394
26.19518
23.93089
16.93045
26.58738
24.38750
28.43413
38.68965
33.08911
19.17518
17.71691
38.50000
22.89105
37.38389
21.48384
42.00000
28.11089
31.56299
26.50000
28.85981
38.21867
23.34609
34.18577
31.47839
22.64705
22.88134
22.86676
22.96056
29.80306
21.21762
28.59293
29.69100
32.00000
30.26916
30.73543
28.38133
33.50000
31.41479
26.35337
24.41695
29.40899
34.56716
29.60105
38.00000
27.94041
27.47524
27.07859
24.96498
33.43651
25.09661
40.50000
31.84686
21.56128
29.55597
47.00000
27.01029
17.99460
39.50000
21.64871
26.98495
27.96426
23.65925
31.09484
27.58019
23.37199
14.10280
21.40654
25.38188
18.22601
13.69306
7.52773
33.82635
30.15884
27.96426
29.94474
28.54626
35.23571
20.41568
31.10768
30.09983
28.56024
27.64959
35.91038
36.50000
30.44485
31.09484
32.41742
33.43651
35.51838
30.26916
19.62040
23.93825
24.89980
22.75961
21.92411
21.21762
35.50000
26.54974
27.66315
31.28365
35.00000
30.53959
34.00000
31.66842
37.00000
38.00000
37.50000
26.41128
22.78706
30.26916
24.22579
26.54556
27.64457
29.40899
21.45198
23.02580
40.50000
37.50000
42.50000
43.50000
45.00000
41.50000
35.70559
40.00000
22.00568
30.26916
38.50000
28.24103
24.05549
42.50000
41.50000
36.24914
27.66315
42.50000
40.00000
24.77272
33.50000
36.00000
42.50000
31.15552
37.00000
25.95295
44.00000
32.03123
34.02940
33.62869
36.50000
29.13188
24.99778
25.31578
37.00000
34.45125
31.56299
34.93804
36.44478
43.50000
26.14742
24.39034
34.84250
24.19065
32.82614
25.67465
18.19450
32.69047
25.03498
28.26106
32.22146
29.13188
31.67894
41.50000
34.92214
31.00896
25.73300
33.50000
33.00000
36.00000
35.00000
32.41742
34.49960
41.00000
31.20185
18.85471
40.50000
33.82635
33.08911
39.50000
41.00000
37.50000
34.70831
34.02940
36.59083
38.68965
36.24914
38.00000
35.23571
36.17550
37.79183
36.38070
29.79933
22.41651
21.77585
34.58645
25.19700
24.71167
18.49831
19.72815
23.82226
24.44495
19.69162
23.27015
21.43012
26.10555
36.00000
41.50000
20.78461
25.61683
27.71620
28.12275
26.51205
28.85981
30.34615
30.21405
39.00000
27.04163
41.00000
35.91038
36.00000
29.22328
28.94055
37.50000
30.94439
35.50000
33.00000
37.00000
30.53959
39.50000
35.00000
31.47839
31.84686
31.96178
28.19377
43.00000
29.47315
24.71167
33.15955
22.72664
26.78723
25.24986
37.00000
31.94787
26.70557
38.00000
31.00896
24.08838
24.53569
26.53653
24.13892
30.47403
33.62869
27.34387
30.53959
34.92214
36.17550
43.00000
33.00000
33.71778
35.03649
34.49960
24.84326
34.76588
22.56103
30.47403
28.57738
31.20897
28.14694
29.13188
25.45953
18.44993
11.32843
35.00000
40.00000
27.53634
35.50000
30.90128
24.07396
27.17842
30.44485
31.37940
32.41742
35.03649
26.18205
19.96716
29.00958
42.50000
24.47831
28.40579
26.59992
38.50000
24.55988
27.39018
29.06028
14.21756
29.55503
28.70927
34.29286
34.96983
32.88701
33.82635
34.00000
31.02015
35.50000
38.00000
23.65772
31.20897
28.85981
34.50000
26.66250
16.55861
35.50000
23.25403
39.00000
41.50000
23.47738
24.68918
28.75568
25.95295
22.44638
24.99778
22.57078
24.00463
23.79542
22.94967
31.28365
18.46727
20.87487
31.09484
35.00000
24.53569
24.71167
18.92749
22.09575
25.61683
22.73030
21.17044
22.36487
26.54556
23.93045
36.50000
22.36565
21.17192
28.11139
24.68918
22.51419
26.28054
19.42936
21.32979
14.09787
23.55136
27.00000
31.20897
24.77272
41.00000
40.50000
35.00000
20.81730
19.18333
23.55313
19.08533
17.59261
16.29332
23.62731
24.62214
32.56105
29.51083
36.50000
37.50000
28.05798
23.61261
37.00000
31.09484
26.67747
34.93804
23.72060
19.73716
32.61901
27.21557
22.26404
23.50532
41.00000
24.65766
32.78211
37.50000
42.00000
23.03620
27.01029
24.34475
33.72767
39.50000
29.87753
31.28365
37.50000
35.50000
40.00000
21.57979
32.82614
43.50000
43.50000
43.00000
16.99081
43.50000
43.50000
29.55821
25.98557
21.32340
28.52192
19.43193
22.30595
29.74335
23.47738
35.64953
16.05740
28.07579
26.59992
15.15544
30.56505
44.50000
28.19377
21.13764
21.73131
38.50000
37.46406
17.31489
21.57979
30.91206
34.29610
20.60340
40.50000
26.98148
20.53503
25.20293
36.50000
29.50000
32.00000
22.88422
32.82614
38.50000
20.86145
25.39070
24.85067
30.94439
36.50000
35.50000
35.64953
25.95295
39.00000
31.88521
36.50000
27.45097
32.00000
25.95295
23.08138
18.26350
29.79933
37.50000
26.61179
26.04270
31.56299
18.31939
31.94787
25.38153
29.00000
28.50000
29.50000
26.00000
26.41969
30.00000
22.19234
23.76272
25.66450
23.58436
34.02940
20.76505
19.96716
25.62984
26.18205
23.95177
35.50000
23.84324
40.00000
28.94055
31.41479
32.78211
33.29665
37.50000
21.42429
29.97777
40.00000
20.39608
41.00000
33.55923
27.16040
27.47524
41.50000
36.50000
24.99375
32.78211
24.09746
