29.04403
27.53616
8.59758
44.50000
27.40780
13.93413
23.75336
18.07623
23.32857
17.46539
18.60753
15.90597
19.96873
15.11820
34.23773
39.00000
35.59026
13.56466
32.60198
14.96128
31.09484
22.58318
35.44009
39.41517
28.66279
32.25937
25.93582
29.80306
23.33809
28.19377
29.32955
22.28228
38.00000
27.72484
26.69582
37.00000
32.00000
38.00000
41.50000
41.00000
38.50000
38.00000
37.00000
35.50000
38.00000
42.00000
38.50000
39.50000
37.50000
35.91038
21.15420
19.14576
20.56426
27.87808
27.22476
24.56624
25.70019
24.18677
16.92631
22.77718
26.16295
25.27227
24.62214
26.06243
34.29610
27.98015
42.00000
20.15496
28.00397
24.89352
23.79469
22.43184
25.41038
23.28089
31.37940
35.97530
21.45344
19.31424
17.45165
19.87181
20.98809
28.24103
20.00000
23.37065
27.35365
27.93743
29.87753
23.66432
10.88577
22.99043
25.24986
41.00000
11.52895
27.64394
26.98495
33.08911
14.62874
12.67626
15.12448
45.00000
28.27101
35.12201
30.26916
19.97968
26.91073
39.50000
21.36001
29.02872
22.74313
35.97530
23.47738
28.39405
20.74247
25.84932
19.56119
35.50587
18.36736
18.16590
25.38700
29.40899
18.55323
19.84156
13.57157
17.50885
33.03870
22.90560
33.06895
29.80306
17.00551
20.07209
32.35566
34.09790
40.50000
22.44994
19.26623
39.50000
44.00000
21.35416
26.37589
43.00000
19.07459
19.67130
23.95177
24.32463
14.42991
27.07859
13.81304
17.59419
28.94055
28.57738
11.05385
21.31249
24.09703
41.50000
23.29700
29.97777
19.25325
26.83696
35.12201
21.97157
21.37025
23.29565
24.73232
25.77251
24.99778
33.71778
23.02580
31.49603
24.56624
22.07232
24.80297
24.41823
26.08999
25.15287
20.90903
28.66279
25.84932
34.96983
39.00000
29.22328
31.57828
31.66842
31.47839
35.31131
12.53994
25.95295
23.58495
29.02872
34.42222
34.96983
40.00000
35.00000
25.27227
33.76718
12.72164
26.95366
40.50000
27.35365
26.35811
36.50000
37.53221
40.50000
39.50000
23.68016
31.75252
30.50000
26.88659
35.44009
25.92296
18.01388
34.76588
25.08984
31.50000
39.00000
30.44485
31.00896
31.00000
27.53584
30.50000
29.53341
31.37232
25.92296
21.96019
19.00658
24.90482
24.62722
20.94636
26.24286
27.31300
34.00000
24.26288
44.00000
24.88348
37.50000
20.63220
25.78113
36.50000
16.63250
27.94638
31.05193
29.80306
22.63156
23.01207
15.72768
35.91038
35.78019
19.84339
36.99550
32.31443
20.09198
28.83032
34.50000
37.00000
20.66851
29.51083
22.32711
16.90578
26.24881
26.44215
37.11544
25.82029
31.32979
35.12201
19.91231
24.00463
20.86720
26.54556
24.25329
20.60340
28.57738
22.84048
26.51205
24.96372
24.33490
30.09983
19.99400
22.65364
24.25258
23.58495
27.64457
23.89644
21.11303
37.00000
25.46021
29.04403
22.70875
30.15884
27.92052
23.32857
26.78723
28.66279
33.35666
22.94967
23.39204
21.85304
21.89612
31.28365
25.01999
25.07364
24.10783
23.49979
29.81086
30.81486
23.97832
32.22146
30.53959
29.63106
28.47221
32.60198
28.47221
37.00000
24.21260
28.33137
26.51205
35.00000
31.00896
28.70540
25.31139
28.24103
24.01432
23.71181
24.01432
25.38153
22.44638
34.00000
32.96800
24.84452
29.00000
36.50000
29.78068
25.30316
31.37940
41.50000
18.51351
36.50000
32.88701
27.77026
24.27318
25.61683
31.20897
26.87006
18.45772
18.14828
30.73543
32.89377
24.64752
32.13513
34.70831
33.76718
30.73543
36.50000
41.50000
41.50000
40.00000
21.95877
30.51639
28.11089
40.50000
22.63095
24.25902
37.50000
22.98913
28.68362
33.43651
34.50000
39.00000
38.52560
34.65384
26.81767
23.92044
23.84617
23.37065
30.34615
29.95413
25.08984
35.86394
31.67894
33.82635
23.63657
36.17550
43.00000
26.61297
40.00000
25.92778
19.40361
32.96800
23.61261
26.59300
30.73543
35.23571
11.95659
28.94055
25.73300
31.20897
19.08926
21.67026
27.64457
22.95561
24.68299
30.44485
39.50000
41.50000
18.99177
33.48963
41.00000
28.40579
25.15287
31.13178
20.72100
33.35666
18.00680
24.80297
21.59259
25.97862
27.82086
21.35855
30.15884
20.35927
30.09245
21.59074
18.99177
23.14492
19.48743
18.68261
29.53341
24.04553
25.06990
27.15120
31.00896
29.80306
25.74663
28.73478
33.55923
28.17801
23.17412
35.87323
16.77962
17.67060
26.02990
38.00000
41.00000
23.45682
30.91206
38.00292
31.84686
15.79821
22.02272
18.68823
27.02314
21.41650
22.92788
21.22499
26.89796
28.08321
20.07209
18.34905
18.47593
19.87461
19.39555
44.50000
27.99107
23.36664
33.48963
37.50000
34.76588
14.59589
13.66163
14.67897
14.92481
27.91505
8.36172
21.33659
43.00000
15.80633
35.23571
38.00292
30.98790
21.13498
25.98437
40.50000
27.15120
18.46510
27.32927
17.99691
33.06895
24.47831
25.79729
47.50000
37.32143
45.00000
21.44032
20.80114
30.00370
20.94968
33.50000
38.50000
36.38070
28.89444
39.50000
41.00000
15.72768
39.50000
31.84686
29.17000
33.00000
19.80372
37.00000
19.31321
31.67894
24.12468
43.00000
22.56518
24.23955
26.84213
33.39442
36.00000
29.78068
27.26720
34.76588
39.00000
30.94653
21.06076
33.90510
25.38153
27.53584
29.50000
22.37558
25.48638
38.00000
22.43569
26.75234
23.56242
22.11334
28.00000
34.23773
26.98495
28.08321
36.52701
24.85067
23.46274
26.85493
27.93246
28.24889
27.62044
25.79123
24.70197
41.00000
13.42572
24.22579
26.08959
30.65217
12.46885
33.55923
32.88701
29.42257
13.00854
23.67884
27.77689
26.40549
32.88701
23.16549
33.35999
21.11492
27.24312
33.50953
36.12017
22.16303
27.15120
21.14681
19.73575
20.81730
28.89444
19.39645
17.97915
17.53853
10.19019
28.11089
42.50000
14.78081
40.61472
40.50000
39.41517
23.41415
13.32995
42.50000
29.95413
31.88521
35.00000
42.50000
37.50000
43.50000
32.09707
32.71425
40.00000
32.25937
35.40559
37.06151
29.29590
35.12201
36.24914
31.47839
29.84439
36.12017
35.44009
44.50000
36.44478
24.79193
26.99383
39.50000
32.50000
20.32701
18.53881
24.51304
25.97475
28.85981
29.87753
26.71246
24.25329
27.94041
23.44260
27.53584
25.56365
27.06782
33.15955
31.50000
32.00000
26.37589
28.85981
25.59080
27.47120
29.63481
30.73543
23.38033
23.58495
22.19234
20.67742
22.43184
23.28492
23.15167
29.32955
23.93742
22.69116
26.00000
28.75568
31.00000
23.03801
25.62226
27.58170
23.50830
32.56105
27.32927
28.85596
25.64542
27.60888
32.44226
39.00000
16.45114
29.92073
16.91153
23.35059
16.28987
23.71049
24.42335
41.50000
25.43005
21.23582
24.46937
25.31578
32.00000
25.18432
28.11139
29.87753
25.61683
24.70142
37.00000
33.90510
29.27266
31.67894
38.47366
36.50000
29.87753
37.72120
40.00000
32.03123
20.80865
21.51836
29.22649
21.42335
25.39070
28.56960
24.57005
21.17192
23.33809
21.78302
19.40844
20.41960
31.20897
25.42145
26.41969
21.71405
23.69716
24.63511
25.23391
20.34109
33.00000
36.00000
25.63903
20.01180
27.08423
37.50000
34.76588
32.03123
34.96983
35.39303
27.17842
41.00000
32.41742
26.23399
40.50000
34.50000
23.93825
26.83631
35.50000
28.01227
25.82029
32.78211
27.10627
27.47524
40.00000
37.27674
39.00000
28.87136
35.44009
29.33712
32.56788
32.78550
32.20637
26.98495
35.23571
26.61179
22.96606
25.82029
25.66450
36.50000
32.03123
35.97530
20.44505
19.66723
30.62679
17.70593
18.21428
24.89352
20.03885
23.63657
29.51083
27.01029
18.92584
24.70197
19.28108
21.81192
19.57518
27.08423
28.19377
26.28093
17.74824
19.11021
16.97056
23.15572
34.29610
23.84673
23.01494
19.62779
23.63657
27.31300
27.06782
22.51419
29.40899
32.61901
21.63844
30.00000
26.45161
18.24719
18.75870
21.42335
10.82307
19.11021
24.68172
25.30316
22.09638
33.62869
20.49000
15.48007
23.69716
23.24134
29.40899
28.57738
31.75252
32.38344
28.50000
26.37589
28.27101
25.24986
22.56518
26.19160
34.00000
26.04270
23.98437
23.17731
22.52899
40.00000
29.69100
29.22328
20.91052
18.41738
20.01599
24.86463
32.50000
27.93246
24.79415
24.22579
28.00397
23.28492
21.87893
25.54408
29.04403
31.94787
26.67747
23.44867
39.50000
31.13178
17.02021
20.07209
34.66987
30.62679
20.10373
35.03649
29.91133
30.94439
42.00000
23.94133
45.50000
41.50000
28.70540
25.95295
16.48029
44.00000
25.66491
29.13188
25.07987
31.88521
24.26288
19.53049
21.41699
28.00397
39.00000
23.54230
44.00000
22.60285
39.00000
33.08911
37.00000
37.38389
31.67894
34.09790
29.78068
25.31139
27.18251
28.70927
24.27962
41.00000
24.68918
37.72120
25.70344
23.31309
25.70344
21.44032
32.14896
29.13188
28.19377
18.73606
38.50000
20.01718
19.43079
27.21557
36.17550
23.09085
20.06863
24.29321
30.26916
30.26916
26.78036
31.75252
28.47221
25.30316
29.65637
22.98913
14.11559
12.18731
39.00000
35.78019
34.96983
17.74511
24.99333
37.00000
25.31578
21.12315
17.95828
31.66524
36.77862
32.42770
29.22328
25.96512
35.12201
25.39193
27.31643
36.08324
31.20897
23.34952
21.68381
18.98420
21.85304
38.21867
22.11900
26.08107
25.82419
24.65132
22.64398
24.17126
28.33137
21.89178
30.53959
18.25377
28.39014
13.51444
23.15707
27.47120
25.22345
23.32857
37.50000
21.53340
34.88393
19.44839
29.04403
27.80625
33.62869
37.50000
32.49957
29.60105
30.91206
39.50000
45.50000
23.69716
20.88593
28.55696
34.56716
31.84686
26.52711
22.05800
11.08873
32.22146
30.44485
24.30535
30.86530
32.60198
22.64398
37.00000
27.06782
28.66279
21.60247
22.73076
31.47839
34.09790
21.63844
24.55380
24.91318
25.10423
23.74210
26.22022
32.88701
27.94041
25.30316
28.19377
28.56024
25.37100
28.11089
28.08321
23.75336
20.07953
20.84866
42.00000
32.49957
23.41340
35.23571
21.04493
41.00000
19.30512
36.50000
34.84250
29.31818
38.00000
37.06151
30.01111
21.44032
22.42518
24.07396
20.11685
35.00000
23.45682
24.25258
38.50000
23.71049
20.40833
29.51083
23.93742
28.33137
23.89328
30.50000
22.61327
29.13188
34.00000
21.98545
33.62869
37.00000
28.28820
41.00000
29.80306
31.03045
26.71246
21.27596
28.56024
36.80580
30.86890
40.50000
31.20897
35.00000
28.85596
26.16295
37.50000
23.21398
29.04403
23.93045
22.80838
27.78889
20.90903
20.40152
26.24669
27.78889
28.85596
20.15564
27.62044
23.09882
21.23414
34.02940
41.50000
37.50000
33.24990
35.05234
29.60105
36.44478
40.50000
44.00000
43.00000
21.63844
35.50000
36.50000
33.98039
30.73905
40.50000
22.78706
24.88473
27.60435
27.47120
36.24914
41.00000
36.50000
31.09484
21.74138
17.21111
24.47831
43.00000
36.38070
33.98039
26.08107
31.16979
18.84642
23.51064
19.66316
24.34132
19.71801
25.46021
19.10393
25.38208
25.24986
23.08138
26.04270
21.24523
27.90161
23.56242
24.45858
13.10296
11.18213
27.52373
24.98500
28.09248
18.62122
33.76718
21.45320
38.50000
28.99138
36.50000
39.00000
42.00000
16.06985
20.53047
43.00000
24.01432
22.41651
16.42437
17.86757
16.36116
21.85606
22.29260
17.98533
18.24938
17.83704
18.84808
19.43079
15.74184
21.98153
22.82953
14.18406
18.28661
17.11841
23.69716
21.27596
21.63844
22.04541
18.63974
19.21874
24.20744
26.83696
27.28858
24.94438
21.33659
21.08317
20.65793
20.44963
23.43075
22.24157
42.50000
30.92284
46.00000
25.51838
18.47126
39.50000
25.07987
23.24193
24.64117
19.38659
43.00000
21.46363
37.00000
26.91138
44.00000
40.50000
24.46937
19.68502
32.49957
32.14896
27.71620
36.12017
36.85105
20.76505
24.37704
33.15955
27.07859
30.24346
23.56242
32.61901
23.03666
21.15089
37.00000
27.82485
20.92845
20.35927
15.02797
29.00958
22.62051
30.91206
31.47839
30.21405
27.82086
29.51083
27.82086
21.93992
21.52766
28.71846
21.89178
24.64117
28.47221
34.19877
35.00000
21.93171
24.72347
39.50000
18.97861
26.54974
32.69047
30.46674
26.23399
38.05552
28.44293
39.00000
22.12465
34.50000
39.00000
27.04048
30.15884
35.50587
21.61452
24.23955
21.15420
23.39204
21.28820
17.83704
18.33467
22.64705
31.00000
31.00000
32.00000
18.60779
24.79695
37.27674
28.94055
36.50000
29.70971
41.50000
28.39014
26.19518
32.41742
26.78723
21.74856
26.51205
39.50000
38.00000
16.03707
30.07029
21.46509
27.65298
45.50000
21.82172
44.00000
32.35566
22.98369
27.82086
27.64457
20.60795
23.84673
23.78419
23.45608
27.45097
32.22146
31.94787
32.41742
30.15884
33.29665
24.59675
30.21405
28.28820
25.70019
28.76727
37.50000
39.50000
36.00000
35.00000
39.00000
30.34615
38.50000
25.36840
38.73270
36.59083
14.23684
23.28492
23.17086
38.50000
30.07029
36.00000
38.00000
41.00000
40.50000
42.50000
40.50000
39.50000
41.50000
40.50000
30.09983
37.50000
37.50000
34.19877
41.00000
39.00000
33.72767
16.50454
32.61901
26.24669
40.00000
35.00000
26.71142
31.47839
25.39193
25.36840
13.96026
31.16979
32.88701
37.50000
42.00000
33.08911
38.00000
29.47315
41.00000
40.00000
31.66842
26.29045
27.47524
27.45337
16.33401
41.00000
23.09882
21.97157
21.92459
39.00000
25.38153
25.16943
25.66450
30.15884
21.92411
23.17086
23.01207
26.73741
22.52221
22.85826
21.46315
22.29910
44.00000
44.50000
35.17891
41.00000
16.03901
29.51083
28.47221
23.25224
35.00000
26.87006
26.38602
25.17053
31.09484
24.01432
41.00000
23.25224
24.85067
31.09484
28.98659
19.03050
17.14643
27.96762
23.33854
19.21588
20.79062
19.81313
22.88755
18.84642
21.13498
27.45097
20.52438
21.28820
20.14169
17.50873
32.22146
40.00000
18.44560
27.06782
17.47684
25.68438
23.36664
30.34615
26.64934
24.44381
33.43651
18.27567
23.81932
32.13513
30.73905
30.07029
30.47403
22.46419
20.35682
23.13547
26.15764
19.28108
22.55364
19.08533
17.87736
31.03045
20.71684
28.28820
40.00000
34.75949
25.94706
35.14099
28.31409
35.22625
26.72078
42.50000
35.91038
39.93606
16.80000
34.29610
28.56960
42.00000
44.50000
32.25248
44.50000
41.50000
28.42925
33.95422
22.42518
22.68673
18.24938
17.37354
25.17459
21.59138
24.75379
15.06652
28.08321
17.69294
26.78723
29.50000
24.84452
18.78312
29.33712
24.91318
27.64457
22.07232
38.50000
20.04214
43.00000
28.41984
26.59300
27.46816
22.86832
31.79448
30.62679
39.00000
33.15955
45.00000
44.00000
28.40579
28.95255
23.25269
18.25815
31.75252
20.15341
34.50000
24.85961
35.86394
31.28365
22.58672
10.49571
31.20185
21.74948
18.04303
32.35566
26.59300
23.66960
20.44113
24.49490
20.70024
15.75309
42.50000
31.49603
20.40980
8.39582
37.50000
25.62591
23.58495
30.44485
27.78889
30.53959
39.50000
24.91987
18.01909
30.73543
30.81486
32.22146
31.03045
33.15955
31.62629
30.65217
34.00000
18.36437
30.50000
25.60273
36.50000
29.17000
18.71330
11.74053
44.00000
27.90161
41.00000
19.48743
15.40909
9.97775
48.00000
26.74883
27.89601
27.71620
33.35999
18.85968
30.56505
21.78732
24.37596
47.50000
40.40627
19.38453
21.35790
16.93045
34.76588
30.07029
27.10166
28.75568
34.29286
27.33473
40.00000
35.00000
38.00000
19.68502
19.40103
27.35365
17.03673
19.06410
17.05989
21.56386
23.98958
33.95095
33.00000
38.00000
32.14896
32.88701
30.07029
30.15884
17.76154
20.94039
28.68362
22.77471
32.88701
21.15656
23.29565
19.37627
21.06076
23.28089
25.46934
20.44505
21.70161
26.10077
23.68016
17.92652
27.01029
36.33486
28.11089
40.50000
40.00000
22.57078
33.82635
28.50000
31.00000
19.22914
31.00000
32.00000
29.97777
34.00000
16.67333
21.92031
27.31300
28.53458
36.50000
24.28077
38.50000
29.81051
23.01494
40.00000
31.37940
35.64953
25.47057
42.00000
23.21398
37.00000
30.15884
43.00000
41.50000
31.41479
36.50000
29.69100
35.23571
40.50000
43.50000
42.50000
39.50000
38.50000
38.00000
23.79542
26.54974
25.17053
25.89764
36.00000
20.90933
43.50000
32.49957
30.09245
39.50000
29.69100
16.25300
26.54556
25.73300
34.09790
35.50000
37.00000
39.50000
22.71976
35.78019
19.35355
39.00000
42.00000
40.00000
36.50000
25.66450
36.50000
21.64871
20.30394
18.94070
29.97777
24.33490
28.24103
29.22328
31.37940
39.50000
40.50000
42.00000
36.50000
41.00000
31.28365
40.00000
19.49929
23.83799
41.50000
26.61244
30.15884
42.00000
21.11871
27.06782
24.09703
31.28365
33.48963
33.24990
23.22834
14.70510
24.87343
29.17000
29.78068
25.95549
32.88701
33.08911
26.57536
24.19065
22.53192
25.84999
29.58040
34.50000
20.16532
25.67465
22.65392
23.11190
44.50000
35.87323
34.56716
19.18958
20.68816
23.34925
30.07029
19.34528
41.50000
25.51838
21.45344
45.00000
26.28054
38.00000
28.98659
25.20293
38.50000
30.34615
20.02598
25.61683
40.00000
35.50000
33.03870
29.50000
24.38237
24.03513
25.36840
24.83277
27.62044
29.02872
25.36840
22.78706
23.14492
29.33712
21.79449
32.14896
33.24990
27.45337
29.13188
32.00000
28.40579
29.00000
30.43025
23.70654
25.15075
37.53221
19.82927
21.40093
23.53720
24.15574
24.34475
26.28054
24.00391
27.78889
25.67465
26.70557
25.24876
26.94851
28.11089
24.23955
40.00000
38.50000
39.00000
23.28089
37.00000
32.96800
42.50000
42.00000
36.00000
23.33809
20.94968
35.50000
23.33809
23.04886
27.47524
41.00000
39.00000
40.00000
32.41742
25.95295
25.49510
30.47403
21.69533
30.11125
22.48750
21.83025
32.13513
27.82086
22.56518
12.30610
33.24990
18.44343
11.91638
16.20617
18.08007
32.69047
27.14199
26.41969
26.16295
35.50000
34.50000
29.29590
23.71181
19.13113
25.61616
23.15707
22.29260
26.63996
27.72484
25.97475
22.74863
26.13214
23.63260
23.90607
25.08984
23.79542
27.86076
25.78113
32.00000
28.85981
27.82086
31.50000
30.07029
28.80201
28.12275
32.50000
28.87136
30.26916
40.50000
40.50000
28.12917
30.47403
41.00000
36.00000
33.25658
39.00000
27.45097
27.82086
27.18251
35.00000
35.50000
38.00000
27.64457
27.77689
27.17881
28.26106
25.62984
24.16609
27.25599
26.65521
22.79666
29.00958
35.64953
26.05283
37.50000
13.30564
26.31896
35.50000
27.43173
29.72688
32.09707
21.55551
21.95085
43.00000
33.15955
27.88369
20.86528
26.90725
33.71778
24.25696
19.20286
16.31525
34.00000
22.99321
18.60538
35.00000
20.73258
24.28077
23.79075
21.12315
19.87181
25.61683
14.99630
15.90723
12.11610
19.32615
19.24188
21.85304
18.89974
24.68172
18.86796
19.71516
21.15420
18.35647
19.34554
18.98842
23.15647
10.35482
11.86118
35.64953
26.51205
24.75253
18.86796
20.63220
18.37389
27.39018
38.00000
23.60614
25.16943
23.88514
35.69314
30.44975
19.92586
25.38085
32.49957
33.06895
21.16034
27.36786
31.66842
32.22146
21.33512
26.23928
29.79408
11.23981
36.50000
40.50000
29.32955
31.66842
33.35666
22.99275
35.22625
27.30728
33.90510
29.50000
24.14309
33.50953
24.91318
13.70726
13.97095
22.09575
27.93743
23.48404
27.64457
27.82086
22.16275
21.06389
23.03801
32.50000
28.33174
21.64871
35.44009
35.44009
21.70685
14.57944
20.32701
36.05859
35.00000
30.70016
24.99375
41.00000
38.00000
23.42008
32.56788
21.33659
22.52776
27.07744
29.70690
18.62257
34.66987
41.50000
39.00000
37.79183
24.93366
21.03568
16.87454
14.95270
25.20293
26.85493
19.01808
32.14896
34.29610
10.13348
24.42719
21.77585
29.04403
30.73272
20.77709
35.50000
27.17842
27.25599
31.28365
32.50000
34.00000
22.73076
27.47120
37.50000
20.15496
23.89037
31.88521
34.00000
42.00000
22.69912
25.92296
29.51083
29.46608
26.12829
29.69100
18.06654
23.01207
40.50000
19.83331
25.59080
34.02940
29.19225
37.00000
37.50000
32.88701
30.26916
31.94787
