19.32460
25.03498
13.54400
32.59889
16.79699
12.76279
12.63962
27.14199
27.08321
27.57263
19.36205
18.26712
20.53680
29.17000
21.52179
18.02082
19.68350
21.85304
23.28626
28.15138
28.40579
18.26712
23.42008
24.25329
26.61244
13.52923
27.62044
31.03045
20.94755
23.26714
19.54073
21.85606
25.86020
27.17842
27.47120
25.08984
22.19234
23.94786
25.36114
34.00000
28.28820
26.13214
29.51083
18.54724
18.91454
31.20897
29.79933
25.43005
29.69100
22.26567
23.41340
20.94373
27.58170
23.90999
28.00397
40.00000
35.50000
25.31578
21.85304
22.23033
32.00000
25.92296
10.94018
22.22611
19.34554
37.00000
32.14896
35.50000
29.19225
38.47366
30.84133
37.00000
30.68478
24.85067
26.78723
38.00000
31.50000
40.00000
22.38722
29.22328
24.99000
27.64457
23.86813
30.43025
29.50000
33.00000
21.31168
25.81182
30.00000
34.50000
21.55806
36.00000
37.00000
32.50000
41.00000
20.82200
22.64705
22.42069
28.40579
25.71964
33.82635
39.00000
19.65165
33.15955
27.34045
20.57766
31.88521
36.00000
35.50000
22.53192
31.47839
26.08040
34.29610
30.50000
28.00397
20.94039
32.00000
25.49510
22.39544
21.89035
22.14159
24.01432
31.94787
27.10719
34.70831
40.00000
26.27737
42.00000
31.09484
27.77589
29.32955
35.00000
37.50000
23.56905
22.19234
33.76718
28.59293
42.50000
41.50000
35.44009
31.00896
34.00000
19.67232
26.24286
30.94439
30.00000
31.50000
33.35999
27.82086
28.19377
25.42022
28.00397
29.13188
25.03775
30.50000
25.99399
23.78419
30.50000
30.81486
19.56936
29.69100
14.02453
28.00397
29.37261
24.55380
23.03801
28.47221
30.53959
25.75849
30.00000
31.50000
33.50000
33.00000
29.95923
21.03568
28.85981
31.20897
29.13188
30.91206
24.80297
32.50000
41.00000
40.00000
33.08911
34.50000
33.82635
31.00896
24.72221
23.15572
33.50000
32.69047
32.14896
35.23571
38.05552
17.92205
24.52932
30.47403
33.82635
27.24885
33.50000
28.75568
30.73905
34.00000
34.02940
36.50000
32.09707
41.50000
31.28365
39.50000
32.50000
36.00000
35.00000
22.13594
33.00000
29.60105
19.66596
24.44495
22.46525
24.99778
29.50000
29.50000
31.62629
31.00896
32.00000
34.50000
36.50000
38.00000
29.22328
29.22328
30.00000
22.18107
27.34387
38.50000
33.00842
17.68238
22.41093
39.63164
22.64705
29.13188
27.35365
20.52285
22.98913
25.42145
31.67894
29.04403
25.03775
22.09497
25.60273
23.58474
20.57912
22.78069
23.71181
38.00000
30.53959
26.91963
39.50000
38.00000
38.00292
30.50000
28.59293
32.50000
28.66279
20.72890
25.66450
37.50000
28.12917
21.00446
20.95328
32.50000
28.85981
32.56788
29.87753
31.67894
35.00000
30.50000
30.07029
35.50000
23.82226
28.11089
35.00000
33.82635
38.00000
37.50000
25.92296
29.22328
33.72767
29.27266
29.40899
29.00000
32.50000
36.00000
28.28820
26.54556
29.53341
36.00000
26.95366
35.70559
27.82984
22.71563
28.11089
33.00000
26.31856
22.85142
29.60105
31.47839
21.76436
24.41695
24.85067
26.78619
22.72664
25.30261
21.57979
23.45682
24.91318
30.81486
35.50000
36.00000
26.19160
29.17000
27.17842
39.50000
31.37940
39.50000
36.50000
41.50000
37.50000
38.00000
26.83696
39.00000
30.97176
25.95295
22.58318
33.98039
41.50000
41.50000
44.00000
25.89764
39.50000
27.68009
25.43005
31.41479
36.50000
26.23399
26.23399
33.50000
44.50000
24.81612
36.50000
34.50000
35.50000
35.50000
40.00000
32.41742
28.41984
25.42022
29.32955
31.84686
25.85053
16.83568
33.43651
31.56299
30.62679
20.52285
21.13975
28.08321
21.82888
16.46815
37.00000
23.97684
29.27776
34.00000
29.97777
28.39014
32.50000
29.79933
32.50000
30.47403
32.61901
35.00000
33.50000
22.29770
25.66450
27.06782
32.50000
32.50000
27.06782
29.23848
13.75500
24.37704
35.50000
38.00000
25.19841
23.47102
28.57738
22.55127
35.50000
29.60105
24.68918
33.50000
40.00000
36.80580
25.11349
36.00000
31.88521
35.00000
34.50000
22.85142
30.50000
24.26245
28.11089
25.61683
28.85981
28.12917
27.96762
28.08321
28.39014
26.65521
30.73905
25.46021
27.64457
29.31818
22.23033
32.00000
38.50000
31.94787
25.82419
41.00000
38.50000
32.14896
31.37940
30.15884
41.00000
40.00000
35.00000
40.50000
42.50000
42.50000
37.38389
43.00000
30.15884
43.50000
40.00000
27.64507
35.50587
36.59083
29.50000
31.94787
16.50926
29.87753
32.14896
30.86530
29.84439
30.72820
31.94092
41.50000
37.53221
34.37376
24.94995
22.52221
26.04203
34.00000
20.74247
19.94593
28.00000
31.75252
26.18205
24.96372
26.14742
38.26225
31.63332
32.78211
27.53584
30.91206
35.78019
35.12201
27.42604
35.00000
43.00000
30.09983
30.34615
31.00896
39.00000
39.00000
34.50000
20.82066
21.75868
42.50000
25.32291
25.24381
25.43005
34.50000
30.00370
33.55923
37.00000
30.47403
39.00000
29.04403
27.35365
26.96757
31.20897
24.01432
23.28626
37.50000
22.85826
21.37025
27.15797
19.51282
30.91206
21.78302
26.04803
23.44260
27.15797
39.00000
37.50000
28.08321
26.15764
27.65261
26.94851
25.36840
28.66279
26.16653
31.01612
30.44485
24.11307
28.54626
26.42442
33.06895
26.49528
29.93697
27.06782
25.59080
31.56299
23.95830
28.01227
19.39691
36.00000
29.80306
42.00000
38.05552
44.00000
36.50000
32.14896
33.08911
24.05203
35.50587
23.39338
22.83759
25.01999
27.06782
25.36114
32.96800
26.37589
29.29590
24.99375
32.49957
30.73543
24.82312
32.69047
34.76588
30.07029
25.67586
34.56716
20.60679
29.32955
35.91038
30.56505
27.44540
42.50000
31.94787
36.50000
29.52435
31.62629
27.01029
21.02974
42.00000
34.84250
22.32151
25.70344
34.70831
35.64953
29.51083
27.35365
18.88280
20.60795
25.11349
34.76588
24.49943
26.08107
39.50000
39.50000
32.96800
45.50000
21.41699
21.21320
21.64871
28.24103
29.93697
28.87365
31.66842
23.12331
20.38842
24.63511
24.00000
27.00000
25.97862
18.99123
21.09597
29.40899
27.53634
45.00000
28.66279
37.00000
23.76447
23.62202
29.53341
22.53192
33.43651
25.84932
27.44426
27.94041
31.66842
34.09790
26.51886
31.00896
23.56242
21.77522
20.67462
40.00000
24.66272
23.44142
26.18205
26.71246
23.75336
21.31249
23.89561
35.44009
29.32955
37.00000
19.20124
31.20185
26.93859
28.01227
24.63511
24.07396
38.00000
21.00595
24.45858
19.83053
23.97684
43.00000
39.00000
25.06367
21.65179
22.64705
40.00000
23.83668
30.00000
27.13393
25.48638
32.03123
19.68756
21.31168
22.07232
31.67894
23.56242
21.04014
43.50000
35.00000
17.60000
26.87006
20.85399
19.36976
35.00000
37.50000
22.22611
36.00000
34.37376
35.50000
40.50000
38.50000
30.07029
26.79552
33.08911
35.03649
31.53173
16.99081
27.98015
19.88970
22.22611
21.23582
24.72221
28.47221
27.17842
24.45858
39.00000
36.33486
29.32955
18.47972
32.14896
34.42222
30.34615
22.52221
27.98015
26.38602
40.00000
37.50000
31.75252
37.50000
30.62679
25.49510
28.28820
25.19300
26.48113
24.33490
31.20897
32.41742
37.00000
36.00000
36.50000
27.25599
22.94967
37.00000
26.59992
23.84717
19.43811
29.27266
30.94439
31.62629
27.62044
25.24986
29.32955
33.55923
38.00000
33.00000
30.50000
34.50000
30.00000
26.54556
26.04203
37.00000
34.76588
25.46021
37.50000
27.19720
33.00000
26.44911
22.41093
16.76865
22.52899
22.92788
25.15287
24.68918
27.47524
24.68299
24.40671
18.00444
25.16943
37.00000
26.54556
22.12465
30.81486
30.50000
32.00000
30.34615
32.00000
25.84932
32.49957
23.69716
23.69716
35.00000
33.00000
25.62984
36.33486
37.50000
23.61261
30.53959
24.70324
33.03870
35.70559
32.22146
25.01999
27.72484
38.00000
26.89215
31.00896
24.53569
30.90128
30.15884
32.00000
36.50000
32.50000
22.65364
25.30261
36.00000
30.84943
41.00000
20.11685
27.01029
26.61244
33.50000
22.66176
32.88701
37.32143
33.50000
29.32955
31.20897
32.53716
33.24990
31.70469
44.00000
36.50000
22.46479
17.49821
26.16295
17.12776
22.55364
23.09882
22.64705
22.39544
20.81466
19.49840
20.81466
32.31443
20.60946
25.49510
27.07744
23.76272
23.89328
26.32489
23.54782
19.37421
19.00105
25.69411
28.28820
24.53569
18.62495
24.34475
37.53221
21.83025
29.27266
36.50000
24.41823
16.15673
34.09790
30.56505
24.14309
25.38153
24.38237
32.50000
21.99290
30.00370
42.00000
25.18308
27.39868
29.04403
29.87753
26.24881
28.70540
25.68438
19.55505
22.57211
22.32011
18.88783
28.47221
23.21398
34.02940
20.24253
25.06367
20.93442
19.42132
28.66279
23.32857
22.75961
22.68039
19.64688
19.13531
20.36075
24.55380
24.32077
37.50000
28.39014
28.00000
24.38579
23.50886
22.23033
23.12331
25.01999
29.60105
32.00000
33.50000
31.00000
27.47120
26.04270
30.53959
30.81486
27.47524
25.78113
29.13188
29.63106
35.00000
30.80077
28.66279
25.77251
25.66450
31.75252
34.42222
28.85981
32.82614
33.50000
25.49510
41.50000
29.40899
30.15884
29.79933
29.53341
36.50000
34.50000
39.00000
37.50000
28.75568
30.21405
26.06722
30.07029
27.75225
35.50000
31.56299
26.84937
23.20022
27.92052
24.13892
35.50000
33.50000
37.00000
36.00000
28.47221
28.59293
30.00000
25.18308
25.00000
29.32955
32.50000
28.47221
24.26245
30.50000
32.00000
25.27350
22.49978
28.50000
31.09484
36.00000
36.50000
23.29998
25.95295
22.98913
26.08107
26.98148
22.83759
20.86720
24.27447
25.32291
27.92052
26.08107
25.03775
24.46426
29.00000
33.50000
39.00000
24.79415
35.00000
34.00000
21.39720
30.00370
22.74203
36.00000
30.15884
33.29665
19.43418
32.22146
33.90510
37.50000
29.74335
35.00000
32.56788
31.67894
38.00000
39.00000
31.67894
27.72484
26.78723
23.47738
25.01375
37.00000
36.50000
31.50000
23.32857
31.50000
28.47221
30.96369
24.80297
30.09983
22.29100
38.50000
38.50000
34.29610
24.33490
37.00000
31.28365
31.41479
38.50000
37.50000
39.00000
37.50000
41.50000
33.62869
27.64457
33.00000
28.38133
26.22380
32.82614
33.50000
32.00000
30.00000
34.00000
34.50000
36.50000
25.20417
31.03045
37.50000
35.44009
39.50000
38.50000
39.50000
25.40177
40.00000
34.00000
34.50000
41.00000
41.50000
34.50000
29.40899
28.47221
26.04270
28.11089
19.39484
37.00000
25.70344
27.94041
25.56365
28.75568
29.40899
30.53959
28.00397
21.79880
23.31711
19.71040
22.06241
20.99735
22.70875
20.18044
19.63893
24.01432
14.71054
34.02940
24.74369
36.00000
30.26916
25.15287
32.88701
33.00000
43.00000
24.48852
33.50953
23.95177
23.03666
31.15552
25.00000
23.24328
26.46106
41.26607
23.41453
22.12465
24.72221
25.46566
28.31409
35.97530
30.62679
31.09484
34.00000
30.68478
39.00000
38.00000
31.84337
31.00000
28.00000
34.00000
35.00000
31.47839
39.00000
30.90128
35.61211
30.53959
31.09484
34.50000
32.56788
34.00000
28.19377
32.14896
32.31443
30.68478
21.06561
36.50000
24.22579
38.50000
37.00000
30.26916
31.20897
30.53959
24.27318
38.50000
20.10572
22.08365
30.00370
23.55136
21.12315
26.24669
30.26916
23.13547
21.09597
25.24986
37.11544
29.42257
17.39425
22.15147
27.53520
30.81486
36.99550
30.15792
30.36857
21.47528
26.08107
31.50000
36.50000
28.65746
27.25599
19.43811
18.07318
21.68381
22.86190
35.17891
19.21458
17.10672
27.50000
29.00000
26.61766
19.14637
28.56024
41.00000
25.39193
33.08911
34.00000
39.00000
38.05552
33.50953
23.37065
21.78302
26.56478
21.76133
18.62686
24.39034
36.50000
20.81466
37.50000
28.24103
29.17000
38.50000
26.54974
21.60295
34.18577
26.96757
22.36068
29.69100
22.69116
26.04270
31.50000
37.00000
27.18251
26.88659
21.88515
23.92117
22.09497
36.50000
25.92296
22.69912
41.00000
31.15552
21.16034
22.66274
21.57979
33.50000
35.00000
37.00000
35.00000
38.50000
32.00000
27.92052
32.00000
32.00000
35.50000
24.34132
30.00370
29.00000
30.07029
29.87753
26.71142
37.00000
32.82614
25.30316
31.63332
33.24990
20.62008
32.14896
34.96983
28.59293
33.50000
26.41969
35.50000
31.37232
26.95830
43.50000
30.91206
24.91486
25.07987
23.78571
34.00000
33.90510
43.50000
41.50000
26.04270
22.75961
34.50000
35.00000
21.96019
30.50000
26.44911
31.56299
27.45097
30.00370
29.22328
31.94787
26.83631
26.64583
21.93741
25.89401
27.82086
30.00370
37.00000
31.47839
42.00000
30.09245
25.74272
25.24986
26.88659
27.01029
29.79933
29.50000
26.41128
22.79254
27.35365
21.86893
32.00000
21.77154
32.50000
28.40579
34.00000
18.13836
25.70344
23.77499
25.75849
36.50000
29.95923
32.31443
37.50000
30.73543
28.94055
28.85981
28.75568
31.75252
31.20897
21.76133
30.26916
32.00000
22.55127
29.04403
30.53959
20.57912
28.40579
29.32955
31.56299
32.31443
28.47221
29.13188
20.69269
23.47738
26.87006
27.76126
25.84932
35.00000
26.66250
25.97862
24.23324
34.00000
24.89352
29.50000
25.38153
26.71142
25.89764
26.08107
26.15764
25.86020
26.98148
23.04886
30.62679
30.73905
30.26916
33.50953
29.00862
32.69047
44.00000
28.39405
33.03870
38.00000
28.12917
20.89402
37.00000
21.98153
18.53213
21.67227
22.27527
30.53959
28.94055
24.39034
40.50000
44.00000
21.45926
32.14896
23.94661
26.70880
24.63511
22.22611
29.53388
23.78024
30.53993
22.33741
32.89377
35.70559
22.50866
32.35566
37.00000
30.01111
23.22413
30.15792
24.14022
35.44009
39.50000
42.00000
29.60105
25.98557
30.40102
40.00000
26.89215
37.00000
28.28820
32.25248
44.00000
25.03775
37.50000
37.50000
39.00000
37.50000
31.47839
31.59465
35.00000
31.28365
31.09484
36.00000
32.50000
30.50000
32.14896
41.50000
34.37376
34.29286
31.67894
31.37940
35.50000
41.50000
39.00000
26.19518
27.35365
23.79075
28.12917
36.33486
28.11089
29.93639
21.66795
20.77709
21.98153
34.02940
21.47528
33.24990
23.71049
27.47524
32.35566
24.58093
22.83759
22.09638
23.29998
22.83759
21.32340
20.72890
33.50000
31.47839
41.00000
32.49957
25.42022
22.41093
24.53569
26.54974
26.24246
20.89707
27.92052
18.94624
20.58367
37.50000
26.41969
21.30352
27.72484
21.78073
26.08107
29.69100
28.59293
22.36487
27.13393
31.09484
38.50000
38.50000
36.50000
30.67063
36.24914
26.61244
38.26225
26.41128
22.75961
27.64457
23.28492
37.50000
40.50000
24.24376
35.97530
25.81182
41.50000
18.66815
19.05256
16.40122
33.62869
27.08423
29.69100
27.04972
39.50000
27.72484
24.26245
23.60614
25.59080
27.93246
28.11089
22.37558
23.17865
23.80126
21.41699
26.87006
24.85067
26.66250
27.53584
34.00000
29.00000
26.71246
22.18107
25.19700
26.51205
30.07029
26.29045
21.60000
23.13547
23.58495
30.53959
27.82086
25.42022
26.23399
35.00000
36.00000
29.97777
25.20417
32.03123
24.38579
20.68061
24.55988
19.08461
18.81064
30.81486
28.70540
27.47120
22.21908
37.00000
32.49957
29.51083
30.73905
33.62869
41.00000
36.00000
37.00000
29.40899
32.00000
35.50000
35.50000
35.50000
33.50000
31.00000
31.00000
30.68478
27.06782
29.60105
27.94041
32.50000
35.50000
29.67638
32.50000
25.57342
26.54556
27.64457
27.79688
24.94369
26.37589
22.29770
22.14018
21.37171
23.55313
19.60612
19.75449
32.61901
22.00545
26.12829
32.41742
25.17315
25.75243
25.31578
37.00000
36.50000
38.50000
19.41649
29.50000
19.45989
25.18308
18.76832
27.52373
22.84048
23.01207
35.83605
34.45125
22.70875
26.28093
21.54501
23.89328
23.33809
24.68918
23.34286
25.03775
33.50000
34.66987
23.87860
28.66279
29.50000
33.00000
35.00000
25.65151
21.28820
36.00000
29.31818
30.40102
17.19767
19.62244
20.38382
26.51205
27.06782
27.01029
32.00000
27.35365
17.27715
19.24838
34.50000
32.41742
39.50000
19.71516
38.50000
40.00000
16.70449
22.59425
20.00600
25.98557
32.96800
33.06895
26.47050
31.32979
19.63263
23.22714
29.63106
34.29286
37.50000
27.79388
26.03243
35.50000
37.00000
34.00000
31.50000
33.50000
31.50000
30.07029
21.75287
21.56479
25.57342
26.13214
26.71246
34.00000
30.26916
44.50000
29.12366
29.00958
30.56505
31.00000
31.66842
33.08911
30.62679
25.38153
32.61901
24.23195
35.00000
33.15955
32.26066
28.64764
22.96737
36.44478
11.05542
25.15287
43.50000
27.74086
31.67894
38.99573
46.00000
29.63481
46.00000
26.43270
33.90510
27.60888
27.02314
25.74272
31.28365
30.44485
25.27227
33.24990
23.37734
16.42681
18.54292
29.13188
24.38237
18.38987
20.93442
21.66923
21.67227
33.82635
27.13393
24.23840
26.87355
28.28820
33.35666
28.66279
27.04163
29.41513
28.14694
35.00000
22.63156
22.09497
23.42008
24.38579
24.22579
25.94010
34.50000
27.74887
22.77608
37.00000
32.69047
30.26916
31.50000
33.55923
32.31443
32.61901
39.50000
35.50000
36.50000
35.00000
32.35566
28.47221
36.50000
37.50000
36.50000
25.01999
24.00463
30.62679
33.15955
25.73300
31.50000
30.81486
27.24427
30.91206
31.28365
25.17053
26.04270
25.19700
36.00000
26.28054
36.00000
31.00896
29.97777
30.26916
27.25599
24.60056
27.86076
27.69815
21.57979
41.50000
32.00000
27.53584
28.22676
22.94014
23.84717
40.50000
24.79695
28.39405
27.39868
30.18094
25.10423
21.87893
26.50000
31.15552
28.47221
23.76272
21.45344
19.56119
27.64457
30.44485
35.00000
25.06990
23.59152
35.50000
27.53584
39.50000
20.85761
20.58367
31.00000
36.00000
31.50000
20.26080
31.49603
30.70650
29.95923
28.85596
20.43740
23.71049
29.60105
23.92117
21.74138
21.17044
25.24986
27.82086
17.31589
26.38602
29.32955
22.67510
21.42335
21.89749
27.72484
24.57005
40.50000
30.55414
41.00000
35.17891
28.43707
43.00000
25.70344
40.50000
43.00000
38.00000
31.28365
34.29610
39.00000
46.00000
34.02940
38.50000
30.07029
34.49960
29.79933
33.72767
22.47638
24.55988
29.40899
26.78723
26.78723
30.50000
30.34615
25.06367
31.56299
39.50000
26.08959
38.50000
22.75434
28.57738
24.37212
27.39018
35.00000
27.53584
32.61901
32.41742
26.35693
36.50000
35.00000
25.24381
30.91206
26.31896
27.64457
26.66927
28.08321
22.26404
20.12561
27.82086
28.94055
26.03243
35.64953
39.50000
39.00000
37.50000
39.00000
33.08911
40.00000
41.00000
36.33486
41.00000
41.50000
33.82635
28.39405
39.38133
38.00000
39.00000
36.50000
25.77251
39.00000
30.62679
30.62679
24.71167
24.58997
25.48638
33.29665
30.07029
29.42257
35.64953
25.01999
24.22579
26.78723
30.73905
30.53959
25.81182
33.35666
30.43025
40.00000
34.65384
28.57738
25.77251
32.61901
31.96385
28.39894
25.92778
28.28820
27.93246
34.49960
40.00000
30.70650
39.00000
35.17891
28.39014
25.82029
25.62226
21.43012
28.39014
25.11349
24.63230
21.34104
28.28820
19.17518
23.84717
26.54974
30.56505
33.00000
30.40833
30.44485
42.50000
29.31818
33.35666
25.24381
24.05722
22.17105
33.50000
24.23955
31.37940
26.65521
34.50000
27.82086
23.25224
35.78019
35.23571
19.35562
13.06292
23.25403
21.18372
23.77499
27.77689
28.70540
32.42770
34.09790
26.93859
24.21260
30.81486
31.09484
34.18577
32.78211
28.28820
32.03123
40.00000
41.00000
19.31968
33.15955
33.76718
42.00000
25.86020
29.80306
35.61211
43.00000
31.28365
21.98153
34.37376
18.17106
19.18821
26.83696
22.15147
17.81151
39.50000
15.50484
29.22328
36.00000
29.53341
37.00000
36.00000
41.00000
22.17105
19.72942
31.00000
26.89215
22.50000
23.37065
21.89178
22.82953
22.73030
33.62869
36.50000
16.97609
19.13766
30.56505
26.61179
35.00000
34.29610
35.17891
36.50000
33.15955
26.38602
11.51347
38.50000
27.25599
22.85142
23.13547
21.92459
24.85067
21.35790
21.27205
18.07085
28.52192
