46.00000
48.00000
29.00958
22.94014
26.99383
20.75786
15.76983
21.56128
39.88595
22.09575
37.18721
42.50000
42.00000
33.43651
18.59267
42.00000
37.00000
35.00000
23.03620
25.24986
24.08780
31.50000
25.17315
25.95295
29.40899
27.36786
23.08679
31.37940
32.31443
39.50000
38.00000
41.00000
45.00000
38.00000
35.50587
40.50000
23.14492
24.38237
22.82953
27.44426
33.50000
20.94039
27.60888
26.74883
35.44009
36.91432
26.16653
36.50000
20.47407
42.50000
28.28820
33.90510
40.00000
34.76588
20.50813
30.19106
25.39193
31.03045
27.94041
22.13956
27.39018
30.73905
27.45097
29.51589
18.83260
24.00000
23.76315
27.39018
27.82086
28.54626
25.38153
25.27350
17.47684
19.57958
27.72484
33.50000
35.00000
26.24246
25.15287
31.47839
30.50000
35.00000
37.50000
34.00000
27.53584
40.50000
36.00000
38.00000
31.50000
26.78723
21.75287
23.88907
22.80762
44.00000
27.79726
18.56879
21.45198
19.91702
29.12366
30.94439
28.47221
24.71167
36.50000
20.52438
35.50000
37.00000
22.67157
30.26916
27.22476
27.01029
36.50000
23.63260
35.31131
41.00000
42.00000
37.11544
45.00000
18.23842
33.00000
32.00000
28.47221
35.50587
27.25599
37.00000
38.50000
24.53951
28.08321
36.50000
26.94851
39.00000
31.20897
39.50000
29.93697
36.00000
37.00000
37.00000
28.47221
37.50000
36.00000
35.50000
28.57738
21.55806
26.24881
24.77902
21.20943
27.62044
25.46021
24.25329
28.72281
42.00000
28.47221
27.71620
25.30316
23.09221
31.96178
34.70831
39.00000
30.50000
32.14896
26.51205
33.50000
26.16295
33.35666
33.25658
34.89349
29.13188
26.23399
28.07468
37.50000
36.17550
33.98039
38.50000
39.00000
36.00000
27.94041
21.87464
23.88907
27.47524
21.43012
37.00000
34.02940
24.66146
24.33619
38.50000
22.73076
39.50000
33.76718
27.52373
41.00000
29.33712
33.65511
38.00000
24.84326
26.08107
27.94041
25.66450
26.49528
14.82584
22.64950
25.95295
23.27015
23.45720
36.50000
38.00000
32.03123
25.48038
26.80485
37.00000
26.78969
29.55503
25.32291
41.50000
24.66146
26.31856
30.34615
20.72438
17.73584
19.95620
20.32701
22.84048
30.53959
35.00000
31.20897
28.31409
26.59992
31.20897
22.66054
34.41899
23.52127
37.72120
32.61901
26.90144
31.75252
31.94787
33.00000
32.61901
39.00000
35.50000
42.00000
29.60105
34.49960
28.39014
31.20897
33.00000
27.38042
31.75984
29.31818
25.54408
44.00000
26.05283
30.43025
20.40196
23.54782
26.78723
23.60482
22.10581
20.27776
34.50000
16.05740
28.16358
18.97367
20.02399
17.53397
23.16376
20.99524
26.78723
23.06919
43.00000
19.26623
45.50000
36.38070
26.28054
35.44009
31.84686
23.34925
36.00000
33.35666
28.87136
22.74203
22.94967
32.56788
28.86499
34.47060
32.69047
33.35999
33.90510
19.23954
22.52082
30.30161
33.18969
23.98307
29.32955
19.30512
25.70344
40.50000
25.70344
14.09787
21.95877
24.85067
33.82635
19.95464
34.18577
22.60946
26.51205
23.17086
22.00505
19.60159
19.42292
30.86890
19.45508
23.39872
23.14492
25.81061
21.12315
20.90903
21.51017
21.99290
34.49960
32.14896
30.15884
24.12468
36.00000
26.08959
25.46021
25.49510
38.00000
37.50000
27.62044
32.03123
38.00000
24.25902
30.81486
22.47310
27.82984
30.44485
37.50000
27.64457
15.09172
32.82614
27.77689
27.72484
29.00000
30.00000
28.19377
38.50000
36.00000
33.00000
31.00000
30.47403
34.50000
27.26720
35.00000
33.50000
37.50000
33.00000
36.12017
28.50000
31.94787
27.92052
28.47221
35.50000
26.51205
23.79542
23.89561
25.10423
26.59992
29.48823
31.50000
37.00000
31.41479
33.43651
35.00000
34.09790
29.22328
29.85381
31.00000
35.00000
35.00000
29.40899
29.32955
26.60827
32.50000
25.54408
24.16609
19.77271
34.37376
29.81086
39.00000
29.87753
24.02603
35.50000
28.94055
20.30369
37.50000
33.90510
38.00000
35.50000
29.40899
32.61901
24.76262
34.00000
28.28820
31.09484
25.23391
24.41695
20.66301
21.99290
23.08002
30.62679
23.62541
27.25599
28.46928
33.50000
27.35365
25.70384
26.91963
23.79542
22.85279
23.12331
29.94810
21.89035
19.87360
23.93742
34.70831
25.83602
35.00000
25.84999
31.41479
39.50000
34.00000
27.08667
29.69100
25.56365
29.22328
30.97075
29.87753
39.50000
33.08911
22.01562
44.50000
31.96178
21.50000
42.50000
30.40833
25.03775
20.88636
19.84156
42.00000
23.45682
23.21398
21.87893
25.31578
35.00000
35.03649
36.50000
28.07530
33.50953
29.87753
26.51205
27.77689
33.00000
24.42719
26.63996
27.17842
23.26714
34.50000
31.12341
26.08107
37.50000
21.30728
26.31896
27.28858
22.02697
35.50000
31.09484
32.22146
29.69322
32.78211
34.37376
30.73543
40.00000
35.64953
26.28093
32.03123
33.43651
34.96983
31.66842
29.69100
27.25599
37.50000
20.70628
20.77498
22.40954
37.00000
25.03775
39.50000
37.50000
33.50000
36.00000
28.66279
22.30595
23.17086
24.58997
39.50000
31.09484
28.41984
28.75568
32.22146
30.50000
30.26916
23.68016
28.75568
23.06919
28.87136
34.23773
33.15955
35.50000
24.38237
38.50000
36.50000
40.50000
28.89961
40.00000
30.44485
29.00000
32.00000
26.74299
31.37232
26.22022
28.59293
28.00397
25.92296
32.50000
23.34609
20.81466
23.80126
25.52450
32.50000
27.65261
32.96800
35.00000
31.67894
35.50000
33.08911
29.32955
23.47102
24.68918
37.00000
32.03123
31.94787
38.50000
18.19035
31.15552
28.00335
30.47403
34.02940
38.00000
33.50000
25.10423
25.79244
33.25658
37.50000
22.57964
42.00000
32.61901
31.66842
29.27266
28.34608
30.73543
26.66810
28.98599
35.00000
27.57263
39.50000
27.47524
27.17881
30.07029
25.83710
24.15781
31.16979
24.14125
37.50000
18.84038
30.47403
33.00000
23.11250
17.33413
22.41651
18.95224
20.12461
23.90607
18.88121
21.38340
32.00000
27.31300
28.24103
27.25599
29.53341
20.74247
30.00000
36.00000
29.60105
29.97777
26.91963
37.50000
29.87753
34.84250
31.47839
37.00000
32.41742
25.39193
34.02940
28.39405
38.50000
20.16928
28.09248
24.47831
29.87753
23.39204
28.94055
25.61683
22.60946
41.50000
19.75475
25.70344
30.00370
25.31578
31.63332
22.42855
41.00000
22.23870
36.00000
36.00000
18.20867
38.00000
28.19377
26.41377
36.50000
23.61261
25.31139
31.03045
30.26916
30.26916
33.76718
28.89637
27.06782
27.24427
28.47221
29.22328
28.39405
22.19234
25.08984
38.00000
28.54626
39.00000
23.31180
28.89961
31.20897
30.68478
22.27527
25.11349
38.50000
33.43651
31.95309
23.35594
22.09615
32.50000
25.32291
25.38085
35.50000
20.78912
32.78550
22.29770
30.44485
32.42770
22.48750
26.22022
20.68816
25.66450
28.54626
26.25357
27.64457
28.00397
27.35365
22.99321
24.79695
31.47839
27.47524
31.67894
39.00000
40.50000
33.50953
38.00000
26.22380
19.63670
32.35566
26.50000
27.18251
25.66450
36.50000
38.00000
34.70831
28.24889
18.26712
25.17053
21.63764
23.89328
23.50931
22.16275
36.00000
29.48823
29.79933
21.76006
24.22163
25.57342
31.00896
25.67465
27.50000
25.46021
24.25902
22.33131
25.62984
31.79448
22.30595
30.55630
21.67227
37.50000
39.00000
35.00000
27.17881
29.13188
23.67884
43.50000
40.50000
41.00000
16.25546
15.65886
31.96178
18.29317
37.53221
24.53951
19.74842
24.52932
18.60108
33.98039
24.41695
28.14694
29.23183
26.31896
28.01227
27.99107
20.98190
26.91073
30.15884
24.21260
38.50000
24.14309
23.65772
19.33100
25.09502
29.51083
21.59138
27.62044
22.89651
30.68478
24.01432
23.04886
27.64457
21.29554
25.82419
25.31139
20.33322
29.06315
28.47221
39.00000
28.08469
28.07468
27.28553
37.72120
25.82029
22.99275
24.70324
29.60105
29.19225
21.06751
23.73157
43.50000
22.89651
35.69314
27.94973
34.29610
25.81061
32.88701
24.53569
29.22328
41.00000
41.50000
30.09983
25.77251
27.45097
30.94439
27.25599
30.68478
31.50000
27.65261
28.33137
22.79254
33.00000
37.00000
34.23773
30.34615
22.40536
33.50000
25.50858
31.30495
26.61179
29.87753
31.49603
28.69233
44.00000
42.50000
19.29216
25.39029
21.64919
30.91420
30.53959
22.09497
26.96757
25.29204
27.51818
36.00000
32.88701
31.15552
29.48823
29.80306
40.50000
21.42866
22.72664
29.27266
30.00000
25.77251
13.15447
16.67333
23.50886
27.53584
26.24246
27.25599
28.47221
34.02940
33.76718
34.02940
39.50000
41.00000
40.50000
30.53993
37.00000
35.00000
34.00000
33.50000
37.50000
11.48066
29.97777
25.24381
31.28365
26.51205
33.08911
30.62679
30.94439
34.50000
31.00000
20.50951
26.24881
36.50000
20.32732
26.74299
27.40235
23.28492
27.65261
28.53458
27.19477
32.69047
22.29350
26.71246
28.85981
30.43025
36.50000
34.70831
32.96800
23.12466
27.57263
32.13513
24.61707
43.50000
22.82542
12.37740
25.83602
32.22146
38.50000
33.35999
21.96019
25.34142
19.35200
20.14547
17.73885
25.19700
23.56777
22.62051
33.50953
31.75252
23.41340
20.42156
31.62629
34.70831
38.00000
30.34615
30.73905
19.45508
20.56089
26.41128
22.59425
19.93113
41.00000
27.88468
25.71357
21.42234
29.50000
29.53341
40.50000
31.94787
17.74511
16.34778
38.00000
30.47403
27.43173
12.94218
34.29610
32.96800
33.76718
33.15955
25.79123
37.06151
17.94126
23.55136
22.77608
22.40000
28.65746
25.73300
31.94787
27.21557
27.78889
28.39405
40.00000
29.80306
24.92990
30.91206
23.21637
32.41742
30.73905
42.50000
36.33486
26.54595
28.47221
43.00000
27.53584
17.42663
25.04371
41.50000
39.00000
33.50953
37.50000
31.50000
17.11607
36.00000
24.12468
37.00000
31.00000
33.35666
31.37176
25.94706
41.00000
27.26720
31.28365
21.60295
28.85981
32.22146
24.85961
26.32489
34.00000
28.66279
38.00000
33.50000
27.92052
29.87753
25.75243
39.00000
36.33486
41.50000
25.02998
20.86720
29.69100
37.00000
32.00000
30.94439
33.00000
34.50000
37.00000
31.00896
36.00000
28.19377
36.50000
32.82614
26.73013
27.62044
30.49898
33.50000
31.15552
44.50000
37.50000
30.34615
31.00896
29.60105
30.18094
24.57005
33.82635
29.00862
37.06151
27.25599
35.50000
31.00000
22.98369
24.64117
21.12315
28.12275
28.87365
35.50000
35.00000
34.00000
33.50000
35.00000
43.50000
40.50000
31.50000
40.00000
31.56299
23.50931
40.50000
37.00000
28.24103
36.00000
29.00958
33.00000
27.17842
29.50000
25.03775
26.54556
29.53341
30.53959
26.53653
33.00000
22.19610
25.31139
24.85067
26.88659
28.87136
27.77689
30.09245
29.40899
21.74601
35.14099
31.50000
38.00000
24.70197
16.98529
33.98039
41.50000
37.50000
38.00000
35.00000
21.44032
32.22146
31.62629
28.85981
27.25599
24.07396
23.84324
22.74863
25.22276
27.45097
23.15707
23.05835
28.54626
27.65261
26.22380
27.94973
32.00000
36.50000
31.41479
25.38153
29.50000
34.00000
23.35594
25.15287
32.50000
30.26916
33.00000
31.67894
30.21405
32.00000
27.94041
29.60105
29.95923
27.17842
30.81486
23.54060
27.79726
32.00000
32.50000
34.50000
37.50000
28.19377
27.77689
25.77251
35.50000
30.15884
29.40899
32.22146
24.68918
31.00000
27.53584
24.83277
27.35365
23.03801
23.48404
23.58495
24.25329
23.89328
22.66176
25.10478
34.23773
38.00000
30.26916
36.00000
32.49957
38.50000
32.82614
33.72767
25.18432
26.22022
39.00000
25.54408
25.03775
33.76718
14.29143
29.51083
25.30316
30.81700
33.62869
24.25329
23.92117
31.41479
31.28365
24.84326
29.79933
24.94369
25.15287
24.41695
24.68918
26.54974
22.20923
21.76436
23.21637
21.63701
22.17105
42.50000
37.00000
25.39070
30.56505
29.47315
32.03123
33.08911
27.92052
33.43651
26.71246
20.81466
22.43881
27.65261
26.13214
29.53341
26.78723
21.11492
31.88521
23.47738
36.50000
37.00000
34.50000
26.13214
28.33137
35.00000
34.50000
29.13188
34.50000
36.00000
34.50000
31.56299
32.00000
33.50000
35.50000
33.76718
39.50000
32.82614
30.00370
35.00000
32.50000
27.60435
34.50000
29.13188
35.97530
38.50000
30.15884
34.50000
36.50000
26.38602
31.28365
39.50000
40.00000
42.50000
26.41969
36.50000
30.53959
30.53959
35.39303
35.86394
27.45097
29.60105
36.50000
39.00000
27.32927
28.19377
32.06590
28.56960
40.00000
26.55654
38.50000
25.30261
28.85981
26.02283
29.97777
28.24103
32.22146
39.50000
32.00000
20.23265
23.15167
20.91507
28.11089
31.00000
41.50000
26.72078
24.81305
23.52127
33.50000
26.13214
20.08980
36.50000
19.45867
34.00000
38.00000
25.84999
37.00000
26.59992
25.30316
21.61452
26.80485
21.11871
19.78484
35.50000
25.24986
31.62629
42.00000
34.50000
25.86020
24.48852
23.55136
34.66987
25.31139
25.02998
18.84808
20.80385
18.56448
23.69716
22.44994
19.57677
32.35566
34.56716
28.54626
35.00000
32.14896
24.00463
22.00505
40.50000
24.44381
30.34615
26.84937
34.92214
26.02990
26.62236
30.01111
31.56299
35.17891
31.00896
24.85067
24.77902
34.02940
25.92658
27.69815
26.29045
32.00000
23.03801
21.56386
26.47995
34.45125
31.75252
40.00000
27.47524
34.00000
29.69322
27.25599
25.73300
29.05168
34.47060
28.00397
32.78550
24.80297
30.26916
28.50767
26.24669
22.34950
23.28492
24.79695
27.32927
21.68525
22.55364
22.85826
24.39034
30.81486
28.00000
39.50000
35.00000
36.50000
30.62679
33.00000
22.06556
22.15762
25.42022
37.50000
29.53341
31.62629
31.00000
27.04163
38.00000
25.97862
24.93366
20.80769
21.50581
24.68918
22.25281
22.09638
23.22041
42.50000
24.32463
26.05163
29.87753
32.00000
25.15287
28.85596
27.06782
30.94439
26.86424
32.50000
39.50000
30.73905
41.50000
30.68478
29.33712
39.00000
40.50000
27.30728
32.42770
23.99349
39.50000
40.00000
44.00000
34.76588
39.00000
32.31443
34.76588
21.22940
38.94440
35.44009
29.47315
39.00000
26.63748
32.22146
28.64001
32.35566
24.12468
25.27227
18.64403
42.50000
27.01029
36.91432
25.43988
25.59080
24.91318
45.50000
43.00000
43.50000
39.00000
28.09804
30.84133
43.00000
35.91038
28.11089
26.83696
32.63721
39.41517
46.00000
44.00000
45.00000
41.00000
41.50000
21.74090
21.92459
35.00000
18.51501
21.57545
33.82635
37.00000
27.06782
21.08761
38.50000
38.00000
35.86394
26.61244
26.23399
22.73030
14.00669
13.62672
29.33712
29.22328
25.27227
39.50000
36.00000
36.30733
28.94055
27.15797
28.11089
24.91318
30.00370
36.00000
38.50000
24.74242
32.96800
33.06895
36.50000
28.54626
35.31131
33.15955
40.00000
40.50000
41.50000
29.17000
38.00000
35.50000
21.92350
23.37734
24.76388
32.60198
24.58093
31.94787
34.02940
37.00000
38.50000
34.50000
41.50000
36.24914
38.00000
36.00000
30.94439
33.62869
19.30673
30.15884
23.46673
39.50000
27.25599
23.42008
39.50000
28.94055
32.49957
32.35566
21.36586
25.81061
30.26916
29.69100
24.86463
43.00000
34.49960
31.50000
29.79933
26.69582
19.79293
27.45097
24.81451
24.25258
31.56299
20.06390
20.26080
21.47528
31.50000
31.47839
35.50000
32.00000
30.34283
34.76588
35.00000
35.50587
40.50000
34.00000
33.35666
29.87753
29.32955
29.95923
43.50000
32.88701
33.08911
35.00000
33.08911
38.50000
24.21776
17.98765
28.66279
31.09484
27.53584
29.98646
35.97530
25.92658
34.96983
30.41792
27.53584
26.24669
32.03123
22.82953
26.83631
19.48219
24.25329
21.29554
22.75961
19.67708
21.79880
39.00000
34.50000
27.52612
41.00000
44.00000
24.17988
29.04403
27.17842
28.56024
25.27227
42.00000
27.77689
26.13214
26.08959
28.00397
31.41479
27.86014
27.77026
29.60105
25.20293
34.50000
27.47120
38.50000
33.95095
31.75252
33.98039
23.27418
25.90729
20.97236
30.50000
34.00000
26.13214
41.50000
30.62679
42.00000
39.50000
32.00000
31.28365
36.00000
33.06895
31.09484
28.19377
32.49957
28.00397
34.00000
32.50000
36.00000
40.00000
25.86020
18.40894
18.37117
37.06151
35.61211
27.98015
39.50000
30.26916
30.56505
35.50000
38.50000
37.00000
29.80306
30.68478
25.17053
18.92512
33.03870
37.00000
31.47839
33.62869
20.64364
25.42145
38.50000
41.50000
39.50000
33.08911
28.26106
27.06782
7.90921
22.30595
23.62202
35.50000
34.50000
33.62869
32.50000
26.94787
26.52711
29.63481
32.49957
22.46419
25.04496
24.05549
23.97684
26.61244
31.82766
29.31818
21.82315
27.01029
24.26288
26.98148
25.31578
23.69716
19.05361
19.62779
22.85826
27.92052
24.06761
27.39018
31.12341
22.53192
29.53341
23.41453
33.50000
38.00000
32.00000
28.11089
42.00000
28.75568
41.00000
28.70540
32.13513
22.19234
33.15955
19.29145
24.74242
33.03870
43.00000
26.98148
35.00000
41.00000
26.55654
28.66279
26.08107
32.00000
28.00000
27.35365
22.32011
29.79933
21.89178
32.09707
35.00000
31.50000
36.50000
34.76588
33.35666
40.00000
37.00000
35.50000
31.37232
31.50000
40.00000
38.00000
32.41742
31.62629
28.04015
39.00000
26.19160
33.50000
23.62202
34.02940
26.69582
22.46479
27.44426
21.56821
22.09575
19.31839
36.05859
36.00000
45.00000
42.50000
25.50858
19.98600
27.88369
31.41479
20.41786
34.89349
18.53213
32.00000
23.68016
36.50000
34.00000
29.63481
27.77689
31.50000
28.74456
28.64001
33.15955
34.00000
34.83084
27.33130
30.62679
36.33486
31.88521
31.88521
26.31896
36.00000
37.50000
37.00000
28.54626
22.86236
22.45551
38.00000
28.19377
31.67894
32.22146
23.27135
40.50000
22.14159
19.64281
23.84673
24.79695
37.50000
25.62984
35.14099
18.97999
29.63481
24.01041
24.44381
25.49877
27.58623
29.36409
28.94055
25.70019
28.94055
25.95295
30.07029
34.50000
33.50000
29.04403
37.50000
20.89258
33.55923
32.42770
24.96372
27.56243
29.13188
31.09484
24.99778
32.50000
36.00000
33.98039
34.56716
32.49957
24.70197
27.58170
34.50000
36.50000
36.50000
27.53584
13.55581
35.50000
21.33512
39.00000
37.00000
35.31131
25.92296
24.34475
32.03123
29.69100
28.08321
33.50000
32.50000
22.82542
23.89561
41.00000
28.33137
37.00000
28.11089
21.63701
37.85352
18.11077
16.11211
19.24838
21.02974
21.21762
20.77709
27.18915
24.43742
25.15287
31.67894
25.36237
33.15955
13.23715
19.01808
20.18911
29.79933
21.78440
25.01999
31.49603
9.44134
10.97998
23.11190
15.48566
27.47726
20.86115
18.88783
24.39034
39.50000
36.55437
19.79899
23.71049
24.06761
21.35855
40.00000
24.25258
23.41415
37.53221
23.71181
31.20185
22.90606
38.50000
26.48113
31.28365
31.88521
30.34615
35.50000
37.00000
36.00000
34.00000
32.13513
28.66279
23.49468
33.06895
26.70557
27.01029
30.86530
31.00896
27.63490
25.59080
21.41588
27.65261
32.00000
36.50000
26.28093
26.70206
22.29770
33.03870
20.02598
22.85142
21.85040
27.06782
33.00000
27.65261
28.39014
37.27674
38.50000
22.63156
21.92350
27.10627
20.33322
24.45895
25.00000
18.78723
22.94559
22.09497
23.47102
19.66437
21.00595
24.39034
23.15167
19.30803
23.57456
24.58093
29.85381
25.38153
17.92267
22.63625
21.79449
23.27015
23.86813
23.35594
22.74863
38.94440
33.29665
33.50000
31.67894
21.46253
18.18351
29.69100
25.75243
21.88515
24.80297
23.45208
36.08324
35.50000
25.55753
35.23571
20.28546
29.50424
23.47738
40.50000
24.12468
26.42442
29.00323
29.96143
31.94787
25.66450
29.33712
28.75568
27.35365
32.50000
27.86076
26.69582
25.45953
29.17512
30.70650
32.49957
27.43173
23.02716
18.25815
20.09378
21.76436
28.43707
26.28093
27.77689
34.50000
29.00000
22.54994
33.50000
32.50000
34.50000
35.00000
32.82614
34.09790
38.00000
38.50000
28.94055
34.50000
23.17731
19.11649
24.41695
24.96372
28.11089
29.00958
25.38085
26.28054
26.59992
25.18928
25.84999
25.54408
23.15707
25.17053
25.43988
