14.56880
27.58019
25.52559
17.70828
12.49816
15.89549
45.50000
28.08321
29.12902
20.54805
20.53182
28.53458
16.98529
30.86530
25.81061
31.66842
20.18044
41.50000
36.50000
38.50000
20.67742
26.26785
26.52711
22.79666
20.02967
36.91432
38.50000
40.50000
31.09484
19.62244
22.99456
21.09407
26.29045
22.40179
17.80976
27.47524
20.82883
35.50000
24.85067
23.55136
21.18175
42.00000
32.49957
33.76718
31.28365
29.97777
24.27447
23.88907
28.75568
24.43742
32.31443
20.98190
27.13342
33.50000
22.47310
28.14694
24.23221
33.62869
26.65521
27.28858
47.50000
45.00000
42.00000
33.55923
28.86499
41.00000
22.45489
37.00000
23.79542
35.39303
24.13504
40.50000
23.17086
28.11089
29.13188
28.66279
34.00000
32.61901
35.50000
38.00000
36.50000
28.59293
29.62263
36.50000
29.51083
40.00000
41.00000
28.80430
31.28365
31.15552
33.08911
21.97015
28.00397
33.03870
21.21697
32.88701
33.29665
38.50000
36.00000
24.85067
20.94968
22.83759
41.00000
31.47839
22.29798
29.10136
30.56505
29.63106
29.31818
31.47839
25.17053
24.19091
25.23391
29.97777
26.22022
32.00000
33.00000
30.98790
17.79213
39.50000
27.72484
32.50000
32.69047
32.22146
29.08930
28.26106
30.70016
19.45989
22.70875
25.71964
19.81792
29.51083
29.79933
28.84874
25.90152
41.50000
19.24188
42.50000
28.87906
42.50000
20.06863
18.57922
20.38382
20.95680
20.30240
17.79438
18.53213
25.66125
33.00000
31.75252
30.62679
40.00000
38.00000
24.31563
36.50000
28.66279
24.05549
31.96385
36.08324
26.87006
39.50000
40.00000
25.13961
33.62869
33.82635
37.11544
21.91461
19.75316
28.25221
23.84717
20.08109
24.82942
27.14199
30.07029
30.44485
31.41479
26.71142
29.17000
39.00000
30.90128
35.00000
37.50000
29.69100
29.95923
25.66450
30.00000
24.53569
29.60105
26.71246
31.50000
25.42022
20.72890
29.60105
36.00000
30.50000
29.13188
24.89352
26.42442
21.85040
26.41969
27.19477
28.28759
30.00000
23.58363
36.00000
25.84999
38.00000
21.85606
23.79542
26.41128
24.60056
25.88919
31.67894
26.39129
26.52711
25.53919
38.50000
35.00000
34.50000
24.06761
28.85981
32.61901
31.15552
30.34615
33.62869
25.77251
27.92052
30.73905
33.00000
35.50000
37.00000
30.91206
38.50000
28.87136
34.45125
35.23571
26.84213
42.00000
27.39868
32.35566
27.68574
43.50000
34.09790
31.62629
39.00000
26.41128
46.00000
20.51926
27.02314
37.50000
20.79062
21.22891
37.49667
20.59581
30.09245
32.88701
23.39204
30.07029
35.17891
45.00000
33.29665
31.37940
30.40102
22.28228
26.05283
18.36954
21.24984
19.91702
22.80351
20.59733
22.14159
20.02598
22.82953
22.43881
21.33917
21.08910
23.02580
24.06242
28.39014
28.75568
25.24986
26.52357
26.87006
29.79933
27.52373
29.06315
28.66279
23.97684
22.64705
24.90482
29.60105
30.73543
35.00000
21.78732
14.06014
21.85040
31.59465
42.00000
26.69582
44.00000
42.50000
32.49957
32.61901
29.87753
30.26916
32.35566
25.49510
21.85606
20.94487
23.62202
24.71167
25.02998
33.00000
30.50000
34.50000
25.66450
34.00000
35.50000
22.23033
26.16295
22.85142
27.43283
24.22292
32.14896
33.50000
28.07579
28.54626
31.56299
21.42866
29.97777
22.41651
28.07530
29.48823
29.04403
30.26916
30.91206
28.00397
38.00000
28.37252
26.04203
27.06782
31.88521
31.94787
28.40579
29.87753
38.50000
27.40235
28.18244
20.51067
29.50000
24.91318
27.17842
23.37007
25.00000
24.56624
21.13498
24.55380
27.65261
28.00000
33.50000
28.25221
26.08040
29.49046
37.27674
28.75568
22.12465
20.94487
22.44994
33.25658
33.50953
27.08423
37.50000
20.74030
22.67510
34.76588
34.50000
27.26720
35.00000
31.84337
27.01029
29.53341
26.05163
30.73543
32.31443
35.86394
39.50000
37.00000
15.06652
38.00000
37.00000
37.50000
37.50000
20.12561
26.88659
24.25329
34.42222
32.61901
35.97530
38.50000
37.00000
36.50000
39.00000
38.73270
31.96178
43.50000
19.90812
23.11190
27.47524
29.04403
24.84326
25.59663
22.24298
33.29665
24.42335
34.76588
44.00000
30.62679
38.50000
29.12366
29.60105
30.44485
37.00000
28.19377
32.50000
31.94787
24.68805
20.52285
22.42518
43.50000
23.97264
30.15884
28.39014
34.50000
23.78419
33.76718
29.06028
29.51083
22.88755
28.19377
39.50000
32.61901
34.96983
42.00000
29.31818
41.00000
29.17000
29.93697
41.50000
27.78889
28.69233
19.21874
42.50000
42.50000
27.82086
29.04403
40.50000
37.00000
39.50000
41.50000
37.50000
18.68261
28.19377
23.28089
21.34245
27.47120
29.22328
29.33712
30.41792
28.43413
37.49667
25.55753
29.17000
29.87753
36.00000
26.54556
27.25599
20.15409
33.50953
24.64117
23.63657
24.91318
22.68627
35.50000
29.32955
30.26916
25.51838
22.84048
28.25221
41.50000
27.15120
28.12275
34.49960
31.66842
31.37940
24.64117
25.48638
24.66146
27.62044
26.54974
29.51083
28.19377
31.20897
37.50000
30.53959
30.91206
31.50000
23.73157
36.50000
27.64457
26.16295
24.79839
30.47403
29.53341
25.90849
27.64457
20.15409
22.63979
33.00000
22.63625
25.67465
28.57738
32.00000
23.55313
22.20783
28.00397
30.50000
25.75243
26.03243
22.85826
41.00000
27.01029
30.00370
36.50000
25.02998
28.12275
22.70875
27.45097
29.60105
39.00000
15.89615
14.91643
15.21512
32.88701
31.28365
34.37376
33.90510
40.00000
42.00000
18.01555
11.43703
37.50000
40.50000
24.55988
22.27465
38.50000
17.80976
40.00000
28.24103
29.40899
13.42339
22.77608
34.00000
28.19377
22.30595
24.41695
23.45608
23.05125
22.50000
29.80306
36.00000
33.18969
19.79689
26.98148
27.45337
35.50000
25.54408
28.47221
19.98750
34.29610
26.47168
29.60105
31.37940
37.50000
29.13188
33.50000
28.75568
31.50000
33.50000
34.00000
34.84250
26.23333
42.00000
34.02940
28.75568
17.28258
12.25724
38.50000
35.50000
28.85981
22.91697
31.75252
33.50000
30.00370
24.30535
18.62686
26.24246
28.47221
40.50000
25.03775
22.88134
20.58367
26.41128
27.92052
27.64457
21.21762
24.80297
20.36388
23.32857
25.10423
20.71714
18.57310
20.85569
30.73905
27.99107
20.90933
25.67586
21.78302
29.30444
35.44009
28.85981
29.60105
27.35365
31.37232
30.00000
26.88659
22.99275
28.59293
26.80485
26.41969
35.50000
31.00000
38.50000
33.55923
23.14087
34.00000
41.00000
31.20897
32.03123
29.32955
26.71142
32.69047
33.00000
40.50000
27.01029
25.61683
35.50000
31.00000
27.47524
26.38602
38.00000
36.08324
29.40899
24.12986
26.84937
31.00000
35.00000
28.28820
32.00000
26.78723
29.87753
30.00000
28.50000
28.00397
30.15884
31.41479
32.49957
32.50000
39.00000
35.50000
24.57005
27.02314
32.82614
32.50000
25.99399
35.50000
27.17842
29.00958
34.50000
25.19700
27.45097
36.00000
37.00000
30.50000
36.50000
28.08321
33.50000
32.09707
35.50000
28.69233
24.93366
40.00000
33.55923
26.41128
38.50000
40.00000
16.24808
36.00000
32.09707
38.00000
43.00000
38.50000
24.94438
26.88659
33.50000
31.94787
37.50000
29.79933
28.80201
36.00000
27.94041
24.36570
27.26720
28.65637
25.30261
25.70019
22.22611
40.50000
39.00000
27.64457
30.24346
17.12272
29.51083
41.00000
28.75568
28.87136
33.82635
39.00000
41.50000
23.61261
40.00000
19.96246
28.50439
23.34286
27.15120
31.75252
24.12986
31.96178
42.50000
26.69582
24.13504
21.21320
25.55753
24.68299
23.97264
22.06241
26.89215
21.82315
22.94014
30.34615
31.16979
23.98958
44.00000
27.06782
26.83631
36.64545
35.23571
35.44009
40.50000
32.50000
29.27266
35.12201
21.22640
47.00000
35.50000
28.70540
34.29610
26.73481
21.91438
34.00327
23.79469
21.86893
35.86394
36.77862
23.84673
42.50000
25.03775
36.00000
22.71211
25.79244
25.61683
20.98065
19.80372
22.98913
40.50000
25.03775
22.52082
32.03123
31.56299
36.00000
20.43282
24.91318
18.40652
30.21405
20.88593
30.53959
28.00397
41.50000
21.85177
23.79542
26.41128
23.84717
34.29610
20.40000
26.16773
21.54623
24.01432
30.86530
34.00000
34.37376
39.50000
21.94311
20.22474
21.24853
33.00000
29.33712
24.14309
38.47366
27.06782
31.75252
29.00000
24.08780
30.50000
23.35594
21.42335
30.00000
19.70406
28.57738
21.54501
28.85981
32.00000
31.00000
27.65261
23.15707
35.00000
34.23773
34.50000
39.00000
29.40899
34.00000
37.50000
33.00000
32.82614
34.37376
29.33712
22.36487
34.76588
35.00000
28.00397
23.06919
22.85826
24.58093
21.79880
21.65064
27.35365
25.48638
22.41093
31.00000
29.50000
21.66795
35.50000
34.00000
23.17758
33.50000
27.06782
33.50000
32.50000
25.03775
27.31300
25.17053
24.28348
29.48823
18.38478
33.50000
14.51344
28.51644
19.05361
21.11871
19.55761
25.01999
27.01029
25.78113
39.50000
40.00000
38.00000
28.75568
24.84452
22.92379
22.06099
20.29008
43.00000
22.93953
41.00000
35.00000
26.61179
29.04403
16.86630
27.82086
31.37940
16.37643
39.50000
25.31139
23.31309
40.50000
30.09983
42.00000
35.97530
41.50000
24.12468
20.77113
31.94787
33.62869
18.52701
19.35200
29.94810
18.99177
19.13740
21.44388
24.32463
29.60105
23.62202
30.94439
21.85304
23.79075
22.64705
29.00000
29.69100
31.47839
22.19657
31.75252
38.00000
45.50000
32.14896
28.28820
33.08911
36.50000
34.76588
29.37154
41.50000
21.74601
33.98039
23.68966
43.00000
33.90510
23.35594
36.50000
20.84466
35.23571
27.82086
34.66987
37.00000
27.17842
35.50000
36.50000
36.50000
19.84156
23.49468
30.55414
26.23928
23.96331
39.00000
16.60602
24.90482
24.56737
18.47810
21.10095
25.95295
25.20293
36.00000
31.28365
22.67157
24.71167
22.51111
22.31950
23.12331
42.00000
27.25599
21.78732
18.70401
23.15167
34.02940
31.56299
40.50000
28.19377
23.04886
26.04270
25.95295
21.17044
21.79449
29.93697
25.24986
31.50000
31.28365
21.71837
22.98369
37.00000
26.88659
31.20897
28.39014
33.00000
35.00000
30.50000
30.68478
25.01999
32.00000
31.49603
29.04403
30.26916
38.50000
33.50000
27.18251
27.39018
34.00000
31.00000
34.00000
27.82086
37.50000
29.63106
32.22146
20.58155
22.20783
32.49957
25.05369
26.08959
29.79933
29.63481
23.93742
26.41128
27.15797
18.19231
36.33486
32.22146
42.50000
30.73905
27.47524
30.07029
27.31300
33.00000
30.94439
34.00000
25.63567
33.00000
29.50000
28.00000
33.50000
30.07029
25.24381
34.00000
42.00000
32.49957
33.00000
28.59293
32.50000
33.50000
29.79933
26.98148
29.27266
26.08107
28.85981
29.01724
26.22380
29.63481
31.75252
24.01432
20.06390
36.50000
22.29770
26.38602
29.22328
22.89590
25.10478
33.00842
42.00000
25.95295
28.47221
35.00000
38.00000
35.50000
33.00000
29.13188
25.50858
29.69100
25.01999
35.44009
29.54657
29.69100
32.49957
32.41742
30.34615
26.08959
32.96800
23.84673
22.37744
31.84686
22.88134
23.86420
31.56299
38.50000
29.32955
29.17000
23.94133
41.50000
22.17105
24.45858
20.08109
22.64398
23.53720
26.04270
27.01029
23.98958
25.19300
24.53569
22.27465
24.05203
31.84686
35.39303
34.02940
39.50000
29.80306
35.03649
25.81061
33.15955
30.00370
31.47839
23.97684
31.50000
34.23773
32.96800
23.35996
26.74883
32.61901
31.37940
33.24990
28.00397
27.28553
26.09598
23.97684
24.25329
24.19065
28.41984
21.15420
24.46937
27.34387
30.94439
23.82226
26.13214
27.39018
22.69116
28.54626
37.00000
34.50000
32.61901
34.50000
34.00000
27.72484
31.20897
30.15792
31.53173
40.50000
37.50000
30.73905
36.50000
26.41128
31.37940
18.43061
28.69233
28.65746
35.00000
27.17996
25.36114
25.66450
23.32783
36.50000
31.41479
22.81447
28.75568
26.83631
29.13188
39.50000
24.99375
35.00000
28.85981
35.03649
25.98557
35.00000
36.64545
38.00000
36.50000
28.87136
33.50000
32.88701
31.84686
33.55923
29.53341
28.94823
38.00000
31.50000
31.14783
26.85493
35.00000
32.50000
31.62629
25.66450
28.28820
30.26916
23.08138
28.75568
39.00000
34.37376
32.56788
23.74210
29.53341
41.50000
25.06367
21.73707
35.00000
15.51411
45.50000
19.93880
39.50000
39.50000
40.00000
38.50000
25.95295
25.61683
42.50000
22.63294
21.57979
25.65151
32.49957
20.57766
23.87860
28.87365
18.48892
28.87136
27.82984
17.73943
19.49974
25.61683
37.58546
21.67948
22.00568
31.94787
32.50000
37.00000
37.50000
37.00000
34.50000
17.65899
29.97777
22.03832
19.01315
25.31139
38.50000
39.50000
35.23571
29.33712
27.47524
27.01029
26.98148
35.50000
26.86075
27.72484
32.50000
27.45097
27.72484
31.50000
37.50000
22.19234
23.82939
26.22380
31.75252
23.01494
26.87936
24.30535
30.84943
27.19477
26.71246
21.40093
22.30471
24.39034
38.00000
20.92845
26.78619
25.43005
19.73221
22.62051
23.50931
25.38085
30.70650
24.17126
32.13513
40.00000
39.50000
41.00000
28.00397
25.48638
31.41479
32.61901
33.35666
38.50000
22.16980
37.50000
33.50953
31.20897
36.50000
39.00000
33.50000
25.31139
24.39034
26.28054
35.50000
33.29665
37.00000
34.50000
28.47221
33.62869
26.10555
24.22163
25.22276
22.16275
18.79787
24.44495
25.73300
30.07029
24.08838
35.50587
26.71246
28.56960
26.08959
29.93639
18.82126
27.32927
24.26288
24.58997
24.55687
26.78723
20.20297
38.50000
27.58170
37.58546
27.96762
40.50000
38.00000
29.80306
28.28759
20.02967
25.01999
18.63465
29.13188
37.00000
38.00000
24.41766
40.00000
31.28365
29.87753
33.82635
25.30316
41.00000
27.47158
33.55923
25.21428
32.57587
26.24246
20.58367
19.87461
26.47995
17.02469
29.60105
32.88701
34.96983
16.84303
27.89601
19.00000
11.05542
25.24381
26.53653
27.18251
20.35682
34.02940
19.31839
19.51121
24.10783
23.76047
33.50000
27.45097
35.00000
37.50000
39.00000
27.18251
32.41742
30.34615
37.50000
34.76588
27.82485
25.01999
23.47738
40.00000
34.75949
28.47221
34.00000
23.97684
26.02403
33.50000
29.32955
24.30821
22.14859
29.50000
24.87343
26.91073
27.08667
35.50000
45.50000
43.00000
35.23571
32.22146
34.56716
38.94440
22.09072
34.50000
39.00000
31.20897
26.24669
17.83956
25.10423
24.49490
22.02697
16.95170
28.00397
35.23571
31.20185
24.07396
26.39129
23.58495
19.52434
24.46426
16.17096
28.28820
23.60614
23.02716
24.30535
28.57738
28.47221
28.00000
36.08324
29.51083
27.48181
30.58901
34.00000
20.81730
24.22579
30.53959
25.92296
24.84326
27.17842
29.40899
22.74863
29.04403
26.09981
29.40899
33.00000
34.00000
31.00000
35.50000
36.50000
22.39838
28.57774
29.72688
25.19300
34.50000
32.69047
29.01724
37.00000
42.00000
22.28789
27.72484
26.13214
22.52643
30.07029
18.99052
24.03513
24.99778
27.01029
25.32785
19.82896
26.91073
29.47315
33.00000
21.32340
28.75568
25.92296
23.78419
27.53584
28.57738
33.00000
31.50000
28.00000
22.42855
28.33174
38.00000
25.46021
29.13188
19.38040
39.00000
20.07586
23.54782
32.31443
26.61179
28.47257
40.00000
22.73030
22.36565
22.86676
31.16979
24.40671
22.52221
24.94438
39.00000
26.41128
36.00000
35.50000
33.55923
29.78068
34.50000
35.50000
29.63481
28.82273
23.08002
30.15884
24.85067
27.26720
36.50000
31.50000
35.00000
29.40899
29.33712
27.62044
27.17842
24.38579
33.35666
35.50000
25.09980
34.00000
32.49957
27.17842
25.92658
33.00000
27.51818
27.94041
36.85105
21.82109
24.33490
36.50000
22.32011
30.90128
30.07029
27.35365
28.94055
33.00000
34.00000
33.00000
31.20897
25.84999
33.00000
30.50000
26.71246
33.00000
33.00000
28.12275
38.50000
27.94041
31.84686
34.76588
24.87343
37.50000
35.50000
32.60198
30.15884
33.00000
26.54556
31.00000
26.37589
22.85142
25.01999
34.29610
28.65637
20.57766
35.78019
32.13513
13.07245
23.88907
41.50000
39.00000
29.50000
25.95295
25.57342
28.12275
26.22022
22.15852
23.35996
20.60795
23.63657
25.62226
19.02630
26.10662
26.59300
27.65261
26.41969
23.89561
21.36586
27.35365
31.28365
39.50000
28.07530
22.77471
29.40899
21.53340
31.50000
24.99778
38.50000
26.54556
26.37589
25.95295
45.00000
22.84048
20.90550
24.49943
28.39405
26.53653
30.81486
30.77641
38.00000
34.00000
29.53341
35.00000
39.50000
27.31300
37.00000
21.21762
23.28089
36.50000
29.53341
19.51121
37.00000
24.90482
29.31818
25.95549
40.50000
35.00000
35.00000
28.19377
27.53584
24.68522
37.00000
27.04163
26.61297
36.50000
32.50000
24.72221
22.00568
33.62869
27.53584
33.72767
28.12275
22.19234
33.25658
34.23773
22.49861
15.73478
18.70309
24.85067
31.94787
29.50000
26.54974
25.36237
27.45097
29.13188
30.07029
26.24246
31.28365
33.15955
37.00000
33.00000
24.01041
31.00896
31.28365
38.50000
22.01562
32.60198
29.97777
38.50000
28.57738
38.00000
35.50000
31.28365
32.50000
32.50000
32.00000
31.50000
26.08107
24.58093
27.86076
25.66491
27.15797
35.14099
23.80520
26.41969
26.88659
30.00370
32.00000
32.50000
33.00000
31.00000
24.32463
35.50000
27.39018
36.50000
27.18251
32.00000
34.50000
34.00000
31.41479
23.79469
26.59992
31.20897
27.18251
31.50000
29.50000
30.50000
27.72484
33.98039
42.50000
21.74764
33.43651
34.70831
36.08324
36.50000
38.50000
41.50000
27.27063
23.92044
40.00000
39.00000
34.18577
30.94439
31.41479
24.74369
27.45097
28.28820
30.09983
36.50000
39.00000
35.91038
39.00000
26.08107
39.50000
22.94967
30.03644
38.50000
27.75225
31.67894
13.89388
33.62869
43.50000
35.50000
24.15574
22.20923
25.88436
25.96151
24.50893
35.17891
33.82635
27.35365
32.35566
33.25658
24.88976
32.78211
24.76262
26.64934
25.18928
23.47738
38.00000
30.56505
28.39014
33.24990
37.50000
34.23773
16.98447
37.00000
26.29045
22.55410
25.77251
34.09790
34.49960
25.97475
35.50000
37.00000
36.50000
40.00000
38.00000
27.72484
29.13188
43.50000
18.93905
25.96512
34.50000
32.82614
27.01029
32.14896
40.50000
36.38070
29.14940
33.06895
45.00000
29.40557
28.75568
33.76718
38.00000
27.53584
31.75252
38.00000
30.67572
25.62984
31.75252
38.50000
28.57774
30.44485
25.34088
33.82635
27.94041
26.71246
21.45198
24.01041
22.64398
25.05369
26.98495
30.48360
29.40557
31.28365
24.70197
35.44009
37.96782
41.50000
37.58546
30.73543
44.00000
38.66379
35.64953
36.71815
42.50000
44.00000
34.50000
27.28858
27.38042
22.48750
20.11685
31.41479
30.09983
28.70540
33.15955
20.51731
23.13547
39.50000
42.00000
31.53173
23.20022
20.05393
22.28228
25.49510
17.58408
28.75568
22.69116
27.17842
25.19700
32.13513
22.78069
22.69116
19.30512
24.16609
24.63511
32.00000
27.65261
28.66279
29.60105
32.00000
31.50000
24.53569
32.00000
29.06315
29.79933
28.44293
27.75225
25.79123
21.54501
22.28004
27.31300
27.47120
34.00000
32.50000
27.04163
35.64953
24.49872
29.17000
28.24889
38.00000
20.84802
26.06722
32.14896
36.50000
26.71246
33.00000
30.34615
24.07670
38.00000
24.39034
16.49970
23.63657
27.32927
35.00000
22.74863
23.69599
27.62044
25.31578
22.82953
24.23324
23.56242
17.72005
36.50000
42.00000
32.69047
30.26916
19.25325
18.81914
28.08469
21.05944
28.43707
24.25258
37.06151
33.35666
28.19377
33.35666
38.00000
36.50000
39.50000
31.20185
42.00000
18.77498
26.99383
38.00000
38.00000
31.62629
36.50000
39.50000
36.50000
37.00000
34.49960
31.28365
28.87136
27.01029
29.40899
31.47839
29.79933
37.50000
28.94055
29.50000
24.44495
32.50000
31.00000
28.85981
26.13214
22.08365
30.73543
30.07029
23.52531
35.50000
26.44911
28.39405
29.00958
32.14896
30.26916
33.00000
39.50000
26.51205
31.09484
30.53993
24.71167
23.31711
29.00958
26.54556
27.18251
25.75243
