25.80698
37.74476
23.72060
44.00000
43.00000
33.35999
21.09597
11.78511
41.50000
17.10439
35.23571
43.50000
42.00000
31.20897
20.07209
20.92845
28.75568
19.00105
14.52446
18.06162
17.03489
30.73905
25.39029
44.00000
28.54626
26.04270
33.55923
26.83631
24.76262
24.74874
19.72815
32.00000
37.50000
18.83260
31.47839
34.29610
26.23928
31.67894
32.61901
27.93246
33.35999
21.44201
22.22611
24.95371
26.37589
45.50000
23.58495
32.40370
24.96372
23.26478
19.58162
27.51818
27.86076
28.47221
41.50000
33.50000
22.37558
22.02697
20.79062
23.50886
25.78113
31.37232
37.50000
27.45097
28.00000
21.76436
25.49510
26.04270
31.75252
23.49468
25.85537
29.00958
29.63481
30.73543
29.00958
25.45953
25.92296
28.08321
31.84686
29.04403
30.07029
36.50000
25.31139
25.15287
31.14783
23.22176
38.50000
30.48360
20.06708
18.17278
22.80838
18.71497
30.62679
30.03644
29.97777
20.70169
24.70197
29.47315
43.00000
36.00000
24.72221
21.01047
24.34475
21.85304
41.50000
22.37605
21.11131
25.15287
21.33917
22.85826
28.00397
35.00000
25.62984
41.50000
22.30471
26.54556
39.50000
35.00000
40.00000
25.95295
25.75243
23.92117
25.77251
21.74856
27.53634
37.32143
21.93992
27.82984
36.00000
26.83631
32.41742
24.55988
20.00555
20.38382
19.55761
23.50931
23.33988
25.49510
26.54974
31.67894
41.50000
41.00000
32.60198
15.37530
33.00842
20.10597
36.50000
35.50000
21.04493
22.57334
32.82614
18.75740
21.32041
39.50000
35.86394
34.18577
32.14896
28.01227
32.69047
29.79933
28.50439
34.23773
26.18205
41.00000
36.08324
25.77251
41.00000
31.41479
28.76195
40.00000
45.50000
28.84874
26.38602
42.50000
42.00000
19.28108
19.46895
43.50000
37.24991
32.03123
29.13188
24.06242
26.54974
29.97777
19.75475
29.33712
22.91288
34.37376
20.98190
22.83759
38.50000
22.12465
24.26288
39.00000
27.31300
37.50000
25.11349
26.40549
26.44215
30.43025
28.94055
16.12452
33.35666
32.56788
22.29100
21.73108
33.35666
36.00000
37.79183
21.95877
32.66879
26.29045
34.45125
30.21405
33.15955
27.25599
30.34615
27.48977
20.30394
22.92788
21.59282
18.65978
21.82172
21.92411
29.80306
35.50000
19.68350
26.90144
36.85105
37.06151
22.44298
21.77585
20.49848
18.95389
33.62869
25.61616
21.22940
42.00000
25.34142
20.54720
26.51205
19.60867
24.49872
26.35811
34.29610
25.99399
18.18653
35.03649
22.15762
31.00896
23.75205
36.50000
37.96782
35.23571
28.11089
28.09248
19.17707
26.23333
41.50000
32.86673
20.81346
16.49970
26.70880
34.93804
29.21044
17.37354
18.58090
19.47717
32.31443
29.80306
21.26470
22.27527
23.33988
22.56103
26.08107
21.08317
31.88521
34.00000
28.94055
38.50000
39.00000
28.00397
33.00000
31.28365
37.50000
24.62088
34.00000
34.66987
30.34615
31.75252
33.82635
38.00000
27.28553
36.50000
36.00000
35.50000
24.76388
25.61683
27.06782
14.15980
28.47221
33.50000
41.00000
24.66146
35.50000
37.00000
25.95549
39.00000
33.50000
35.64953
30.70650
29.60574
35.50000
44.00000
31.67894
40.50000
24.85067
29.31818
19.08533
26.41969
42.50000
38.68965
38.21867
39.00000
39.50000
36.00000
34.92214
25.31139
37.50000
34.29610
30.73543
40.00000
32.35566
37.50000
37.50000
37.50000
40.00000
37.50000
39.50000
33.76718
41.00000
17.07337
18.70829
21.04493
31.27299
20.84866
32.03123
36.08324
39.00000
41.00000
39.00000
26.48113
32.69047
25.70019
20.27807
33.98039
41.00000
26.71142
28.33137
33.00000
32.00000
35.00000
37.00000
28.66279
32.56788
33.08911
37.00000
40.00000
33.15955
18.88783
28.57738
28.19377
23.04103
30.50000
38.50000
36.00000
35.50000
25.36840
29.27266
33.76718
26.13214
34.50000
27.35365
19.88567
20.02967
21.67227
33.00000
33.00000
38.00000
25.42145
34.96983
28.28820
34.92214
34.37376
31.03045
25.86020
24.91318
27.15797
23.69716
19.52025
26.38602
22.69912
30.00370
20.47407
30.09245
18.29617
22.09575
20.60340
20.00600
27.92052
32.50000
32.50000
32.00000
26.31856
26.78723
22.55410
30.50000
32.50000
37.50000
25.66450
32.00000
28.57738
21.93599
25.94010
28.47221
35.50000
33.50000
19.65095
23.50886
34.00000
32.41742
22.98913
36.00000
31.50000
32.00000
31.67894
28.85981
29.60105
36.50000
34.02940
29.69100
23.55313
22.66054
23.13547
19.91702
30.81486
22.64398
29.04403
29.32955
33.55923
27.93246
36.00000
34.00000
29.64266
29.17000
22.32711
27.01029
38.00000
26.83696
38.00000
36.00000
40.50000
30.15884
32.50000
39.50000
40.00000
35.50000
27.86076
30.00000
29.69100
31.50000
32.00000
29.23848
26.59992
28.50000
22.42209
27.65261
38.00000
21.05612
25.06367
28.00000
32.69047
17.38354
17.03408
18.48479
30.00000
33.15955
31.50000
23.93045
21.51017
22.85826
26.01922
33.08911
29.55503
33.50000
26.24286
30.00000
25.61683
25.05369
37.72120
29.33712
40.00000
41.00000
38.00000
40.00000
32.25937
29.97777
11.71537
26.61244
13.86317
26.61244
28.28759
25.49510
30.09245
33.82635
28.66279
22.54418
22.85142
23.62202
26.24246
32.88701
40.50000
31.28365
37.50000
38.50000
31.41479
34.50000
38.00000
36.77862
41.00000
32.31443
41.00000
23.21099
24.25329
26.39865
27.25599
26.32489
33.50000
29.50000
28.33174
25.73300
34.84250
37.00000
31.00896
38.50000
38.50000
34.96983
34.02940
25.08984
34.00000
27.78889
24.79695
28.40579
36.00000
28.70927
26.54974
41.00000
24.55988
23.49468
23.65772
26.84937
23.89328
21.57545
19.00105
38.50000
24.46426
22.41651
33.06895
22.69116
22.51419
18.75333
36.64545
43.00000
37.00000
23.56242
38.50000
22.99275
35.00000
36.00000
39.00000
38.00000
39.00000
37.06151
26.15764
24.79695
23.86127
38.00000
40.50000
26.86075
40.50000
37.00000
29.13188
32.50000
25.15287
34.02940
32.35566
32.82614
35.50000
34.00000
27.92052
28.85981
26.25357
26.54974
37.50000
26.35811
39.50000
43.50000
39.00000
42.00000
40.50000
39.50000
41.00000
29.33712
43.50000
38.50000
24.66146
33.15955
28.28759
32.31443
41.00000
28.47221
29.47315
41.00000
34.50000
34.66987
31.67894
36.00000
37.00000
42.00000
41.00000
30.71645
27.34045
31.88521
21.99290
22.20783
25.22276
33.29665
24.89352
33.35666
34.70831
25.07364
15.16575
23.08138
31.09484
32.35566
40.50000
41.00000
29.00958
24.22579
35.91038
38.73270
33.00000
30.84943
35.00000
31.47839
23.33809
23.73157
26.54974
39.50000
27.36215
18.71330
34.00000
30.15792
25.49510
29.79933
28.61272
36.50000
32.00000
31.47839
33.50000
32.35566
45.00000
35.86394
25.67465
33.50000
33.08911
21.12439
37.50000
22.61327
34.49960
20.66882
23.69995
37.27674
18.13946
27.82086
37.50000
20.38382
30.62679
30.81486
40.00000
36.50000
24.23955
32.00000
26.41969
28.93419
19.33287
24.72965
32.61901
31.62629
30.94439
25.15287
35.00000
30.71645
30.94439
29.13188
26.28093
29.00000
28.31409
23.71181
25.38153
28.50000
27.65261
30.56505
26.54556
27.72484
31.50000
31.09484
28.00397
28.87136
35.00000
36.00000
28.75568
27.35365
39.00000
26.84937
40.00000
27.32927
31.28365
22.23111
25.48638
23.90607
30.91206
29.00958
32.61901
30.62679
27.50000
38.00000
23.08002
30.47403
31.67894
32.88701
36.00000
38.50000
37.00000
40.00000
39.50000
38.00000
40.50000
42.00000
41.00000
36.08324
29.12366
37.50000
26.70557
28.38133
27.15797
26.34862
32.50000
29.97777
26.24669
21.97015
21.53340
26.02403
21.00446
35.00000
23.35594
29.33712
39.00000
35.50000
33.98039
35.50000
37.00000
33.29665
25.42022
45.00000
34.29610
37.32143
42.00000
30.62679
27.18251
40.00000
28.28820
25.03775
20.17889
20.26543
24.84452
24.09746
24.37596
31.28365
31.79448
24.20098
24.85067
32.41742
27.31300
37.50000
30.73905
23.97264
38.00000
26.54556
29.22328
28.56960
30.97176
28.18244
32.96800
28.11089
21.13498
26.87006
24.71167
40.00000
24.30406
24.74874
26.38602
27.71620
24.22579
30.00370
35.17891
41.50000
45.50000
30.09983
41.00000
23.89328
24.71617
24.13504
25.49510
29.80306
33.50953
37.06151
38.05552
24.49943
24.82942
21.83025
22.29770
22.64398
22.96193
22.26404
26.24246
22.96193
27.60435
27.32927
26.19160
28.12275
35.00000
28.57738
26.38602
30.90128
29.87753
30.68478
32.00000
27.72484
27.27063
31.50000
38.50000
40.00000
31.00000
31.37940
29.27266
26.56478
28.59293
30.00370
35.00000
30.15884
32.82614
37.00000
36.00000
38.50000
33.03870
33.50000
33.00000
35.50000
31.50000
32.00000
30.00000
36.00000
37.50000
36.00000
35.14099
38.00000
31.94787
29.22328
27.25599
37.00000
39.00000
27.65261
34.00000
24.32077
13.58823
27.01029
24.10394
37.46406
31.02821
37.50000
39.50000
40.00000
31.20185
26.06454
41.50000
30.07029
19.27920
21.54066
38.00000
38.00000
39.00000
38.50000
30.44485
29.04403
35.50000
31.00000
30.50000
36.00000
25.30316
37.00000
26.71246
35.50000
28.05798
28.66279
36.50000
32.03123
37.50000
38.50000
32.31443
36.50000
27.06782
33.15955
41.50000
38.00000
35.00000
33.08911
39.50000
38.50000
36.00000
39.00000
39.00000
40.50000
25.78113
31.94787
26.18205
42.50000
28.66279
29.60105
28.00397
22.79666
29.31818
27.50000
26.41969
22.70875
27.10627
29.49046
22.95103
17.87736
30.56505
23.98437
20.51926
36.00000
35.00000
29.33712
36.50000
26.04270
29.50000
37.00000
35.50000
34.50000
30.00370
34.50000
21.34854
37.50000
37.50000
32.00000
32.35566
41.50000
19.08298
21.46363
22.11787
25.95295
24.99778
24.10783
27.86076
30.15884
28.12275
26.94787
28.12275
26.78723
35.50000
26.71142
27.00000
21.52580
32.50000
33.62869
32.89377
24.70197
20.82517
25.38700
15.84999
40.00000
22.55410
25.84932
21.03901
33.03029
30.53959
22.36487
36.50000
24.76388
25.97475
27.32215
22.94014
33.50000
38.00000
22.99321
31.67894
34.00000
27.77689
28.85981
27.92052
34.50000
24.85067
25.48638
27.82086
25.32291
26.98148
33.00000
25.75243
28.28820
23.47102
31.09484
36.50000
32.78550
37.00000
34.19877
32.00000
23.90084
40.00000
33.82635
38.00000
30.34615
44.50000
42.00000
38.50000
28.75568
19.37137
21.00857
37.50000
23.58363
30.26916
29.53341
23.79542
34.00000
23.78419
31.20897
33.55923
35.00000
35.00000
31.37940
26.53653
25.31139
25.15287
29.80306
39.50000
33.50000
38.00000
39.50000
37.50000
32.41742
28.40579
34.00000
34.50000
28.28820
29.79933
27.82086
32.00000
31.88521
28.19377
31.88521
34.50000
27.38955
31.50000
34.50000
32.00000
25.78113
26.98148
26.34862
21.57979
25.57342
25.70344
32.50000
36.00000
29.13188
32.69047
40.50000
29.60105
10.85766
24.28077
30.26916
20.89707
28.85981
28.28820
26.89215
33.50000
32.78211
25.00000
30.91206
33.03870
38.00000
29.17000
37.00000
28.94055
30.00000
32.96800
35.44009
35.50000
28.56960
22.82953
21.01809
20.88636
27.18251
20.17889
22.16275
22.85142
25.03775
21.95877
22.21171
24.20098
27.48181
28.50000
22.85826
18.89224
26.83696
22.94967
27.47524
34.49960
22.22611
20.69420
27.45337
21.77705
45.00000
34.49960
27.47158
34.29610
31.47839
33.72767
27.57263
22.73076
28.66279
28.12275
24.26245
25.27350
33.50000
31.47839
30.50000
30.50000
25.47057
27.06782
29.13188
19.30026
28.24103
26.85493
31.41479
38.50000
30.94439
28.12275
33.82635
31.00896
31.50000
41.00000
39.00000
35.97530
29.76050
32.41742
28.47221
35.50000
28.08321
32.00000
40.50000
23.80420
42.00000
32.49957
27.29812
29.62263
23.38033
23.33854
28.31176
32.13513
28.46379
27.23394
27.78889
27.19477
29.08608
30.15884
34.09790
31.62629
24.12468
37.00000
39.00000
23.47254
39.00000
41.50000
38.50000
35.50587
33.15955
30.07029
26.41969
19.18821
25.32291
37.50000
40.50000
25.48638
24.68918
26.09957
24.85961
32.22146
23.93045
40.00000
43.50000
23.21398
30.15884
21.27910
30.15884
22.55305
24.99000
27.58170
22.07232
30.50000
23.25403
29.87753
25.00000
23.17731
28.94055
21.31249
17.30202
19.00105
20.97236
19.61345
23.03666
20.21138
21.36586
37.00000
18.16150
25.84999
31.50000
25.27350
25.49510
19.54891
22.07232
17.32743
16.77379
22.37558
23.92117
13.29474
27.86076
30.21405
32.03123
24.60056
20.67269
23.43075
24.13504
24.34475
38.50000
21.78623
23.17086
38.00000
23.47102
34.50000
23.76973
25.62984
29.31818
36.50000
21.64871
26.09598
34.23773
24.77902
25.30261
23.27015
35.50000
28.63019
33.00000
23.05428
31.50000
30.43025
28.57738
33.00000
29.37154
16.30610
24.63511
30.21405
35.50000
32.22146
33.00000
36.50000
26.67133
30.50000
31.94787
22.09497
20.91507
25.70344
24.05549
26.99383
29.22328
41.50000
23.97684
25.48638
36.00000
34.00000
35.44009
30.81486
24.25258
33.35666
38.00000
28.85596
26.41128
25.61683
36.77862
31.49603
25.19300
28.19377
24.46426
22.85826
26.93859
20.66495
29.87753
31.88521
39.00000
35.00000
32.56788
24.70324
21.63764
27.47524
35.50000
29.33712
34.02940
32.88701
29.19225
34.00000
34.96983
29.27266
21.64919
22.73076
24.91318
24.38579
25.50817
33.08911
31.62629
24.09979
32.82614
34.29610
35.50000
20.03597
36.50000
30.94439
19.69772
37.50000
23.79075
26.38602
42.00000
37.00000
22.73076
21.40093
26.50000
24.22579
26.54974
28.08321
24.85067
34.50000
29.90401
22.16980
22.28228
33.08911
28.75568
30.81486
26.42442
38.00000
24.71167
24.85067
29.79408
22.99043
36.00000
25.18308
34.50000
36.50000
34.02940
25.57342
24.68299
23.94133
32.50000
30.00000
27.17842
36.00000
31.20897
35.00000
25.66450
23.04886
31.47839
20.90903
25.53919
33.25658
26.00000
30.07029
22.42209
31.02015
28.28759
23.58363
18.13725
20.51067
21.00446
22.64398
26.31856
20.26697
33.90510
16.00781
23.90607
24.02603
31.00000
30.00000
33.00000
31.62629
30.26916
10.90688
17.67767
11.29989
10.26450
23.89328
23.41415
20.29008
29.51083
22.42209
33.82635
34.50000
20.40833
22.43184
34.00000
35.00000
35.50000
41.50000
42.50000
41.00000
35.91038
39.00000
29.97777
31.56299
23.90607
30.91206
31.00896
19.06410
19.78282
27.82086
25.00000
14.70827
20.58367
32.35566
29.63481
27.72484
23.97684
31.47839
20.78912
24.53569
23.47102
28.76727
21.73845
28.39405
25.70344
33.55923
35.50000
28.89444
23.89561
35.64953
22.48750
32.41742
26.41969
21.99290
40.00000
25.17053
23.76272
24.85067
25.00000
36.17550
33.50000
33.50000
28.81406
31.84686
41.50000
35.00000
38.50000
30.91206
30.62679
23.66432
36.50000
36.50000
38.50000
26.54556
33.98039
33.25658
30.35107
26.84937
29.60105
35.00000
37.00000
30.00370
37.50000
24.99000
18.79328
26.78969
26.84213
29.40899
24.81305
40.50000
43.00000
26.24669
25.59785
26.51205
26.88659
37.50000
23.34925
26.11992
24.63331
33.62869
34.00000
29.33712
21.19811
35.00000
32.00000
36.00000
22.66054
24.62088
28.85596
24.68805
23.23274
37.50000
28.47221
28.00397
36.00000
23.25224
26.87006
22.91288
20.94487
38.50000
23.63657
28.56024
23.80520
27.77026
28.93419
27.17842
31.94787
34.84250
26.23399
28.11089
37.50000
25.66450
28.94055
37.11544
38.50000
26.90144
26.24669
40.50000
30.21405
27.31300
31.18760
23.08138
22.09497
26.51205
40.00000
28.40579
25.31139
27.01029
23.66901
27.52373
41.50000
22.77608
24.05592
20.96282
27.64457
27.53584
26.99537
29.32955
25.66450
25.61683
30.34615
31.75252
25.82419
39.50000
40.50000
34.84250
40.00000
41.00000
30.53959
25.08984
33.08911
25.11349
25.49510
23.76272
35.00000
28.75568
26.31856
28.59293
34.96983
31.59465
28.57774
38.00000
30.15884
38.50000
43.00000
27.41350
30.68478
32.50000
12.81601
21.46253
25.61683
29.79933
24.85961
25.84999
32.69047
37.50000
25.36840
34.96983
32.66879
26.10662
21.79880
22.37605
21.64871
20.04994
22.72664
19.02630
18.04882
25.27350
25.39070
32.88701
14.85485
28.33137
33.50000
33.72767
25.38085
27.18251
30.34615
20.32701
32.31443
31.20897
27.92052
25.74393
31.15552
32.35566
18.94624
30.62679
22.14159
22.50000
24.66272
22.60946
18.53645
20.99256
18.55371
19.96716
20.05393
25.62226
27.17881
33.15955
32.49957
25.63567
24.41695
19.85548
29.32955
26.93047
20.57152
29.00000
40.57366
27.78889
25.24876
23.33988
27.45097
30.21405
20.65642
24.26245
27.01029
35.00000
34.00000
26.51886
30.44485
25.95295
42.00000
38.50000
36.50000
37.00000
24.05549
40.50000
27.82086
34.50000
27.64457
26.08959
27.65261
29.60105
27.82086
24.96372
31.28365
31.75252
22.84048
32.11308
37.00000
28.28820
30.44485
30.62679
20.12461
20.80114
21.24984
25.49510
23.62599
21.68381
22.06241
31.50000
20.65642
22.46525
34.50000
25.45953
33.50000
30.00370
33.00000
37.00000
29.53341
25.78113
36.00000
32.35566
34.02940
29.17512
24.26288
29.06315
35.50000
25.48638
28.19377
36.38070
34.66987
29.55821
42.00000
17.79572
33.15955
36.24914
37.50000
35.61211
36.00000
35.50000
32.96800
38.50000
31.56299
29.27266
16.03122
26.31856
33.15955
43.50000
44.50000
42.00000
39.50000
41.50000
40.00000
30.07029
28.11089
24.99375
27.53584
33.50000
30.00370
34.19877
40.57366
33.24990
33.50000
41.50000
31.67894
40.00000
34.76588
30.56505
28.40579
27.47524
35.00000
19.46279
36.50000
23.76272
27.60435
26.65521
21.81026
29.04403
19.87932
24.72965
19.30512
29.49046
25.92658
35.00000
34.00000
18.74460
25.77251
24.72965
29.06315
23.20022
19.12485
26.23399
28.94055
19.05839
29.70971
34.00000
26.13214
29.53341
24.44495
20.35927
34.49960
28.75568
19.45867
14.60137
41.00000
44.50000
18.72832
36.00000
23.93045
39.00000
23.53720
45.00000
20.87487
20.93442
46.00000
20.87487
26.74299
20.11685
22.92248
30.86530
23.33988
26.23928
33.50000
32.50000
39.50000
34.84250
28.39014
24.46426
26.02614
21.57979
29.63481
22.32011
31.00896
35.87323
28.80201
29.51083
28.38133
20.73644
18.73393
24.15574
26.04803
31.75252
28.75568
32.61901
33.00000
25.32291
31.56299
35.00000
28.57738
31.84686
24.79415
34.96983
25.02998
36.50000
32.14896
24.20098
22.85826
27.94041
26.08959
29.93697
29.63481
29.51083
36.00000
37.50000
36.00000
37.50000
36.00000
37.00000
38.00000
27.01029
29.69100
26.49528
25.59785
24.79695
26.84937
24.99375
29.74335
44.00000
27.15797
30.91206
25.35128
30.59718
31.94787
24.46426
43.50000
41.00000
36.44478
40.50000
39.00000
40.00000
42.50000
29.58040
24.71167
24.53569
30.07029
30.34615
26.71246
31.03045
30.26916
30.73905
30.40102
35.00000
27.42604
28.28820
27.58170
31.41479
32.88701
32.14896
21.56821
22.55410
29.87753
18.10157
16.46777
29.70971
26.51205
33.50000
30.62679
22.99275
30.91206
40.00000
33.43651
32.82614
34.50000
29.37261
31.32979
30.44485
31.75252
27.02314
30.68478
36.59083
25.09357
31.09484
35.50000
32.60198
32.61901
28.75568
31.62629
32.69047
29.76995
29.69100
33.43651
35.50000
28.85981
29.79933
30.73905
32.89377
33.55923
38.50000
26.23399
24.85067
27.82086
28.85981
29.97777
31.94787
26.96757
27.34045
39.50000
31.37940
43.50000
40.14418
26.16295
44.50000
44.50000
43.50000
32.49957
37.00000
44.50000
33.43651
31.09484
29.79933
27.94041
28.33174
36.50000
18.64061
12.22129
26.78969
23.39204
19.46895
25.39193
35.31131
30.84943
17.38534
31.88260
26.18564
33.55923
28.43707
42.00000
20.76505
22.36565
28.12275
32.41742
28.94055
33.50000
26.85493
22.53353
25.15287
28.24103
29.30444
39.50000
34.49960
37.79183
45.00000
41.50000
35.00000
34.75949
36.59083
22.94014
23.14087
