20.85399
17.89553
18.74000
23.17086
13.31666
9.51169
30.86530
30.62679
43.50000
10.72381
46.50000
46.00000
26.04270
31.96178
21.45926
22.43184
19.00658
35.78019
32.96800
29.22328
18.84808
18.77942
29.63481
20.75301
10.11050
18.72538
14.51914
27.69815
42.50000
37.50000
21.33512
28.22676
41.00000
32.49957
36.12017
19.36976
32.88701
31.16979
30.53175
26.79552
31.75252
28.19377
32.31443
22.61084
21.08317
27.26720
26.16295
18.23458
33.82635
32.88701
33.76718
40.00000
24.53569
35.50000
36.50000
32.26744
30.26916
21.17192
23.26478
39.50000
44.50000
40.00000
41.50000
24.34420
25.79123
25.24986
25.18308
33.00757
41.50000
40.50000
31.47839
29.11507
30.91206
21.02760
27.15797
20.61650
33.55923
35.50000
24.95371
26.93859
24.95371
24.98500
28.54273
32.13513
32.88701
30.40970
30.73905
34.00000
33.98039
39.00000
36.00000
25.52450
18.45772
23.03620
41.50000
23.53720
35.97530
33.55923
42.00000
30.26916
35.61211
39.00000
42.00000
32.31443
29.30444
43.50000
31.47839
37.50000
29.13188
36.50000
35.00000
35.50000
35.50000
32.69047
26.72078
32.61901
31.89044
28.24103
21.41699
30.26916
35.86394
24.63511
22.06556
24.80423
36.00000
32.03123
23.54782
25.24986
24.76388
27.35365
18.95890
19.75854
20.70024
20.05461
22.75961
26.23399
23.63657
17.41088
30.55414
25.45953
23.49468
33.24990
25.92658
27.64457
33.08911
24.84452
29.23848
35.00000
40.00000
37.50000
34.00000
39.00000
32.61901
34.50000
26.72078
25.64542
26.28477
22.44638
23.90999
23.16247
30.50000
26.54556
28.87136
37.50000
24.44259
24.94995
26.41969
21.30164
26.88659
19.33908
28.66279
27.82086
22.92788
38.00000
36.50000
34.00000
24.22292
41.50000
28.85981
31.00000
34.50000
31.62629
33.50000
35.00000
39.00000
37.50000
32.56788
42.00000
37.27674
26.34862
35.00000
28.46928
35.00000
37.00000
27.45097
32.50000
29.27266
28.66279
35.00000
35.00000
23.45608
35.00000
22.72796
25.43005
29.06315
32.50000
26.51205
25.38153
27.13342
28.07530
31.67894
29.04403
22.41093
30.73543
40.00000
34.50000
28.89444
31.28365
37.00000
33.50000
32.14896
32.22146
30.21405
27.35365
28.59293
31.50000
31.75252
28.12275
37.00000
29.32955
28.50000
38.00000
28.12275
29.74335
27.50909
35.00000
30.00000
28.85981
32.00000
29.27266
27.50000
25.46894
31.41479
20.75301
21.27596
41.00000
40.50000
40.00000
40.00000
38.00000
27.31300
19.68502
41.50000
36.12017
29.13188
34.00000
25.92296
22.90742
26.80485
24.26288
30.94653
29.72688
25.06472
22.26404
24.56624
24.62032
27.32215
32.14896
42.50000
32.14896
18.49831
21.11871
28.47221
38.00000
31.15552
25.78113
33.03870
22.29100
39.50000
34.29286
30.15884
40.50000
40.00000
31.56299
21.86870
29.00323
43.00000
35.00000
37.11544
39.50000
35.86394
28.26106
40.00000
38.50000
20.01666
21.69793
22.19657
21.87893
23.80520
42.50000
20.11567
34.70831
43.00000
25.13961
28.11139
20.56794
22.06556
29.80352
24.53569
29.74335
26.15764
32.60198
39.00000
33.50000
33.50000
36.00000
32.41742
28.85981
20.17920
28.50000
25.19700
31.00000
28.89961
32.56788
26.28054
30.47403
27.35365
31.00000
24.44495
34.50000
35.00000
30.00370
36.00000
38.00000
37.50000
38.00000
29.79933
28.85981
37.00000
37.00000
33.08911
28.94055
40.50000
26.08959
23.79542
27.06782
40.50000
27.17842
29.23848
26.05163
28.85981
30.44485
26.51768
36.33486
26.69582
33.24990
28.47221
27.82086
27.28858
28.00397
23.28492
35.00000
31.50000
35.50000
29.13188
31.15552
33.50000
29.04403
26.84937
30.44485
32.41742
33.90510
28.85981
36.00000
34.23773
33.03870
41.00000
35.23571
29.51083
24.87343
23.41340
35.50000
35.00000
25.66450
32.00000
28.47221
27.65261
27.45097
32.22146
26.04270
25.93582
29.80306
26.13214
38.50000
22.43881
28.70540
37.00000
26.54974
40.50000
34.76588
35.44009
41.00000
41.50000
36.59083
44.00000
42.50000
24.10783
36.44478
35.44009
20.38842
21.62036
23.71181
21.00595
22.29100
39.50000
42.50000
31.94787
32.53716
25.52450
33.82635
27.53584
32.69047
38.50000
22.43747
27.92052
23.71049
30.00370
22.52899
29.04403
27.45097
20.99905
22.60442
18.63974
26.11992
25.81666
27.25599
25.77251
27.25599
30.07029
32.03123
31.67894
28.12275
24.21260
27.45097
25.59785
28.70927
30.34615
25.01999
26.23399
26.41128
22.61084
27.15797
27.17842
26.51205
36.00000
38.50000
23.98958
32.35566
20.67269
28.47221
23.61261
28.40579
24.70324
27.92052
20.91507
27.65261
26.50000
28.50000
32.22146
23.37734
31.00896
33.08911
28.94055
37.50000
19.20286
22.81447
26.72078
21.07576
26.31856
35.50000
13.13925
25.95295
36.50000
22.41093
38.00000
29.87892
17.76964
27.32927
25.07364
25.94706
30.62679
33.43651
32.31443
34.00327
31.71258
23.61864
23.98958
23.31180
26.38602
24.25902
31.96178
35.64953
38.50000
40.50000
41.50000
36.50000
41.50000
24.13892
25.36840
29.35227
23.90723
23.41415
43.00000
32.42684
42.00000
18.45644
16.37643
16.13227
19.26785
19.14909
18.21428
36.50000
22.18530
19.02630
35.50000
20.72438
23.69716
23.34286
24.12468
20.89856
25.84932
29.51083
15.81929
25.46021
36.00000
26.81767
30.07029
37.00000
33.15955
32.49957
32.03123
33.00000
36.38070
32.09707
22.71563
28.33174
28.19377
21.82172
33.03870
37.50000
38.50000
36.00000
32.88701
43.50000
26.08107
30.34615
24.12468
39.50000
25.17053
22.94014
37.00000
29.50000
22.43184
22.18107
15.69235
21.87893
29.69100
31.94787
33.82635
37.85352
41.00000
44.00000
31.28365
17.34375
30.00000
36.00000
32.96800
23.90084
38.00000
37.00000
30.07029
35.23571
22.10204
24.38237
26.15764
25.70019
21.54501
26.61244
27.01029
34.00000
37.00000
24.95371
31.94787
38.50000
24.32077
28.11089
28.54626
30.81486
26.04270
34.23773
26.23399
25.10423
27.19477
27.73986
24.63511
21.11871
21.05350
22.83759
23.28492
19.73221
27.82086
33.50000
23.60614
28.39014
29.74335
29.17000
23.47738
31.47839
25.17053
24.85067
39.50000
38.00000
37.00000
44.50000
36.44478
35.44009
31.75252
26.84937
28.40579
21.47528
30.53959
31.47839
35.00000
23.98437
20.69269
26.08107
23.68940
25.24986
27.06782
39.00000
34.00000
33.03870
27.01029
23.15572
13.30413
28.64001
35.00000
25.78113
28.66279
33.00000
28.94055
31.75252
33.50000
33.50000
33.00000
31.15552
28.85981
29.60105
29.13188
34.50000
25.84999
25.84999
29.60105
22.51577
26.50943
22.83759
27.99107
24.33490
34.50000
24.53569
36.50000
24.46426
28.47221
27.35365
29.95923
24.39034
26.54556
33.72767
25.59080
37.00000
27.19477
28.70927
24.07396
28.40579
27.35365
27.17842
31.50000
30.81486
28.80201
25.84999
33.50000
38.00000
33.50000
26.78723
27.69815
16.85889
16.82818
28.76195
26.35337
34.56716
24.49943
29.50000
28.47221
28.75568
23.79542
22.33131
28.07579
24.44495
29.53341
26.31856
29.11507
31.66842
31.94787
36.50000
27.47524
39.00000
37.50000
41.50000
35.23571
35.50000
39.50000
37.50000
21.87464
31.32979
17.27715
28.24103
17.81151
32.41742
24.41766
15.29183
15.59447
7.56454
33.24990
21.92459
28.09248
29.66795
19.02995
20.47560
34.47060
22.77608
26.73741
29.63481
30.07029
28.76195
30.68478
22.38392
25.55753
28.07530
20.81346
27.64457
25.00000
25.82029
29.97777
22.55410
20.37768
28.00000
22.23736
32.50000
35.50000
36.50000
38.50000
37.50000
32.14896
31.56299
27.17881
30.56505
25.82419
26.73741
24.73232
39.50000
30.26916
39.50000
31.00000
22.85142
24.38579
22.98369
29.74335
20.15409
28.00000
25.03775
23.35594
28.69996
27.06782
38.00000
27.25599
26.35693
29.06315
27.06782
33.00000
22.92788
29.53341
27.58170
33.72767
38.50000
28.70540
26.84937
30.68478
26.88659
28.19377
22.94967
23.84324
25.05369
36.00000
29.48823
34.92214
25.24876
25.13961
25.49877
28.28820
19.38659
26.61244
29.33712
26.71246
26.31856
34.29610
29.79933
43.00000
25.02998
29.78068
38.00000
29.80306
39.60640
22.49861
43.50000
28.57774
32.31443
31.67894
33.00000
34.00000
37.00000
25.13961
28.08321
39.50000
36.50000
35.50000
27.64457
38.00000
25.13339
35.50000
33.50000
35.14099
28.33725
26.78723
23.04257
39.00000
21.79358
26.40549
20.48170
25.95295
18.53213
27.47120
28.24103
23.21398
25.46021
23.84717
23.63657
22.09497
22.30471
28.28820
29.22328
32.61901
36.50000
29.79933
26.84937
14.00893
25.92296
28.00397
29.69100
28.85596
30.81486
28.94055
19.29216
24.04683
25.84999
23.86813
29.87753
33.06895
22.81447
26.83631
22.06556
20.26543
23.63657
28.94055
30.07029
30.53959
40.00000
20.89593
17.62574
31.75252
24.53569
35.50000
34.09790
26.54556
21.71405
23.69716
29.50000
26.66250
32.78550
28.19377
31.00000
21.44032
22.99275
28.00000
22.32711
20.54720
24.53951
25.06990
38.00000
25.06367
27.17881
25.17053
28.66279
36.50000
36.50000
26.59992
25.03775
26.01922
28.50000
25.77251
28.33137
29.00000
26.23399
29.79933
27.53584
30.44485
27.90161
24.55380
26.41969
36.00000
27.79726
31.37940
27.28553
36.00000
31.50000
25.56365
24.68299
23.60614
25.78113
34.18577
21.54646
30.73905
33.50000
31.00000
27.01029
26.04270
23.76272
25.30316
30.50000
27.86076
25.50000
24.72965
28.75568
33.00000
40.00000
31.00896
27.72484
29.79933
26.78723
37.50000
33.00000
30.07029
31.67894
36.50000
29.13188
27.18251
31.88521
30.15884
24.38237
26.88659
25.57342
32.00000
25.65151
30.56505
23.04751
34.00000
30.50000
25.95295
33.29665
26.38602
24.36300
27.65261
33.00000
28.18244
30.24346
31.41479
28.50439
34.50000
31.00000
26.66250
29.74335
41.50000
20.14349
29.33712
37.50000
27.77689
25.39029
34.89349
24.38579
35.44009
27.24885
21.56965
31.50000
33.50000
33.62869
35.00000
31.00000
29.53341
39.50000
25.99399
38.00000
29.48823
32.13513
41.00000
39.00000
25.61683
32.50000
29.22328
35.50000
25.35128
35.00000
24.72965
27.06782
36.50000
40.50000
25.36840
21.92411
27.64507
35.00000
32.00000
35.39303
23.33854
28.57738
32.00000
26.33795
26.98148
26.83631
35.50000
37.00000
33.62869
29.87753
35.00000
30.34615
27.77689
33.82635
31.75252
38.50000
26.50943
27.56243
42.50000
31.20185
29.47315
31.03045
28.24889
28.89204
24.55988
30.00000
30.00000
31.50000
26.88659
24.14309
21.12315
25.50858
29.93697
25.32168
40.00000
24.25258
43.00000
34.37376
36.85105
25.32291
36.50000
38.50000
35.50000
34.00000
30.00370
39.50000
34.29610
32.09707
33.03870
34.00000
31.41479
31.20897
35.00000
25.52559
41.00000
40.00000
29.70971
25.75243
25.40551
29.60574
31.94787
33.50000
41.00000
21.74601
40.50000
41.50000
30.53959
27.58170
30.73905
23.90723
41.00000
40.00000
34.00000
39.00000
36.50000
40.50000
26.93047
38.00000
42.00000
31.20897
34.02940
44.00000
31.20185
34.23773
40.00000
19.27278
33.02524
23.47738
22.70875
23.04886
22.79666
27.45097
25.85053
35.00000
39.50000
23.48404
31.56299
22.44298
26.54974
23.34925
24.58997
19.83532
25.04496
28.12275
27.01029
28.87136
37.50000
18.93410
36.00000
18.36267
26.87006
22.93953
27.19477
14.26043
30.91206
29.69100
39.00000
27.39868
33.90510
12.63263
16.98705
18.26712
28.64001
23.16652
20.98952
19.89975
25.50858
28.57738
33.00000
34.00000
39.50000
33.98039
30.63495
31.75252
25.65151
16.91626
15.50000
23.56905
28.70540
24.01432
37.50000
17.72005
29.51083
38.00000
30.86530
26.85493
32.35566
33.29665
22.65364
31.75252
34.56716
29.40899
33.43651
32.50000
20.25833
28.66279
27.06782
22.13594
32.42770
36.50000
24.38579
25.19700
22.00545
21.96019
24.27318
31.47839
26.87006
40.50000
30.18094
25.52450
26.41969
32.50000
26.08107
33.00000
28.59293
26.78723
31.94787
28.85981
33.50000
33.00000
22.34390
18.70829
31.00000
30.15884
23.56242
21.99290
22.94967
32.50000
32.50000
30.00000
25.48638
26.67747
30.44485
32.03123
25.43005
42.00000
28.87136
29.33712
30.91206
24.19065
19.42936
23.89328
35.00000
18.34394
18.47972
25.85537
42.50000
35.00000
24.07396
22.82542
21.20273
21.04493
20.82200
22.84048
29.87753
21.85304
26.80485
20.43740
22.49444
23.93045
23.62202
33.00000
34.00000
34.00000
38.19249
32.60198
28.28820
32.60198
26.61244
28.54626
30.56505
28.40579
27.52272
24.55097
27.76126
30.43025
21.33659
31.28365
30.53959
35.50000
35.17891
39.00000
34.50000
33.03870
30.53959
29.69100
33.15955
30.09245
26.04270
22.50000
26.38602
28.33137
20.75572
29.27266
20.97046
21.94311
19.54073
27.50000
30.56505
20.19127
21.93741
24.68918
24.44495
30.00000
28.50000
31.50000
26.31856
37.00000
25.92296
23.36664
21.76006
30.34615
29.69100
31.50000
30.47403
34.50000
26.41128
28.07530
25.70344
30.94439
30.81486
30.73543
29.13188
16.58192
28.12275
30.62679
25.39193
28.47221
25.23807
32.78211
30.00370
30.34615
17.45530
36.00000
28.94055
15.02290
30.07029
29.00000
30.50000
30.70016
29.70971
29.50000
29.79933
30.26916
31.09484
34.00000
21.73131
19.54891
23.55313
22.06717
28.28820
29.60105
32.69047
24.57005
29.00000
34.00000
40.50000
35.00000
21.10355
27.92052
29.97777
14.30618
33.50000
27.65261
25.73300
27.53634
26.31856
24.91318
23.06919
28.00397
25.13339
29.00000
26.59992
28.74456
33.79349
28.24103
24.12986
29.17000
31.47839
33.24990
37.00000
27.60435
28.50000
33.50000
25.84999
20.60485
31.50000
32.96800
29.32955
31.03045
31.47839
36.50000
37.00000
28.75568
30.94439
44.00000
28.31176
23.87860
27.91393
34.70831
29.13188
22.93953
21.66923
20.93293
23.21398
20.88593
19.25848
20.52438
23.71181
22.30595
19.61224
24.28077
37.32143
37.00000
24.70197
41.50000
41.00000
37.96782
40.50000
28.28820
30.21405
37.00000
32.88701
26.53653
33.43651
32.88701
34.50000
37.50000
35.00000
38.50000
32.09707
39.50000
25.20417
28.19377
28.29605
30.15884
33.50000
39.50000
35.50000
30.00000
33.08911
24.01432
40.50000
23.79542
29.63481
42.50000
33.76718
31.67894
26.37589
28.53458
22.99321
25.94706
17.78342
20.79062
30.00000
23.88514
28.54626
29.27266
21.17044
26.05163
26.31856
25.38153
31.50000
22.29770
24.72965
26.13214
33.00000
27.53584
27.52373
25.23267
25.13339
27.65261
28.50000
28.28820
28.70540
30.00000
31.50000
30.90128
26.71246
31.50000
34.00000
35.50000
28.08469
36.50000
34.50000
29.95923
39.00000
36.50000
27.39018
33.62869
29.69100
39.50000
31.88521
31.09484
19.97968
34.50000
34.50000
39.00000
36.50000
30.53959
26.88659
37.00000
23.90607
21.33659
21.56965
38.00000
23.88907
22.33131
23.39204
21.09947
31.50000
24.13892
30.00000
34.42222
32.50000
27.18251
35.50000
33.00000
30.50000
34.50000
34.00000
34.00000
35.00000
31.50000
39.50000
26.10555
35.00000
35.00000
30.50000
24.81305
31.56299
33.50000
24.81305
23.87132
31.28365
24.55380
27.18251
21.78732
23.62673
23.29998
24.46426
26.18205
24.68299
38.00000
34.45125
32.35566
19.82896
11.92686
23.79075
32.97726
32.03123
43.50000
39.00000
42.00000
29.85800
27.80737
28.52521
27.40235
27.32927
25.24381
28.28820
24.32463
38.00000
28.50000
28.19377
25.56365
37.50000
37.00000
20.01718
39.00000
24.10394
28.80201
33.35666
24.26288
39.00000
31.94787
17.37255
29.79933
24.63511
31.00896
32.50000
33.50000
29.40899
26.61244
41.00000
32.35566
25.99399
22.69116
24.76388
26.95830
32.50000
36.00000
40.00000
27.01029
36.50000
20.36388
22.69116
33.50000
33.50000
27.72484
22.32011
27.48181
33.00000
35.50000
33.50000
32.96800
38.00000
32.41742
31.20897
28.57738
31.59465
26.24669
24.91318
31.09484
32.22146
23.32783
33.29665
37.50000
24.12468
26.87006
25.24986
27.02314
25.52817
24.12468
24.45858
27.72484
29.53341
28.75568
34.00000
35.50000
34.00000
23.75921
30.90128
28.26106
29.13188
29.80306
28.00000
27.64394
28.94055
29.95923
25.11349
37.00000
34.50000
40.00000
30.26916
31.41479
33.50000
25.31578
21.67227
29.21044
31.41479
25.84999
30.50000
26.08107
21.71837
13.00154
18.44417
18.91454
24.41695
26.47168
24.53569
34.00000
37.00000
33.48963
19.79110
20.64364
25.46021
22.44994
23.89561
28.40579
30.09983
31.94787
32.41742
29.32955
28.77885
25.77251
21.74090
28.18133
32.88701
27.79688
34.45125
31.41479
21.77154
20.90903
24.65279
31.09484
38.00000
36.00000
37.00000
33.76718
32.22146
32.31443
29.51083
25.22276
27.94041
25.48638
34.00000
27.17842
26.59992
22.90502
27.53584
21.25465
23.92117
23.15707
24.46426
28.85596
11.90821
20.09198
23.61261
17.93042
24.21131
22.44298
37.85352
20.31354
31.84686
26.29045
29.19225
25.82419
18.92584
29.17000
26.05163
34.50000
36.00000
35.50000
35.00000
29.27266
20.93227
25.01999
28.75568
31.94787
40.50000
33.82635
36.50000
28.39014
32.35566
35.00000
25.27227
31.84337
24.22579
25.38153
33.50000
26.78723
24.90482
37.50000
26.28054
25.50858
31.75252
23.89328
25.74393
28.75568
28.08321
29.18904
36.44478
21.15278
26.04803
29.33712
23.76272
21.51017
25.13961
23.34925
25.01999
24.19065
26.29045
31.12341
33.00000
30.34615
35.50000
35.00000
33.62869
33.00000
27.39868
32.22146
24.19091
28.00397
25.65151
23.25269
20.89402
36.00000
29.01724
34.50000
27.90161
39.00000
22.09615
22.99043
19.11021
32.41742
20.11368
19.08461
23.98958
26.10555
26.59300
29.74335
26.88659
30.73905
31.20897
28.75568
30.00000
24.36062
27.62044
32.50000
27.06782
20.92463
28.11089
28.23562
31.50000
36.50000
35.50000
29.53341
33.00000
23.91318
31.20185
23.56242
22.25281
27.01029
22.94967
23.22041
26.54556
22.59425
25.00000
25.31578
27.94041
28.54626
22.20923
32.41742
33.90510
31.28365
33.35666
35.50000
27.69815
29.67638
20.10441
28.39014
26.71246
34.50000
30.91206
27.06782
25.92296
23.67884
21.40093
27.13393
25.99399
33.00842
33.62869
31.33987
28.94055
22.64950
26.59992
32.00000
30.50000
23.63657
30.47403
25.61250
34.00000
30.00000
30.94439
30.00370
32.00000
24.03513
26.83631
32.50000
28.75568
25.66450
24.81305
28.80201
26.47995
23.80126
37.50000
26.31856
23.25224
29.00000
26.16295
23.69716
23.84324
27.01029
22.56518
18.71470
25.97862
25.95295
31.20897
32.00000
29.32955
20.49000
24.48852
27.33130
34.00000
39.50000
33.50000
35.00000
34.00000
30.50000
27.82984
25.79123
22.11334
28.50000
36.50000
28.39014
28.38133
29.74335
28.19377
28.12275
29.00000
35.50000
27.31300
28.94055
22.53531
23.17731
29.97777
23.50931
27.93743
22.29910
27.53584
22.52899
36.50000
25.99399
34.00000
34.50000
39.50000
27.01029
27.88369
35.23571
39.00000
35.50000
38.00000
42.50000
39.50000
43.00000
44.50000
41.50000
42.00000
43.50000
22.90560
27.19477
20.37768
28.40579
38.00000
27.93246
21.56128
24.89352
26.91073
20.79808
29.04307
34.84250
39.00000
22.12590
21.11303
33.90510
39.00000
29.69100
25.06990
29.13188
31.75252
31.56299
41.50000
37.49667
30.94439
28.39405
40.50000
38.00000
32.14896
29.06315
29.95923
37.00000
33.43651
25.97475
22.49978
23.69599
27.72484
31.37940
27.25599
21.98153
30.81486
21.85955
39.00000
27.47524
28.19377
31.56299
29.79933
42.00000
26.85493
33.98039
27.21557
25.17053
28.39405
23.07726
26.61244
29.07211
35.17891
24.01041
36.08324
44.00000
44.50000
29.10136
31.94092
26.33439
20.51219
43.00000
41.00000
37.50000
33.43651
39.00000
40.50000
28.28820
42.00000
35.86394
39.50000
25.75364
22.23736
17.35575
25.49510
27.66315
