14.56880
40.87651
28.08321
14.30690
25.72072
21.16979
36.24914
19.90603
27.27636
45.50000
43.00000
11.30880
13.45878
21.17168
13.45590
43.50000
20.93293
30.62679
30.09983
41.50000
29.63481
28.85596
42.00000
43.50000
31.32979
31.67894
25.32291
17.08801
12.27029
36.38070
22.32011
32.78211
21.27792
28.59293
34.56716
22.50000
36.00000
30.62679
17.46539
30.09983
29.53341
38.50000
14.44530
23.31309
33.00000
27.82086
24.20098
32.78211
35.50000
31.00896
36.50000
19.97968
39.00000
27.32927
28.00397
19.72942
23.01494
29.17000
32.78211
29.31818
22.85279
27.65261
28.66279
24.99000
26.24669
20.02967
29.06315
30.26916
30.91206
25.19700
23.42008
39.50000
23.80126
27.45337
25.66491
17.12454
38.00000
32.61901
29.22328
31.32979
23.71181
34.29610
41.00000
27.52373
22.89590
26.73741
35.00000
36.00000
19.48557
22.73076
25.31139
28.19377
23.37734
25.19700
28.12275
36.00000
24.81305
28.84874
34.70831
25.81061
34.29610
26.88659
22.09434
30.00000
28.12275
28.50439
29.80306
22.84048
28.33137
34.00000
34.92214
27.92052
35.86394
34.49960
31.49603
34.23773
29.32955
30.73905
32.50000
26.83631
28.11089
28.57738
29.14940
23.25511
30.53959
27.98015
29.40899
20.97618
20.30394
39.00000
25.17053
26.04803
29.60105
22.04178
21.26470
20.49000
21.82172
21.12315
26.08107
32.31443
24.85067
22.88134
21.76436
25.10423
26.31856
19.02209
28.85981
25.90729
26.29045
29.87753
28.87365
22.74863
36.00000
27.98015
25.11349
17.27233
23.66960
19.57518
27.78889
23.66828
24.05549
35.31131
17.71064
23.71049
21.55226
40.50000
24.68918
39.00000
23.78419
23.65587
22.43184
22.31591
29.32955
29.60105
32.09707
26.52711
36.50000
23.24193
25.57342
34.50000
28.85981
34.70831
38.00000
18.63760
31.09484
38.00000
31.50000
23.62202
20.52285
28.08469
24.05549
25.77251
34.50000
38.50000
26.87006
20.89707
25.10423
27.25599
25.49877
28.01227
23.98958
24.09746
23.26478
34.70831
35.50000
32.82614
23.33854
32.50000
29.87753
24.22163
38.00000
26.59992
26.67747
20.31157
26.78723
30.73905
27.06782
27.82485
28.59293
25.19300
24.76388
21.00446
38.50000
38.50000
32.14896
34.92214
20.16804
21.79880
23.51064
36.50000
30.94439
32.78550
32.69047
34.50000
29.50000
26.08959
31.67894
28.24103
29.17000
21.54501
28.87136
35.39303
30.07029
26.04270
39.00000
35.23571
22.62051
20.99905
29.13188
22.79666
25.84999
26.24669
30.50000
28.54626
35.50000
29.01724
33.03870
19.33287
29.79933
24.40671
22.22611
26.13427
33.95095
33.00000
34.02940
32.60198
23.44867
37.27674
35.00000
22.32011
28.11089
36.50000
26.54974
24.36062
25.00000
21.91397
26.50000
28.50767
30.34615
24.31563
26.12829
26.02283
29.69100
26.75234
24.38579
23.93045
28.89961
27.62044
33.50000
24.41695
31.37940
28.50000
25.75243
29.79933
33.50000
29.13188
20.06589
28.47221
21.31291
21.67227
21.24117
20.99735
25.50817
18.26712
27.50000
23.33809
27.47120
27.47271
24.49872
21.87893
25.46021
21.11871
37.50000
25.74663
33.08911
37.53221
42.50000
31.96178
19.13693
23.98958
27.90161
41.00000
41.00000
41.00000
34.84250
21.98153
28.00397
26.66250
22.30595
41.00000
42.50000
25.77251
26.04270
22.86676
43.00000
20.76505
31.20897
32.69047
36.50000
29.12366
25.15287
28.79670
23.97684
26.41969
27.51818
30.50000
29.22328
30.34615
37.50000
23.94133
28.28820
25.66450
29.60105
25.78275
29.94810
32.49957
26.16653
25.30261
26.10555
27.17842
26.38602
28.24103
17.15291
27.06782
29.79933
32.88701
22.06556
26.13214
27.72484
27.82086
34.00000
22.22611
28.47221
37.00000
31.62629
30.50000
30.94439
30.53959
33.00000
35.00000
29.48823
21.05612
34.00000
37.50000
26.04270
37.00000
28.75568
34.00000
30.90128
30.00370
33.98039
39.00000
33.98039
32.78550
25.04371
43.00000
41.50000
40.00000
38.50000
38.00000
39.00000
34.45125
42.00000
32.82614
38.50000
25.99399
42.00000
44.00000
45.00000
30.09983
28.76195
34.00000
30.00000
28.39014
35.50000
34.50000
26.09598
33.15955
29.69100
21.99290
21.35855
21.89178
21.85177
27.17842
29.00000
23.97684
20.94487
21.69533
24.72965
26.54556
24.76262
22.01136
25.75364
23.79601
26.42442
30.40102
28.09804
30.91206
34.70831
35.50000
36.50000
30.07029
36.00000
32.31443
16.93779
42.00000
28.54626
35.00000
36.00000
25.92778
32.40370
27.64457
23.11363
25.77251
24.82942
22.23870
24.84326
22.29910
12.43543
34.96983
28.28820
22.69912
27.17842
40.50000
35.00000
26.59992
35.50587
34.50000
37.00000
32.50000
27.72484
24.05722
25.72072
30.90128
29.50000
29.32955
30.00000
24.22292
24.68918
28.11089
26.04270
29.50000
26.78723
32.56788
30.50000
23.78419
23.26478
39.50000
35.00000
25.46021
35.00000
27.39868
26.69582
27.18251
27.31300
25.95295
26.24669
37.00000
25.46021
33.76718
29.51083
31.03045
24.85961
29.87753
38.00000
25.00000
31.00896
25.42022
31.09484
29.87753
26.41969
41.00000
27.14199
23.19483
30.00000
38.50000
36.50000
24.64117
34.70831
40.50000
37.00000
37.50000
37.00000
42.00000
27.58170
30.34615
33.50953
37.00000
37.00000
28.87136
40.00000
36.00000
31.88521
41.00000
26.96757
27.82984
34.29610
40.00000
22.88422
31.88521
32.78550
36.50000
31.47839
31.15552
33.24990
24.01432
33.35666
31.47839
23.20964
24.22579
36.50000
34.23773
26.13214
32.50000
13.89100
36.00000
33.50953
30.07029
40.00000
31.09484
38.50000
28.39014
31.50000
40.50000
30.26916
31.00896
17.24980
29.22328
25.02479
33.00000
31.50000
36.50000
38.00000
40.50000
40.50000
43.00000
41.00000
35.83605
27.17842
34.37376
30.53959
35.50000
31.62629
33.90510
30.50000
21.69533
27.13342
32.88701
29.80306
27.08667
29.53341
27.47120
21.80023
30.44485
28.19377
34.50000
33.50000
35.00000
27.60435
28.00397
32.00000
34.00000
39.00000
28.12917
34.00000
38.50000
23.22068
35.00000
32.00000
34.50000
26.84937
21.91318
31.50000
32.82614
32.22146
22.11787
37.00000
27.78889
36.00000
30.81486
38.50000
22.11334
22.74313
23.28492
21.85606
23.79075
32.69047
23.41415
25.78153
42.00000
23.97264
44.50000
22.86190
31.28365
37.50000
22.44994
32.41742
35.00000
36.00000
39.50000
38.00000
44.50000
31.09484
33.00000
34.50000
31.37940
41.50000
31.56299
32.88701
34.50000
20.20297
20.29008
33.50000
21.17192
36.00000
24.05722
26.69582
40.50000
28.24889
19.33287
36.55437
22.63156
24.28077
25.22345
26.15764
37.00000
39.50000
25.93582
41.50000
20.87313
30.73905
23.74210
26.14742
31.37940
24.63230
21.82172
30.50000
31.00000
37.50000
32.00000
28.00397
34.00000
42.50000
41.50000
39.50000
36.00000
36.00000
41.50000
30.44485
32.61901
30.66757
39.00000
35.00000
25.91693
33.55923
31.20185
31.15552
22.71915
33.08911
22.42855
19.77091
21.11608
28.76727
19.74050
18.88280
19.86957
32.03123
31.00000
27.01029
14.07125
42.00000
29.69100
30.81486
31.37940
29.51083
37.00000
24.91318
22.72664
23.08002
23.25269
39.00000
34.00000
29.22328
27.00000
28.11089
27.94041
36.00000
25.66450
37.50000
26.87006
39.00000
34.50000
33.15955
42.50000
33.15955
37.00000
31.28365
32.50000
30.00370
26.38602
36.00000
39.50000
23.83275
24.25258
29.50000
24.94995
39.16064
29.04403
32.00000
31.67894
25.62984
26.22380
28.66279
28.40579
30.53959
32.00000
27.06782
31.37940
23.90723
22.52082
30.73905
31.28365
38.00000
27.01029
30.00000
31.62629
30.73905
32.61901
27.64394
25.88919
28.47221
15.72220
24.25329
24.32463
34.00000
24.85067
23.58495
33.98039
24.31563
25.49510
21.45198
21.87893
21.42866
23.08138
25.81182
28.19377
23.83799
26.37589
26.38602
27.01029
25.97862
32.50000
24.27318
38.00000
23.05835
25.08984
29.85381
26.71142
25.33155
19.95395
23.66828
31.51014
21.63844
20.37768
22.70875
23.41340
23.03620
30.44257
35.44009
25.56365
17.58408
29.78068
20.58924
26.52357
18.33542
34.58645
22.85142
17.03408
27.47158
12.62933
23.68016
26.55654
33.15955
19.89975
19.91702
17.50885
41.50000
20.42939
23.19483
25.13339
27.35365
23.54910
19.95395
24.50510
31.28365
27.29812
25.98557
15.65375
17.62101
12.75304
23.90723
33.90510
24.64752
20.70024
24.23955
34.76588
22.39838
28.12917
23.47102
27.31300
40.00000
23.62599
24.31563
17.48828
23.90607
31.49603
32.78211
42.50000
22.92788
30.56505
33.50953
23.05428
37.74770
34.96983
36.59083
28.76727
32.28293
35.50587
29.00958
28.24103
37.50000
20.03123
19.89190
32.89377
14.64582
30.21405
31.00000
28.57774
22.03406
22.94559
24.25329
28.19377
22.27465
25.92658
28.18244
34.50000
39.00000
22.42209
40.50000
30.15884
28.40579
25.92296
30.00000
31.37232
32.00000
28.12275
38.00000
36.50000
24.57005
36.17550
23.41474
23.43075
23.50000
24.68172
26.09598
29.98646
34.00000
29.51083
28.57738
24.56737
29.01724
26.88659
32.00000
23.12331
29.87753
26.42442
32.31443
33.62869
25.82419
24.58093
40.00000
22.09072
19.96597
22.69361
25.06990
25.95295
21.21697
22.72114
29.04630
29.70971
20.52438
23.20560
32.60198
26.93859
23.35996
32.72444
25.90729
20.88444
24.33490
25.39070
25.19300
24.12468
39.50000
27.31300
29.97777
38.00000
27.37700
21.19552
29.53341
26.08107
31.50000
26.31856
26.71246
23.97684
22.84048
26.88659
23.31523
23.41340
25.81182
29.13188
29.87753
27.53584
24.62722
28.39405
38.50000
28.85981
30.62679
26.06722
28.70540
31.50000
28.87136
27.94041
26.04803
22.20923
25.95295
25.92296
24.56737
25.48638
25.95295
26.24669
23.25269
26.41969
17.86617
29.50000
31.50000
24.22579
32.03123
25.97475
27.72484
30.68478
29.00000
31.20897
24.12986
31.00896
35.50000
36.00000
31.88521
30.53959
36.00000
28.37252
38.50000
34.50000
32.61901
34.00000
38.50000
39.50000
33.00000
33.00000
27.06782
28.59293
24.08838
28.47221
20.48170
26.59992
29.53341
31.37940
27.71620
29.32955
29.29590
29.00000
16.31972
28.57774
31.49603
18.57525
18.44560
28.39405
22.93992
33.50000
21.85772
24.32077
31.50000
29.51083
28.94055
24.44765
36.59083
34.49960
33.08911
26.51205
31.20897
27.82086
30.94439
25.54408
40.00000
35.00000
29.32955
35.00000
27.01029
29.53341
38.50000
34.50000
35.00000
32.41742
33.03870
37.00000
29.29590
26.03243
29.50000
31.00896
30.50000
26.04270
31.00000
26.31856
31.00000
28.94055
27.50000
34.50000
31.37232
29.97777
30.21405
28.39014
30.50000
28.76727
29.13188
36.00000
37.00000
28.75568
38.00000
31.20897
31.47839
33.35666
23.46673
27.39018
28.76727
24.49872
25.55753
25.75243
37.50000
39.50000
30.81486
31.67894
24.53569
28.66279
26.41128
33.50000
38.00000
36.00000
35.00000
28.47221
29.40899
31.47839
32.14896
40.50000
37.50000
36.50000
31.37940
31.09484
27.58170
30.47403
31.00896
35.00000
42.00000
24.89352
29.32955
31.50000
25.77251
27.35365
22.22611
23.70991
26.88659
30.07029
31.47839
36.85105
23.20022
30.26916
37.50000
34.00000
24.89352
41.00000
28.57738
27.64457
25.18432
40.50000
40.50000
23.81932
30.53959
25.11349
33.50953
22.89629
24.26245
21.24265
21.14681
21.55226
20.52438
28.50000
39.00000
32.31443
28.75568
31.47839
29.32955
31.00000
29.97777
31.00000
28.00335
29.48199
21.37025
23.15647
26.91963
28.50000
26.24881
25.75243
28.38133
27.45097
28.85981
27.50000
31.67894
29.00958
23.76272
22.87466
28.85596
20.38382
20.10441
20.94487
21.79449
12.43543
30.90128
27.01029
26.71246
28.59293
19.91702
27.35365
20.16532
25.77251
27.78889
32.60198
35.50000
34.00000
26.51205
28.33137
39.00000
24.83277
40.00000
31.62629
32.88701
30.90128
33.06895
35.31131
22.45885
26.24669
24.89352
29.48823
26.50000
25.63123
32.50000
30.47403
21.75287
20.46069
24.05327
23.92044
27.31300
29.80772
27.96426
23.52127
19.94210
20.72890
20.91507
27.09982
22.56657
31.03045
25.59080
24.34475
41.00000
26.34862
25.42022
36.50000
28.12275
33.55923
33.50000
33.00000
30.21405
22.09497
35.50587
33.82635
27.32215
25.43005
33.03870
24.61072
30.94439
38.50000
29.69100
25.42145
28.39014
32.50000
27.18251
31.50000
30.50000
8.54634
27.06782
27.47524
32.00000
34.50000
21.21910
32.49957
24.20098
35.31131
22.92788
33.98039
21.91397
22.63095
18.68261
9.57914
26.00000
32.69047
25.46021
30.26916
21.30164
23.93742
42.50000
25.11349
25.48638
23.94133
33.50000
26.88659
26.83631
34.00000
33.50000
29.32955
25.94010
31.09484
27.65298
25.32291
26.78723
25.02998
26.51205
31.67894
25.30261
24.99778
28.07579
39.00000
31.28365
38.50000
26.54974
32.50000
31.88260
30.43025
31.68103
26.83696
26.40549
37.00000
28.85981
24.34475
29.79933
32.14896
43.50000
15.94491
20.00400
27.28553
21.71837
34.09790
22.40536
42.50000
28.87906
28.15471
34.09790
39.50000
29.80306
29.35227
31.94787
36.85105
22.41651
22.10581
19.18912
22.56518
15.75242
25.47469
35.00000
28.50000
20.69269
21.66795
25.62984
40.00000
38.50000
32.14896
17.99132
17.67767
20.20365
19.71395
27.98015
29.69100
22.73076
25.12966
25.11349
30.73905
30.34615
25.73300
28.19377
33.50000
17.51114
26.04270
35.50000
29.00000
33.03870
32.00000
31.00000
24.71167
27.82485
22.70875
26.13214
24.91318
31.50000
27.82086
30.55414
29.80306
23.20964
42.50000
26.93859
39.00000
41.50000
24.01432
26.16295
32.50000
25.42022
20.82883
23.44260
38.00000
17.83704
11.96871
22.98309
21.56965
18.30813
21.11871
21.69997
24.41695
35.44009
34.49960
29.22328
22.44298
40.50000
32.13513
31.56299
31.20185
32.22146
37.96782
28.66279
33.00000
25.78113
25.78113
32.00000
29.53341
28.94055
26.24246
30.07029
30.34615
22.44561
27.72484
40.00000
25.70019
32.09707
37.50000
27.72484
17.71123
26.73325
27.77689
25.36840
38.50000
21.96907
38.50000
38.00000
22.39838
20.65914
20.56089
31.41479
32.22146
42.00000
22.99456
36.33486
35.50000
39.00000
39.00000
30.90128
36.00000
29.32955
35.00000
37.00000
29.32955
34.50000
28.00397
31.75252
25.01999
22.28228
27.45097
32.50000
28.59293
29.00000
24.53569
22.60946
28.85981
25.62226
24.21260
29.13188
30.53959
21.09407
23.42008
31.00000
30.47403
30.94439
30.53959
21.05802
28.87136
30.07029
31.10768
41.00000
20.14169
22.94967
33.62869
27.47158
25.42022
24.21260
34.96983
29.31818
26.61179
33.55923
27.69815
26.84213
21.15863
24.17126
27.47524
16.41815
38.50000
13.18181
30.73543
21.79880
33.62869
34.00000
27.74086
34.00000
35.50000
19.93389
30.90128
35.44009
30.00370
38.50000
22.52899
19.64281
19.97398
21.83575
44.00000
34.00000
36.00000
23.44260
35.50000
42.50000
24.09703
36.17550
36.80580
43.00000
26.10662
25.95295
31.47839
30.00370
30.26916
31.03045
26.41969
23.05428
27.06782
27.82086
28.75568
24.27447
24.38237
26.69582
29.60105
25.63567
36.17550
35.00000
23.93220
24.38579
27.19477
25.84999
21.31249
26.54556
24.26245
25.77251
20.70169
25.38153
30.34615
34.70831
31.50000
28.47221
27.47524
32.50000
37.50000
28.95255
27.52373
22.49089
24.09746
26.59992
24.72965
26.31856
29.23848
29.27266
34.00000
35.50000
28.40579
31.00896
25.01999
28.12275
30.07029
29.60105
32.03123
43.50000
33.50953
41.50000
29.97777
29.69100
18.44417
21.92459
22.66468
32.03123
22.69116
22.38722
23.09085
35.50000
32.13513
33.29665
34.50000
26.96757
28.66279
25.77251
33.55923
22.92248
35.50000
29.33712
26.59992
37.00000
32.50000
26.13214
29.32955
26.98148
34.00000
36.50000
31.94787
31.20897
26.78723
39.50000
24.57005
28.69233
32.50000
25.38153
32.00000
28.47221
25.27350
25.36114
30.34615
26.84937
27.31300
33.72767
36.08324
30.34615
37.00000
32.88701
30.47403
30.34615
28.47221
27.50000
29.00000
25.24381
34.45125
29.04403
31.15552
23.89561
27.65261
28.00000
20.82066
40.00000
28.76727
27.72484
32.00000
27.92052
25.42022
22.22611
20.05592
23.00087
33.47968
28.54626
28.20793
39.00000
34.50000
32.56788
36.50000
31.37232
36.00000
37.00000
27.91393
38.50000
38.50000
36.50000
29.13188
40.00000
32.50000
28.57774
30.55414
28.12275
33.00000
26.71246
31.47839
28.00000
27.82485
25.17053
34.50000
30.73905
29.80306
30.44485
29.50000
34.00000
33.50000
24.55380
28.66279
29.13188
37.00000
38.50000
36.44478
32.61901
36.00000
38.50000
26.99537
27.19477
31.94787
28.75568
27.92052
24.70324
29.87753
28.75568
27.77026
19.96397
27.64457
23.62202
26.35693
22.62051
40.50000
25.66450
25.39193
30.15884
27.50909
24.17126
23.17731
31.56299
29.48823
27.06782
29.79933
27.47524
29.51083
22.45551
26.52711
25.48638
25.05369
25.15287
25.57342
27.17881
28.19377
30.94439
22.84048
33.00000
33.00000
31.67894
27.31300
26.10555
26.81767
30.50000
30.34615
30.47403
29.40899
26.98148
33.00000
27.94041
35.00000
27.92052
28.19377
37.00000
33.00000
28.47221
34.23773
27.79726
39.50000
35.50000
34.92214
40.00000
29.79933
40.00000
41.00000
29.97777
31.47839
30.91206
41.00000
28.08469
30.26916
27.06782
24.68299
20.58367
32.03123
23.71181
26.29045
26.88659
35.00000
20.52706
21.54501
21.82315
32.69047
32.00000
29.24466
18.55371
38.94440
23.78571
38.50000
36.50000
33.82635
30.34615
33.50000
34.66987
37.27674
33.50953
23.35059
15.46569
39.50000
29.04403
33.50000
27.52373
31.75252
25.95295
24.14125
23.42541
37.00000
25.27227
30.07029
19.68502
20.94039
30.73905
32.78211
44.50000
26.45161
20.40196
33.43651
24.28077
27.47524
14.85396
28.51644
34.02940
33.00000
23.90607
32.14896
23.98437
33.35666
30.34615
25.95295
40.00000
31.50000
34.50000
35.50000
37.50000
25.61250
32.50000
32.41742
35.50000
29.32955
40.50000
28.19377
28.66279
26.10555
29.40557
32.56105
28.19377
34.00000
31.20897
37.50000
27.01029
39.00000
33.08911
26.71246
27.06782
26.87936
41.50000
40.00000
26.13214
41.50000
41.50000
31.88521
29.97777
24.82312
23.56905
20.52285
25.84932
23.33854
30.07029
32.41742
27.71620
25.75243
33.62869
29.12366
27.94973
28.39405
38.50000
35.50000
34.29610
38.00000
38.00000
24.99000
37.50000
29.79933
27.72484
32.82614
38.50000
27.77589
22.61637
20.48170
28.59293
17.98889
20.92845
31.59465
32.49957
26.24246
26.49528
25.77251
23.54782
32.50000
29.11507
24.36570
31.09484
25.82029
28.54626
29.63481
25.72329
30.81486
20.07586
24.60183
35.91038
20.24846
21.76436
23.96873
20.29187
26.41969
17.58551
21.22640
20.94968
29.31818
23.04886
19.40722
18.14828
16.49970
18.12622
17.35972
18.95257
26.33439
17.55449
19.81918
32.09707
28.07530
22.99275
39.00000
21.83025
27.02314
32.56788
26.71246
34.50000
38.50000
37.50000
24.22579
21.47528
21.98727
45.00000
21.44032
19.87360
33.35666
24.68805
31.00896
31.88521
30.91206
23.33809
26.59992
26.78723
29.79933
33.50000
26.72078
30.34615
32.88701
21.97157
25.32291
25.51838
25.78113
21.71837
36.80580
19.79293
23.44260
32.42770
24.14022
25.97475
25.38700
27.47524
26.19160
27.74887
28.57774
22.62051
20.37768
21.98153
35.64953
29.00862
29.60105
37.50000
35.00000
23.76315
31.49603
22.34390
28.70927
21.84491
27.45097
31.88521
26.13214
30.15884
27.31300
26.69582
27.17842
24.53951
26.18205
25.32291
26.89215
38.00000
26.59992
21.85606
27.06782
19.40844
40.50000
21.24853
24.68299
28.70927
42.50000
24.74874
40.50000
16.19220
27.38955
44.00000
22.90560
21.81192
34.65384
18.41799
24.38237
33.55923
28.39405
20.69420
20.06863
29.30444
28.12917
21.29554
30.73905
