45.50000
34.18577
36.05859
37.11544
38.47366
35.97530
39.50000
30.62679
34.56716
45.00000
22.60285
44.50000
28.41984
13.94931
33.08911
34.02940
28.14583
10.32392
19.38266
29.41513
32.78211
32.09707
18.17278
41.00000
41.50000
34.02940
29.53341
20.05617
24.01041
30.91206
36.52701
36.38070
37.00000
27.30728
20.31420
29.43956
30.40970
33.50000
30.55414
25.62591
27.04163
19.16664
33.71778
26.73741
41.50000
22.50000
37.79183
37.53221
21.26405
28.00335
12.07122
10.13931
15.74802
26.28093
16.98705
27.35365
31.84686
35.03649
20.69269
42.00000
31.13178
30.26916
32.41742
28.64001
29.06315
28.59293
25.51470
26.31896
22.64950
27.13342
26.69582
30.70650
40.50000
33.82635
30.81486
30.62679
26.44911
22.89651
33.50000
38.50000
31.75252
27.77689
29.17000
24.94995
30.50000
27.00000
28.59293
22.61084
35.50000
24.70324
28.33137
31.50000
33.00000
30.21405
38.50000
24.91318
27.02314
24.14022
26.78969
24.23955
34.50000
24.72965
25.56731
25.95295
23.48404
24.85067
26.08999
34.02940
29.69100
30.07029
28.75568
29.48823
30.18094
34.00000
23.79542
28.47221
23.44014
27.47524
21.00000
25.74663
36.00000
24.03513
29.13188
35.50000
34.50000
38.00000
38.00000
30.94439
26.54556
28.19377
43.00000
24.23324
33.00000
19.39691
21.41588
26.71246
27.35365
27.34387
29.87753
25.66450
26.12829
32.03123
30.81486
29.32955
31.62629
33.50000
37.50000
36.50000
33.50000
29.95923
19.75316
36.00000
34.00000
38.50000
31.88521
35.00000
23.17086
38.00000
23.25224
19.55761
41.00000
21.73707
25.31139
28.39405
23.90999
26.71142
36.50000
27.02198
23.62202
22.16980
27.17842
23.79542
27.64457
25.31139
25.94706
28.87136
22.77471
22.98369
28.00397
29.40899
29.79933
27.65411
35.50000
38.50000
31.94787
26.00000
36.50000
38.00000
35.00000
35.00000
30.00370
37.00000
35.00000
33.50000
35.00000
34.00000
28.54626
37.50000
26.69582
39.00000
29.60105
25.50858
35.00000
28.39014
33.00000
27.17842
35.50000
34.00000
32.00000
25.70384
36.50000
23.15572
33.82635
25.38208
24.70324
25.38153
28.70927
36.00000
22.24298
27.17842
28.33137
26.51205
25.01999
26.65521
27.39018
24.91318
27.82086
25.66450
29.50000
26.65521
29.00000
32.06590
24.39034
30.00000
29.53341
34.50000
30.53959
24.01562
24.38579
26.54556
21.08910
23.15167
31.03045
24.85639
31.20185
31.20897
17.98765
32.88701
30.65217
43.00000
41.50000
40.50000
26.61179
36.50000
27.94973
35.50000
31.88521
28.00397
22.99275
31.50000
39.50000
26.98148
31.91395
33.82635
27.60774
35.50000
30.59718
30.62679
28.76195
37.27674
29.87753
31.66842
32.03123
32.72444
28.28820
29.06315
27.34045
26.34862
33.00000
31.50000
24.38579
31.50000
37.00000
28.94055
38.00000
35.00000
35.50000
34.29610
22.31950
29.27266
24.41311
33.50000
29.48823
34.00000
31.75252
36.50000
36.50000
27.72484
25.38208
29.27266
28.51315
31.03045
31.20897
26.99537
28.54626
30.50000
13.35066
17.20000
28.47221
19.29216
25.73300
12.74363
32.35566
28.39014
30.50000
19.29306
26.23399
33.50000
29.47351
36.00000
38.00000
16.57370
37.50000
25.51838
34.02940
31.09484
24.44495
35.50000
43.00000
29.22328
20.64582
23.32857
39.50000
29.87753
28.87136
25.78113
34.50000
32.00000
25.61250
28.98599
29.60105
32.00000
33.50000
36.50000
36.50000
29.00000
22.39544
27.92052
22.50000
31.47839
19.06410
25.27350
20.54848
31.79448
26.28054
41.00000
26.61244
39.00000
36.50000
21.41845
19.43811
17.65220
44.50000
22.01136
38.00000
36.59083
40.50000
41.50000
24.06242
35.50000
35.50000
31.50000
21.87464
21.74601
22.83759
29.53341
30.07029
41.00000
23.76315
31.75252
31.88521
23.61261
23.56242
27.94973
25.24381
27.65261
31.50000
30.00000
36.00000
36.50000
28.75568
36.00000
30.68478
26.41969
29.50000
37.50000
35.50000
29.22328
29.32955
38.00000
29.40899
19.25271
32.89377
22.42209
30.62679
28.57738
26.24246
22.02697
22.77471
34.50000
31.28365
34.23773
34.00000
24.41695
27.99107
27.82086
33.08911
24.25329
25.84932
29.06315
19.43418
28.18133
46.50000
21.17782
28.54626
27.32558
36.44478
23.47738
35.50000
35.23571
37.50000
38.00292
29.87753
34.50000
35.39303
25.66450
29.87753
27.45097
29.31818
27.93246
33.00000
29.60105
23.89328
28.50000
27.50000
35.00000
28.00000
31.37232
36.50000
31.84337
40.00000
27.64457
31.50000
30.26916
37.50000
34.50000
32.35566
42.50000
36.00000
35.00000
35.78019
37.02552
34.96983
32.60198
36.50000
27.82086
28.85981
39.50000
32.89377
30.15884
26.90144
30.34615
30.40102
28.11089
29.22328
19.93740
24.84326
31.47839
26.34862
34.50000
30.73905
29.80306
38.50000
38.50000
33.50953
28.15582
39.50000
28.11089
37.00000
37.11544
27.45337
33.08911
25.60273
38.00000
25.12966
43.00000
34.50000
36.50000
37.00000
35.44009
27.15797
28.28820
32.41742
30.40970
38.50000
32.89377
27.64507
25.18928
22.20811
26.04270
31.88521
18.27567
17.77092
24.44495
36.00000
26.44911
25.12966
26.72078
30.53959
37.50000
29.13188
26.18564
26.96757
27.18251
22.60285
23.92044
26.28054
42.50000
33.29665
21.56128
22.72796
23.30638
38.50000
44.00000
25.43005
32.88701
23.25224
21.34104
28.47221
25.81008
32.50000
30.53959
40.50000
42.50000
19.79293
33.50000
26.69582
25.61683
30.09983
28.33137
27.01029
27.35365
26.61179
26.31856
27.53584
30.50000
29.27266
25.92296
26.53653
24.36570
32.50000
30.50000
27.57263
36.38070
31.88521
23.46274
22.20923
23.68016
22.84048
23.04886
25.19700
30.81486
32.88701
40.00000
35.44009
39.00000
39.50000
30.98790
30.53959
33.50000
35.50000
30.50000
32.00000
19.60867
23.36322
33.65511
35.70559
29.97777
28.59293
33.00000
32.41742
21.54501
27.32215
32.49957
28.54626
19.96716
24.32463
29.69100
36.85105
30.40102
22.87466
31.37940
34.00000
29.79933
28.19377
35.00000
41.50000
33.55923
30.53959
32.82614
33.62869
28.59293
38.26225
29.53341
36.08324
35.50000
20.48170
23.09882
33.72767
28.12275
31.88521
26.54556
27.94041
26.96757
23.03389
22.93953
41.50000
40.00000
24.60056
27.69815
25.32291
22.59425
30.86530
36.24914
36.50000
28.08321
30.09983
30.62679
40.57366
40.50000
23.90481
25.31139
24.03513
26.08107
41.50000
30.44485
31.47839
37.00000
30.44485
28.75568
30.81486
27.35365
37.50000
29.80306
29.63481
22.92788
29.04403
38.50000
34.56716
22.23736
33.53605
17.59419
25.82029
29.04307
11.83892
23.35996
42.00000
41.00000
26.25357
29.32955
22.39838
27.92052
29.40899
29.74335
35.50000
30.53959
34.76588
30.90128
29.97777
31.50000
29.47315
30.07029
40.00000
25.92778
28.54626
23.39204
23.08138
23.55313
27.01029
21.49855
35.50000
31.00896
32.22146
31.09484
25.49510
23.33452
33.62869
20.36664
19.51121
31.50000
41.50000
23.47738
24.38579
27.18251
33.50000
36.00000
25.11349
29.87753
30.50000
25.52450
27.47524
35.50000
36.50000
38.50000
37.00000
32.14896
29.79933
25.84999
23.37065
26.71246
28.47221
30.68478
37.00000
36.50000
32.00000
33.50000
26.98148
33.00000
30.73905
37.50000
39.00000
27.51818
40.00000
33.43651
38.00000
30.91206
24.50510
25.34142
28.57738
32.00000
22.17403
27.07744
31.50000
22.79666
26.13214
27.06782
21.67227
30.15884
40.50000
39.50000
35.50000
29.13188
30.00000
26.98148
11.54816
14.37663
23.80520
22.76373
21.60185
23.79542
13.92839
28.85981
23.12331
35.39303
32.42770
37.00000
22.82953
30.91420
24.85961
34.23773
38.50000
19.33908
30.00000
30.73905
19.80372
30.53959
27.94041
24.50893
30.47403
30.91206
21.40531
24.99000
22.75961
39.50000
31.09484
29.06315
35.50587
25.57342
22.55364
21.54501
24.55380
20.87678
23.41340
23.63657
27.00000
25.03775
20.91052
40.00000
36.00000
25.78113
24.62088
23.35059
25.37716
16.75725
18.43258
27.62044
20.85186
25.27227
32.00000
26.70557
34.50000
24.51913
27.64457
26.02990
33.00000
21.13498
24.17437
26.91073
28.40579
32.50000
22.19234
37.00000
31.50000
23.58363
32.00000
28.47221
33.00000
25.72072
26.59992
32.50000
33.00000
29.00000
29.50000
27.39018
26.88659
25.70384
27.47524
28.50000
25.30261
24.08780
25.30261
28.47221
24.55988
26.41128
30.62679
27.94041
32.96800
31.20897
42.00000
28.07579
33.00000
33.29665
24.23324
23.02580
35.61211
30.81486
36.50000
23.14087
29.78068
24.43742
26.59300
26.14575
27.17842
36.38070
31.28365
24.53951
33.29665
35.44009
34.49960
31.49603
36.50000
37.00000
13.89964
26.35693
36.50000
29.19225
27.47524
27.04972
28.08321
36.00000
40.00000
28.28820
29.51083
25.51838
28.14694
25.91693
31.67894
22.95406
21.75684
27.06782
21.79880
23.32857
18.78297
25.27350
25.19700
20.64364
22.65364
31.20185
27.31300
28.93959
26.71142
21.93599
37.50000
27.31300
28.87136
33.82635
35.00000
29.76995
34.96983
37.00000
30.53959
26.90144
21.50907
29.95923
25.62984
22.07232
23.04886
25.19700
19.62040
29.00000
29.32955
32.61901
27.82086
25.70384
25.89764
38.50000
19.65324
32.35566
30.34615
19.15434
28.33137
22.86190
19.58794
20.76536
22.09638
24.40164
26.54556
35.00000
18.00386
26.03243
27.86076
25.66450
33.25658
41.00000
31.47839
25.29204
30.07029
36.00000
36.50000
39.00000
28.94055
37.00000
36.50000
34.00000
33.50000
37.00000
34.50000
33.50000
35.00000
31.50000
29.22328
21.85177
36.00000
34.50000
35.00000
32.56788
33.00000
29.74335
27.31300
30.26916
34.00000
26.13214
26.84937
28.87136
30.40102
27.31300
25.31578
32.00000
23.08138
24.60056
17.29046
21.67227
25.15287
30.68478
28.54626
28.11139
37.50000
22.51111
30.47403
31.20897
30.53959
27.25599
30.44485
31.50000
23.79601
33.55923
27.64457
30.44257
33.15955
30.44485
25.97475
41.50000
25.78275
24.31563
25.88919
22.44994
26.41969
31.00896
25.19700
28.50000
27.00000
27.06782
29.74335
42.00000
31.66842
36.85105
29.40899
29.93697
30.53993
35.00000
31.50000
28.39014
32.50000
29.87753
22.48750
25.31139
33.25658
32.60198
28.43413
23.55313
17.57524
32.82614
23.15647
40.00000
40.50000
31.50000
30.26916
35.50000
33.50000
23.03620
26.09598
30.50000
31.37940
38.50000
32.00000
37.53221
26.96757
21.66923
37.00000
33.50953
31.50000
31.00000
26.88246
31.49603
23.22714
22.43184
28.66279
30.73905
36.00000
30.00000
28.50000
22.25848
29.40899
23.71181
24.63511
21.41588
22.42069
34.00000
21.19434
26.88659
24.16609
18.31666
32.50000
36.50000
33.50000
39.00000
29.53341
22.53192
24.44495
28.28820
26.04270
36.50000
30.00000
25.66450
26.88659
37.00000
31.50000
34.00000
31.00896
38.50000
34.50000
35.00000
28.94055
33.50000
33.50000
26.91963
36.00000
34.50000
31.88521
25.06990
29.95923
25.92296
25.77251
27.18251
21.66795
31.28365
26.22380
31.00000
27.64457
27.92052
31.50000
31.50000
26.98148
28.50000
30.00000
28.47221
28.19377
34.00000
29.47881
28.66279
32.00000
27.50000
31.28365
33.50000
37.00000
31.09484
39.50000
35.50000
35.50000
31.09484
35.14099
28.57738
27.93246
29.04403
25.95295
30.86530
22.52776
21.99290
23.33988
21.37849
24.05549
23.66960
34.76588
22.03406
18.80381
38.00000
24.72221
36.00000
39.50000
26.38602
24.94995
28.11089
35.50000
42.00000
26.04270
27.00000
32.00000
35.50000
24.41766
27.85678
23.68016
34.56716
39.00000
40.00000
31.00896
34.00000
19.01315
36.50000
35.39303
33.55923
31.50000
41.50000
27.93246
27.53584
30.00370
35.00000
34.00000
28.69233
28.39014
27.64457
27.53584
26.88659
21.98153
27.17842
25.08984
31.47839
35.00000
27.17842
36.00000
38.50000
37.50000
37.50000
28.75568
32.14896
38.50000
30.94439
36.50000
34.45125
32.22146
40.00000
28.87365
25.82997
24.60804
32.03123
22.43184
27.47524
38.00000
24.58997
29.17000
22.50689
28.11089
40.00000
30.15884
29.17000
29.97777
24.25329
25.79123
21.29684
23.50931
28.57738
25.78113
25.49510
28.66279
26.38602
34.50000
43.00000
27.35365
22.72664
27.42604
33.50000
36.00000
36.50000
34.00000
31.28365
27.28553
35.50587
31.41479
31.32979
25.13339
32.09707
23.30322
32.56105
46.00000
29.13188
20.42156
12.13352
25.85053
13.93413
32.22146
23.97165
26.67396
32.69047
37.00000
27.01029
19.57518
22.51419
28.12917
33.15955
28.82273
22.74863
23.14303
25.47916
39.00000
36.50000
33.82635
40.00000
21.69997
25.30261
28.28820
39.50000
33.00000
17.89243
26.89215
37.32143
24.53569
28.33137
29.69100
27.71620
33.50000
41.00000
34.29610
35.23571
20.17523
23.37065
22.14018
26.54556
21.73476
28.19377
29.00958
22.48750
27.13342
26.31856
22.69116
24.72965
27.17881
23.94133
21.33512
29.87753
22.52899
37.00000
25.77251
20.03885
27.53584
28.94055
17.87612
11.07068
30.62679
34.00000
25.31139
24.39034
24.64117
25.79123
16.90444
24.72246
41.50000
33.00000
25.97862
37.79183
28.47221
22.61084
31.47839
32.50000
30.70650
33.06895
25.12966
22.98233
39.50000
30.26916
29.80306
29.93697
27.78889
23.90607
30.81486
35.50000
23.22714
34.00000
36.00000
38.00000
32.14896
27.47524
30.73905
38.50000
38.50000
30.65217
30.50000
30.50000
28.39014
28.33137
33.50000
29.79933
25.95295
29.27266
30.94439
29.79933
27.82984
26.05283
29.87753
26.54595
29.60105
41.50000
33.50000
34.96983
30.53959
38.26225
18.51726
34.45125
25.92658
37.00000
34.50000
35.00000
34.50000
27.64457
26.51205
39.00000
26.24286
34.50000
28.75568
31.62629
16.45258
17.37815
29.50000
24.92990
27.92052
29.69100
21.67227
25.47057
15.96524
31.00896
37.00000
27.13342
27.71620
28.85981
34.50000
32.61901
22.12465
25.97475
29.00000
28.94055
38.00000
30.50000
23.79542
36.00000
36.50000
21.68525
28.85596
25.66450
25.36114
27.39018
20.30394
24.17126
33.35666
28.75568
18.66976
24.02603
19.52844
23.50886
22.92788
24.63511
29.87753
17.55705
26.28093
27.92052
26.08107
37.50000
23.15572
32.88701
39.67367
35.50000
27.60774
28.37252
29.87753
16.03122
24.53569
32.50000
27.85678
24.61707
29.51083
20.33470
38.50000
37.50000
30.68478
24.53569
18.26350
29.97777
21.20943
22.41651
23.62202
34.23773
35.31131
25.30316
31.09484
27.41350
26.31896
27.53584
23.79542
32.56788
27.92052
34.50000
26.16295
25.04995
31.41479
26.67747
30.26916
22.19009
22.82542
30.53959
30.62679
32.72444
25.24876
24.10783
24.66146
30.68478
33.50953
30.73905
33.50000
38.50000
38.00000
28.57738
31.28365
37.50000
26.84937
28.75568
28.39014
24.46426
30.68478
27.32215
31.96178
37.00000
26.31896
33.50000
33.00000
35.14099
35.44009
35.50000
41.50000
33.98039
18.45716
34.00000
31.20897
35.50000
37.50000
33.50000
31.41479
27.35365
36.00000
30.62679
41.00000
25.70344
29.87753
39.50000
21.77728
40.00000
40.50000
28.75568
23.42008
30.26916
27.45097
26.06454
24.13892
27.31300
24.54710
23.03801
24.44495
31.47839
35.50000
28.03904
22.69116
31.28365
27.15797
30.73905
26.41969
32.78550
32.82614
29.27266
26.35811
30.07029
23.12466
32.89377
21.31168
27.17842
38.00000
20.84866
21.87893
22.70875
38.00000
30.73905
33.50000
29.79933
25.75243
35.36477
23.87860
38.00000
19.79110
30.91206
38.50000
36.00000
38.50000
36.50000
20.88061
36.71815
33.82635
26.59992
23.43160
39.50000
26.84937
48.00000
42.00000
21.00000
29.13188
26.08999
37.00000
43.00000
35.91038
23.14303
24.99375
23.42008
32.88701
31.10768
20.74247
16.06238
23.47102
30.18094
32.32163
28.00397
33.35666
23.36664
25.17053
40.00000
35.50000
23.92117
32.50000
19.94392
27.47158
28.24889
25.14334
32.96800
33.50000
27.38955
35.00000
29.60105
20.48170
27.25599
33.03870
28.47221
16.51935
20.64582
17.68238
29.51083
25.42022
31.00000
29.48823
32.49957
16.81331
28.75568
28.94055
34.50000
29.51083
30.50000
27.06782
25.66450
30.50000
32.88701
27.25599
31.50000
36.50000
25.01999
33.15955
28.33137
25.77251
31.00896
33.90510
32.14896
36.00000
24.25329
33.35666
34.47060
28.31409
32.88701
39.50000
31.09484
37.00000
27.72484
40.00000
26.78723
23.21398
37.50000
26.47168
36.80580
33.76718
35.00000
29.30444
29.08608
35.17891
29.80306
22.18530
21.54501
27.88369
37.50000
26.24286
33.82635
29.43920
23.76447
39.00000
35.50000
32.69047
35.50000
35.44009
35.00000
33.50953
25.99399
31.84686
30.44485
35.50000
20.94039
40.00000
32.31443
33.82635
37.00000
35.03649
30.15884
29.79933
35.64953
32.50000
40.00000
22.66176
31.88521
37.50000
37.00000
22.74863
29.50000
28.66279
30.26916
31.62629
30.70650
29.32955
28.94055
35.00000
40.00000
28.28820
29.79933
41.00000
26.31856
36.00000
23.68016
30.73905
25.31578
25.46021
37.00000
32.82614
24.57005
31.84686
28.00397
31.20897
27.18251
26.28054
26.13214
27.94041
30.00000
29.00000
22.20923
26.41128
25.84999
26.29045
25.19700
23.25224
36.85105
30.44485
24.10783
24.14309
22.71976
25.19700
30.50000
31.50000
30.53959
29.70971
24.12468
21.74601
37.50000
25.31578
25.46566
32.22146
40.50000
28.94055
36.00000
30.68478
33.24990
28.94055
33.50000
36.50000
35.17891
36.00000
33.00000
30.26916
34.00000
37.50000
36.50000
32.50000
33.00000
37.50000
33.29665
31.15552
31.08356
33.50000
37.00000
21.77154
31.47839
28.47221
27.64457
24.50510
31.00000
22.92073
29.27266
25.50817
32.00000
30.73543
32.78550
36.50000
35.00000
34.70831
31.50000
31.00896
26.49882
14.53062
33.35999
24.58093
22.52082
31.50000
35.39303
37.50000
25.54408
19.73221
23.89561
22.99321
23.35996
33.03870
28.94055
24.41766
37.00000
31.37940
36.50000
40.61472
43.50000
40.00000
25.84932
30.26916
31.66842
27.60774
18.88280
32.09707
33.53605
20.44963
27.92052
28.20018
31.09484
29.50424
29.69100
34.70831
32.42770
33.50953
40.50000
39.50000
34.23773
22.93953
24.78351
40.50000
26.38602
24.10783
24.13892
29.65953
17.48094
20.47407
23.28089
27.90161
27.82086
41.00000
30.81486
30.47403
28.39014
32.50000
24.71167
20.74247
20.01250
34.50000
20.88593
34.00000
21.22940
20.54805
16.32667
31.47839
25.46021
35.00000
19.96716
46.00000
19.56936
26.66927
30.21405
18.34905
16.49970
25.10423
21.77154
18.90608
17.92345
22.09575
22.75961
24.44381
27.39868
26.35693
35.00000
32.50000
37.50000
38.00000
33.00842
31.20897
35.00000
33.00000
25.57342
22.18530
29.87753
23.82226
32.14896
18.44511
36.50000
26.22380
36.00000
29.64266
28.28820
32.82614
34.00000
25.38153
34.50000
32.50000
34.00000
32.78550
34.23773
30.34615
37.50000
28.57738
27.47524
41.00000
21.73131
39.50000
15.07481
36.50000
38.00000
32.35566
25.92296
25.84999
25.23391
19.74050
28.50000
30.50000
32.88701
31.50000
26.40549
26.08107
32.50000
26.52711
31.94787
24.64117
28.40579
25.19700
21.24853
23.92117
23.25403
30.86890
41.00000
31.50000
25.19700
19.52844
27.21213
35.00000
24.44381
25.66450
36.00000
27.92052
25.81182
29.13188
32.31443
26.10555
27.72484
34.50000
31.00000
33.50000
32.50000
24.36300
31.20897
35.44009
27.47524
33.00000
26.59992
23.78419
24.01041
24.81305
29.60105
23.37734
21.86893
23.77499
25.30316
27.57263
26.28093
28.51644
35.00000
24.36570
37.00000
34.50000
32.00000
32.50000
29.26175
32.78211
29.75735
35.31131
30.81486
27.26720
31.41479
29.13188
36.00000
39.00000
32.00000
33.50000
28.54626
38.50000
34.42222
33.62869
37.50000
27.39868
21.26617
24.01041
22.26567
29.22328
32.78550
30.21405
24.84326
23.95830
40.00000
24.49872
28.38133
24.71167
41.50000
21.98153
20.89258
