40.57366
19.07059
36.05859
9.94786
9.13455
26.28054
20.28683
18.71897
25.38085
29.19225
30.13673
20.01718
9.58332
16.89970
41.00000
21.52905
36.12017
24.01041
24.52550
17.13009
32.22146
31.47839
17.89553
18.83260
23.98307
28.40579
26.91073
28.00000
33.29665
27.01029
26.69582
28.64728
23.79601
20.22838
24.94438
25.97862
27.31300
38.50000
27.62044
25.31578
19.39072
36.00000
36.50000
29.79933
34.00000
38.00000
37.00000
35.39303
35.50000
32.50000
29.87753
33.00000
24.71167
24.68918
22.01136
27.51818
23.39204
30.07029
32.41742
34.50000
26.43270
26.59992
32.82614
25.97475
31.75252
26.74299
23.28089
38.50000
37.00000
40.50000
32.50000
29.32955
25.48638
37.50000
28.75568
24.26245
24.62214
27.19720
11.00852
25.61683
14.31922
28.97413
22.85826
23.28089
28.11089
25.61616
21.05202
23.78419
31.28365
28.39014
35.50000
29.74335
39.50000
31.41479
34.50000
36.50000
32.69047
21.99290
37.50000
24.27318
30.00000
30.47403
24.44381
25.17315
23.08138
24.63511
20.94487
21.57979
30.09983
34.09790
32.41742
41.50000
24.08780
21.60295
24.21260
33.47968
40.50000
24.26288
22.33131
31.84686
27.69928
34.70831
25.39029
29.33712
32.82614
40.50000
42.00000
41.00000
36.38070
40.00000
34.65384
26.13214
24.98500
30.24346
22.55305
16.26776
19.18821
22.61637
25.42636
24.84452
36.62725
26.91138
25.24986
21.63844
44.50000
25.56731
42.00000
38.00000
35.61211
33.50000
30.15884
34.45125
27.45097
24.12468
22.98913
22.45412
22.48750
31.50000
40.00000
45.50000
33.55923
40.50000
43.00000
23.09221
23.84717
38.00000
37.00000
37.50000
30.07029
44.00000
30.62679
32.22146
35.50000
37.00000
27.94041
28.59293
35.50000
38.50000
40.00000
38.00000
37.00000
27.18251
27.06782
34.50000
30.26916
36.00000
36.50000
27.94041
38.00000
28.12275
39.50000
31.00896
40.00000
40.50000
30.15884
40.00000
30.15884
39.00000
31.00896
31.20897
38.50000
40.00000
38.50000
29.97812
32.88701
32.69047
35.50000
30.90128
29.74335
27.82485
24.41803
26.78723
31.88521
29.19225
19.41649
24.85067
27.25599
28.70540
39.00000
23.79075
25.92296
23.21398
25.31139
40.00000
39.00000
29.51083
29.13188
25.61616
28.39014
32.00000
33.50000
22.90606
31.20897
30.43025
31.00000
22.14018
29.33712
25.77251
24.22579
25.24986
25.18308
30.62679
38.19249
31.59465
31.84686
31.75252
23.78419
39.00000
29.60574
22.64705
20.14169
21.04014
27.19477
23.69716
23.33854
23.83799
28.85596
22.69116
23.66901
24.53569
28.89444
26.47011
25.03775
18.61955
20.46135
22.09434
41.50000
29.13188
31.47839
33.29665
29.22328
11.85580
40.50000
35.50000
28.19377
32.09707
28.19377
23.33854
27.79726
23.12331
35.00000
29.69100
30.50000
29.13188
24.61707
21.17044
22.18530
32.35566
17.89553
21.05350
30.44485
19.75475
27.18915
37.46406
28.98599
38.50000
41.50000
23.15647
15.37043
36.00000
24.09746
26.48113
25.73908
31.67894
28.40579
22.00568
32.69047
32.31443
35.17891
20.91315
21.39720
28.57738
21.33512
21.82172
19.94392
22.86190
24.05592
30.00000
26.50000
18.65905
11.43678
34.00000
18.93556
25.67465
22.46241
31.00000
26.93047
26.96757
25.90849
37.00000
34.00000
38.00000
34.00000
31.00000
33.00000
33.50000
33.00000
30.62679
37.00000
14.00893
32.50000
21.66923
37.00000
33.50000
22.22611
27.47524
25.03775
25.77251
40.00000
27.93246
26.44911
29.40899
33.00000
29.04403
39.00000
28.75568
30.53959
38.00000
39.50000
39.00000
40.00000
40.50000
39.50000
32.88701
25.31139
35.50000
41.50000
30.15884
37.50000
30.43025
38.00000
31.03045
35.50000
26.51205
30.00000
30.50000
30.15884
31.37232
36.00000
34.00000
24.49872
21.93262
27.25599
30.50000
23.71049
20.82517
37.27674
28.47221
28.08321
29.13188
25.78113
25.38153
25.01999
21.38340
24.57005
31.00000
39.00000
42.00000
40.50000
26.33439
19.84156
26.59300
25.27227
26.88659
25.42145
30.34615
36.50000
35.00000
35.00000
33.50000
27.35365
27.86076
35.50000
28.40579
34.50000
35.23571
33.00000
35.00000
28.66279
33.50000
34.50000
33.50000
31.15552
28.54626
37.50000
29.93639
25.61616
34.50000
32.00000
34.00000
33.00000
38.00000
36.50000
40.00000
37.50000
31.40362
21.58703
28.33137
30.73905
31.00000
28.00000
26.65521
29.06315
25.09357
27.94041
29.69100
34.00000
34.00000
31.20897
34.00000
31.41479
38.00000
34.00000
25.31139
27.58170
36.50000
27.47524
26.78723
24.68299
25.62226
27.51818
27.34387
25.24876
29.97777
26.24669
29.33712
29.97777
32.00000
28.54626
18.91454
31.37232
36.00000
26.41377
26.04270
37.00000
25.92296
38.00000
28.50000
23.02580
22.54378
26.28093
24.10783
30.81486
25.33155
38.50000
22.42518
24.45858
25.95295
26.54974
30.26916
31.41479
27.92052
23.20690
31.47839
25.59785
26.05163
25.17053
28.11089
28.08321
26.61244
26.69582
21.85772
27.00000
29.87753
32.14896
31.20897
33.00000
29.74335
27.06782
24.56737
30.00370
33.50000
27.82984
29.13188
34.50000
28.59293
33.00000
34.50000
29.87753
35.17891
42.50000
29.32955
35.00000
38.00000
27.72484
28.85981
28.69233
30.94439
37.50000
38.00000
32.41742
38.00000
26.96757
27.53584
33.08911
25.95295
32.41742
27.72484
29.40899
27.94041
34.50000
27.94041
33.00000
30.53959
32.49957
36.59083
24.13504
26.13214
19.20124
23.22834
24.99778
25.27227
29.93697
19.84156
20.94039
20.05393
26.24246
24.68918
33.50000
27.47524
24.45858
28.39014
26.08107
29.87753
27.06782
28.66279
29.22328
32.69047
32.41742
27.53584
25.49877
32.53716
31.47839
36.08324
39.50000
31.50000
32.41742
34.23773
34.50000
30.91206
39.00000
34.45125
42.50000
44.50000
37.50000
33.71778
39.00000
43.00000
36.85105
28.43707
34.76588
34.49960
39.50000
37.06151
35.61211
30.94439
25.70344
27.85678
25.17053
24.25902
39.50000
24.23955
28.33137
34.50000
34.50000
29.04403
27.78889
32.09707
39.00000
36.00000
37.50000
34.70831
40.00000
28.14694
31.41479
22.05045
36.50000
38.00000
40.50000
40.00000
22.54378
22.29100
23.97684
24.78351
14.60094
29.38005
19.83532
21.48384
28.99138
33.24990
34.02940
41.50000
24.05327
24.19711
35.12201
40.50000
19.73716
39.00000
32.88701
23.37734
29.33712
23.31711
23.89328
25.54408
33.50000
26.38602
23.47102
25.05369
32.82614
22.72664
18.26034
28.31409
30.94350
33.90510
36.00000
35.44009
32.69047
40.50000
27.17881
38.00000
31.67894
32.88701
26.78723
31.00000
26.71142
24.76388
29.40899
25.95295
26.47011
20.62159
15.96747
23.92117
25.03775
27.47524
33.50000
29.79933
22.29770
25.31578
26.44911
24.94995
17.12130
30.94439
32.61901
28.19377
35.00000
34.96983
31.49603
23.32381
31.66842
34.29610
35.50000
28.12275
28.39014
24.57005
28.28759
27.15120
21.01809
27.45097
35.00000
34.00000
26.35693
41.00000
37.00000
34.23773
33.25658
31.00896
26.28093
38.00000
29.32955
36.50000
27.06782
28.24889
38.00000
40.00000
38.50000
34.96983
33.50000
38.50000
35.50000
33.98039
29.32955
30.50000
30.56505
22.69802
44.50000
38.00000
32.88701
26.41969
28.66279
28.94055
21.50000
27.53584
24.76262
29.89461
23.20022
27.62044
25.31139
24.12468
25.67465
19.76582
33.43651
19.61859
25.31578
25.17053
20.56089
21.02825
23.28492
26.08959
31.47839
27.90161
21.15278
34.50000
32.22146
39.50000
34.37376
18.29754
28.69233
19.97968
20.53047
18.40217
18.01555
29.69100
23.25269
21.87464
28.14694
29.97777
27.01029
34.00000
29.06315
26.31064
31.88521
24.99778
22.62051
25.13339
20.81316
35.50000
33.76718
23.34286
28.24103
36.00000
30.50000
30.00000
31.50000
33.50000
34.50000
39.00000
36.38070
38.50000
32.35566
26.54556
29.04403
35.50000
39.50000
35.91038
34.29610
28.66279
34.50000
34.58645
29.80772
30.91206
38.05552
25.57655
38.50000
27.45097
20.94487
29.17000
20.59581
33.15955
37.74770
27.82984
27.41350
41.50000
22.21908
27.66315
27.88369
37.00000
21.60926
21.13498
28.38133
24.05722
38.00000
26.54974
22.74863
13.35665
15.11622
27.35365
27.24885
40.00000
35.00000
25.50817
28.94055
31.56299
22.82953
30.09983
25.01375
22.82630
28.50000
25.31139
29.04403
26.84937
38.50000
40.00000
28.28820
27.64457
32.00000
38.00000
29.60105
32.00000
37.00000
25.49510
23.90084
27.53584
24.39034
24.25258
37.00000
26.51205
34.50000
35.00000
28.11089
31.28365
30.73905
30.47403
26.71246
34.50000
27.53584
34.00000
26.71246
29.60105
33.00000
35.50000
34.50000
34.00000
26.35693
26.08107
22.61637
33.00000
34.00000
36.50000
33.62869
35.00000
37.00000
17.39425
36.50000
29.66795
40.00000
35.50000
28.11089
30.07029
25.39193
33.50000
31.20185
38.50000
37.50000
35.50000
28.85981
31.09484
21.45344
31.84337
30.00370
34.50000
43.50000
43.50000
33.62869
31.94787
23.04886
26.85493
37.00000
40.00000
34.02940
39.00000
37.50000
38.50000
31.41479
39.00000
32.22146
28.57738
29.74335
38.50000
42.50000
42.50000
28.76195
29.31818
29.80306
37.49667
30.40970
25.22276
29.08608
31.09484
33.03870
31.41479
40.50000
41.50000
36.00000
40.50000
25.60273
25.66450
29.13188
34.23773
23.65587
24.66146
24.77272
35.03649
34.02940
26.48113
35.00000
22.65364
27.25599
21.18175
32.49957
23.34286
22.07232
20.48628
21.51017
36.00000
33.82635
34.70831
38.50000
22.66054
24.04553
24.47958
27.84219
35.17891
29.22328
23.84717
27.45097
22.39544
23.71181
19.43936
26.31856
25.31139
34.00000
33.50000
28.00000
30.50000
25.48638
27.65261
30.94439
29.74335
33.43651
26.59992
26.31896
30.81486
34.00000
40.50000
33.00000
22.60973
26.31856
30.73905
31.20897
24.04553
36.50000
32.00000
25.84999
34.00000
27.19477
23.93045
36.00000
23.95177
35.00000
31.75252
29.32955
37.50000
22.79254
22.65364
36.50000
39.00000
23.53381
34.96983
37.50000
36.50000
21.64625
23.67884
16.36477
21.13498
37.00000
20.57912
21.63844
42.50000
26.11992
23.79075
23.93742
24.05722
20.58367
31.67894
27.53584
27.53584
37.50000
29.40899
30.26916
41.50000
40.50000
29.69100
37.00000
26.78723
33.55923
32.50000
25.96512
27.92052
33.50000
42.00000
38.50000
42.00000
41.50000
20.09378
26.78723
26.88659
27.52373
26.23399
29.79933
35.78019
34.50000
38.00000
37.00000
26.71246
28.07530
28.24889
39.00000
34.50000
34.50000
36.00000
34.29610
34.02940
24.85067
25.97475
29.97777
23.71049
28.19377
25.38153
27.00000
33.00000
21.92459
24.61707
24.57005
20.46851
21.93599
22.72664
25.19300
30.00000
33.50953
27.94041
24.85067
29.13188
29.79933
31.50000
39.50000
35.00000
39.00000
20.05617
30.26916
30.73543
30.50000
33.50000
23.58363
31.50000
29.87753
32.61901
37.50000
32.50000
26.67396
27.92052
37.50000
30.68478
30.15884
30.26916
29.72688
36.50000
36.50000
38.00000
38.50000
39.00000
41.00000
36.50000
31.00896
22.40179
20.88593
38.50000
37.00000
35.00000
31.50000
33.00000
29.50000
35.00000
34.00000
29.87753
30.43025
37.50000
30.50000
22.72796
28.08321
29.33712
29.51083
26.55654
27.06782
30.15884
27.92052
29.42257
38.50000
45.00000
24.36570
33.55923
25.46021
26.88659
27.72484
24.23324
34.50000
25.77251
20.45874
27.10627
33.50000
32.50000
28.28820
22.30595
26.73741
33.82635
23.93045
23.55136
20.72438
25.31578
22.20923
35.50000
29.32955
18.60538
25.38208
35.39303
29.13188
36.50000
35.50000
38.50000
31.59465
29.17000
23.66901
23.97165
17.72945
27.60888
28.39014
22.96193
29.79933
32.35566
33.98039
29.80306
41.50000
32.50000
30.81486
23.69716
28.40579
22.10520
39.50000
34.49960
31.96178
24.86338
28.39014
36.50000
33.06895
42.50000
41.00000
26.83696
26.88659
21.40531
33.29665
38.00000
30.15792
27.82086
27.72484
29.29590
33.50000
29.53341
26.88659
29.60105
31.88521
33.50000
20.27215
26.88246
28.50000
26.24669
34.50000
36.00000
34.50000
37.00000
33.50953
30.26916
30.53959
38.50000
30.81486
40.50000
30.94439
37.00000
42.50000
41.00000
31.20897
33.03870
37.50000
33.08911
29.53341
21.95996
26.75234
26.01442
26.24881
23.17731
24.64117
26.71246
33.08911
29.27266
30.21405
32.00000
42.00000
37.00000
24.01166
37.49667
36.50000
29.53341
33.50000
28.94055
29.13188
30.40102
29.40899
23.02694
28.23562
33.76718
33.82635
41.00000
39.00000
40.50000
32.56788
31.88521
27.06782
24.99000
31.75252
29.32955
35.00000
39.00000
33.50000
26.78723
29.11507
21.22940
25.01999
26.98148
24.55380
29.87753
28.66279
26.13427
23.34925
42.00000
27.31300
39.00000
37.50000
36.12017
34.70831
37.50000
40.50000
27.31300
26.96757
29.51083
27.38955
26.24669
33.00000
37.00000
35.00000
25.30316
32.50000
24.13892
27.26720
24.94995
24.47958
27.36786
27.14199
26.41377
24.44495
17.64766
39.00000
26.74883
25.70384
32.96800
25.03775
20.40833
24.10783
21.71405
23.62202
41.50000
26.78723
34.50000
23.79542
27.32927
44.00000
34.76588
38.00000
41.50000
25.88919
27.62044
23.46274
24.58997
33.00000
31.20185
28.57738
31.75252
38.50000
29.17000
35.64953
30.00000
31.50000
31.50000
32.50000
29.40899
30.65217
33.15955
26.05163
31.94787
33.50000
30.68478
34.00000
36.00000
37.50000
37.50000
39.50000
34.76588
13.28157
35.64953
41.50000
29.80306
34.50000
25.06990
29.63481
27.82086
27.17536
27.25599
28.75568
35.50000
26.16295
32.50000
35.50000
29.53341
30.50000
27.06782
23.39204
21.49855
30.00000
23.48404
33.82635
29.32955
29.00958
25.65151
24.60056
27.31300
35.50000
42.00000
41.00000
41.50000
35.00000
25.62226
31.67894
32.78550
25.17053
30.07029
36.50000
35.00000
33.00000
24.91318
26.59992
22.99275
33.50000
23.32857
25.17053
26.59992
22.50000
28.19377
31.50000
15.15544
24.37212
37.00000
25.66450
25.24381
22.94559
27.64457
32.00000
24.66272
20.56599
28.00397
24.72965
27.08423
26.54556
25.99038
24.44495
33.00000
19.07059
18.60753
19.12296
25.00500
22.28228
24.19065
32.50000
26.29045
29.69100
31.20897
34.18577
31.67894
22.53531
25.19700
26.80485
32.00000
28.94055
32.53716
21.11871
23.92117
24.20098
26.23399
35.03649
23.66432
22.33271
34.02940
29.60105
32.07413
32.78550
32.00000
25.85053
38.00000
28.71846
23.71049
25.67465
37.50000
33.03870
33.29665
25.97862
25.06990
20.06589
28.47221
28.22676
28.40579
27.93246
23.47102
24.03331
34.96983
28.89961
29.33712
23.83799
22.71563
24.81305
24.34646
25.66450
29.69100
41.00000
42.00000
25.48638
21.55806
30.73543
26.08959
27.40235
37.53221
24.53569
27.47120
30.05308
42.50000
19.71516
34.47060
32.89377
17.87456
19.96716
32.41742
33.43651
40.00000
33.50000
35.64953
20.00400
25.22276
36.50000
39.00000
22.51419
26.83696
27.13342
34.75949
23.90607
16.93989
20.07209
30.47403
36.33486
29.87753
33.35666
28.94055
19.10602
21.94311
21.82659
33.82635
35.00000
31.20897
33.00000
21.65733
32.61901
33.53605
22.02839
33.95095
37.32143
24.59675
40.00000
20.57912
22.88422
21.35416
22.19610
25.61683
22.99275
34.02940
29.97777
30.15884
34.96983
22.73076
29.50000
27.94041
25.84999
29.50000
26.78723
24.60056
28.47221
21.47528
27.82086
39.50000
35.00000
26.88246
25.70384
29.60105
36.00000
26.78723
26.88659
31.20897
28.18244
30.07029
25.31181
31.79623
26.85493
31.62629
23.65925
38.00000
24.68918
19.98750
22.88134
31.66842
21.73131
30.34615
18.23184
20.41786
28.33137
27.94041
22.99275
23.56242
17.86617
21.56386
18.92723
22.53192
27.35365
26.24669
40.00000
28.24103
31.47839
24.45858
28.94055
26.18205
24.28348
24.22579
28.94055
21.33512
24.85067
30.44485
33.35666
29.22328
28.66279
27.13342
32.88701
32.82614
40.50000
22.85826
35.14099
24.56624
26.88659
28.75568
26.81767
33.50000
28.00397
21.89178
28.00397
25.38153
26.88246
26.56478
28.24103
29.87753
28.54626
30.70650
25.46894
25.46021
27.45097
36.00000
36.00000
28.85981
32.56788
32.50000
32.00000
25.38153
28.39014
32.31443
26.91963
27.23394
27.90161
24.44381
26.49882
35.00000
37.50000
31.20897
29.87753
31.20897
32.35566
26.78723
36.71815
27.90497
35.97530
38.50000
36.50000
36.00000
33.18969
32.22146
24.98500
32.25937
31.28365
41.00000
25.12966
26.48113
33.82635
43.50000
29.23611
26.69582
28.39405
21.51017
22.29770
20.21138
22.67157
21.89178
23.82939
25.84999
25.73908
28.24103
44.00000
35.97530
36.50000
28.75568
36.50000
34.50000
34.42222
20.77709
18.34557
32.49957
30.26916
27.19477
28.99138
22.74555
27.64457
21.85304
24.32463
16.22498
19.23954
22.53192
27.82086
22.32011
19.12485
23.92117
23.47102
21.63844
19.19792
31.00000
12.21679
24.48852
35.50000
35.17891
35.50000
38.00000
35.50000
32.69047
35.50000
35.00000
40.00000
33.00000
34.00000
34.50000
33.15955
27.27063
22.02839
37.00000
28.94055
31.28365
34.29610
32.50000
27.34045
35.23571
22.94014
29.83706
30.53959
21.17192
31.00000
31.00000
29.40899
32.69047
31.28365
31.50000
26.98148
32.00000
34.50000
33.50000
32.50000
30.44485
30.47403
30.73905
22.32011
28.57738
27.31300
26.51205
25.78113
35.00000
24.34475
18.47126
40.00000
23.32857
27.01029
30.15884
26.24669
38.00000
24.34475
35.50000
27.35365
19.15434
35.00000
29.97777
13.68211
24.08651
32.96800
36.50000
38.00000
33.35999
44.00000
24.99778
37.50000
29.40899
34.29610
48.00000
30.09245
41.00000
31.66842
34.23773
27.45097
25.19300
21.50907
26.91963
29.50000
28.50000
27.72484
25.31139
29.06315
26.84213
32.00000
24.23324
27.02314
25.67465
27.53520
20.79808
24.58093
34.70831
23.22714
35.44009
39.50000
25.08984
35.23571
23.79075
37.50000
26.04270
22.20783
19.96873
23.96873
30.00000
33.82635
33.24530
29.17000
27.78889
34.00000
25.39193
29.38005
30.21405
20.79062
30.81486
23.89561
24.88976
36.50000
40.00000
37.00000
28.54626
32.00000
27.01029
30.07029
38.00000
29.78068
31.75252
33.06895
19.60867
40.07770
39.50000
35.64953
31.40362
22.39838
22.14159
36.50000
27.25599
30.53959
24.13504
17.56588
32.78211
23.04751
23.89561
25.31139
37.00000
23.44260
25.86020
35.00000
36.50000
33.50000
35.50000
34.50000
21.05350
34.50000
37.00000
28.75568
19.95996
32.88701
17.23046
18.84038
23.76272
23.05428
31.28365
27.31300
36.00000
39.50000
22.52899
29.60105
36.00000
26.85493
26.72078
33.62869
31.00896
30.73905
30.81486
27.15797
25.95295
22.29770
39.50000
37.50000
23.04103
19.72308
30.00000
31.75252
36.00000
30.53959
36.00000
28.85981
27.02314
26.84937
34.50000
33.03870
36.85105
43.50000
37.00000
33.50000
26.83696
26.41128
25.17053
24.23955
31.75252
21.19552
36.50000
30.44485
20.29008
20.25463
26.38602
27.64457
42.50000
23.34925
28.70927
31.47839
33.55923
33.62869
28.54626
40.50000
21.51836
32.31443
22.49089
22.10204
30.00370
31.41479
36.55437
31.09484
39.00000
27.42604
24.12986
25.66450
42.00000
21.09597
20.14169
30.73905
26.71246
25.24986
23.27015
37.50000
22.35369
26.70557
34.75949
33.55923
32.41742
34.96983
28.28820
25.31139
24.58093
24.70197
26.33439
32.13513
34.76588
29.13188
25.92296
28.80201
30.07029
26.66250
34.02940
40.00000
39.00000
37.50000
29.04403
34.02940
28.12275
30.73905
29.69100
34.18577
31.20897
30.00370
30.34615
39.00000
36.33486
37.50000
28.54626
22.71976
29.13188
29.31818
26.28093
23.74210
30.01111
28.24889
34.09790
34.18577
23.98437
41.50000
23.12331
19.82896
24.00463
23.58495
33.00000
23.51994
41.00000
30.90128
34.50000
31.67894
22.23033
33.50000
24.29506
