18.91666
35.69314
34.47060
37.32143
14.28942
16.77051
40.00000
17.66883
19.45251
25.38153
21.29554
22.56518
18.20027
19.18821
18.61955
17.38354
24.11546
41.00000
19.38453
23.98437
17.99556
26.35811
24.99778
28.75568
32.50000
31.15552
31.50000
29.13188
34.49960
25.86020
30.03644
29.22328
29.97777
27.64457
26.19160
19.65165
20.98147
33.35666
33.35666
30.62679
40.00000
24.28077
32.13513
24.82312
23.88907
25.95295
39.00000
28.56024
27.60888
22.61084
28.57774
28.12275
27.62044
26.54974
37.50000
30.91206
26.98148
26.31856
23.05428
37.24991
29.63106
23.17731
30.17760
41.50000
21.78073
26.13214
34.00000
28.59293
31.28365
33.50000
22.39544
32.00000
30.81486
21.35978
21.02974
24.38579
23.98833
18.43258
32.14896
21.33512
23.15647
31.56299
20.54720
22.43881
25.62226
22.27527
24.13892
22.00568
36.50000
35.00000
31.94787
41.00000
24.68172
31.67894
24.37596
39.50000
21.21320
40.00000
41.50000
31.47839
32.49957
30.07029
31.00000
30.24380
33.08911
37.00000
31.88521
34.50000
38.50000
30.68478
31.00000
27.01029
41.00000
31.94787
39.50000
25.82419
30.26916
36.50000
24.41766
24.41766
43.00000
26.73741
33.00000
28.87136
41.00000
39.00000
30.34615
33.82635
33.15955
36.00000
28.94055
34.00000
25.92658
26.58007
36.50000
41.00000
36.00000
30.73905
25.54408
27.58170
25.82419
29.00000
25.11349
37.00000
33.35999
39.50000
39.00000
26.54556
26.41128
19.84156
37.00000
31.88521
34.00000
33.29665
30.09983
36.17550
28.36701
24.58023
41.50000
41.50000
34.49960
25.54408
34.66987
43.00000
23.88907
28.57738
24.21074
29.17000
23.53720
26.22022
25.59080
25.19700
22.76313
31.62629
29.00000
27.17842
27.53584
24.68299
25.30261
36.00000
32.82614
37.00000
26.50943
39.38133
37.00000
34.23773
43.50000
29.87753
26.78723
36.99550
27.27063
24.35544
36.34098
29.58040
30.44485
25.39193
34.45125
35.17891
29.06315
27.47524
30.09983
29.27266
32.50000
28.66279
27.31300
26.47995
35.50000
37.00000
25.05369
26.59992
24.38237
25.31578
27.39018
25.66450
27.06782
34.50000
31.88521
32.61901
34.50000
22.59840
32.50000
23.63657
28.80201
27.77689
31.20897
30.26916
18.08007
32.41742
35.50000
36.00000
40.50000
26.41969
24.25258
36.50000
30.15884
37.00000
29.06315
28.47221
39.50000
26.31856
25.89764
25.77251
30.00000
32.00000
35.50000
23.09085
28.28820
27.92052
27.92052
44.00000
24.55988
15.24795
27.50000
37.00000
26.83696
26.35693
41.50000
16.89260
23.44542
19.35128
25.14334
43.50000
22.73030
19.22383
20.72890
19.48557
23.21398
26.23399
22.23111
40.00000
28.87136
28.39405
29.13188
34.50000
27.18251
38.91015
37.00000
41.50000
37.24991
29.00958
33.50000
33.03870
40.50000
42.50000
35.44009
35.50000
35.50587
20.07209
17.00588
27.77689
24.23324
42.50000
32.60198
28.59293
30.68478
22.90327
23.77898
19.62708
22.29910
15.05636
19.61020
17.30896
16.84518
24.22579
32.88701
18.44560
21.24853
21.93171
25.92296
23.28089
26.01077
24.19065
18.81267
22.83331
22.55410
25.67586
19.65095
26.89215
24.87343
28.11089
27.64457
19.66596
31.20897
21.37561
23.29998
23.25269
22.62051
29.01724
29.60105
28.75568
24.22579
35.00000
28.80201
26.41969
27.18251
24.91318
27.72484
20.48170
28.00000
26.78723
27.25599
36.00000
26.04270
36.00000
37.00000
30.34615
29.53341
26.35811
28.94055
33.50000
30.07029
32.00000
29.40899
28.50000
37.00000
27.01029
26.24246
32.00000
23.82226
28.81297
32.35566
28.94055
24.44495
28.68362
24.72965
34.00000
31.15552
27.06782
35.00000
30.94439
27.06782
24.84326
29.53341
33.50000
30.00370
27.92052
26.04270
38.21867
31.09484
23.21551
21.87893
31.47839
34.09790
27.51818
20.34699
22.23033
28.50767
24.64752
34.41899
23.54782
20.64431
13.02306
21.86893
31.20185
26.71142
38.00000
30.09245
33.43651
31.67894
35.91038
24.01432
23.08138
34.00000
36.00000
28.85596
27.28858
27.71620
30.81486
43.50000
33.55923
33.24990
27.04163
36.00000
21.21762
21.96019
29.69100
22.20783
24.34646
28.54626
22.16275
30.50000
30.50000
23.96998
37.00000
35.50000
25.67465
34.00000
28.47221
29.22328
24.31435
34.00000
34.50000
31.50000
27.25599
27.92052
26.24881
28.47221
29.74335
31.67894
33.00000
27.92052
36.00000
41.50000
35.00000
33.00000
32.50000
25.57342
25.23391
29.80306
33.08911
26.59992
26.31856
28.84874
27.01029
30.94439
25.72072
28.85981
31.50000
30.50000
33.00000
41.50000
36.50000
27.15120
34.00000
30.50000
29.12366
32.61901
37.50000
27.35365
40.50000
39.00000
40.50000
30.53993
40.50000
31.94787
37.50000
30.53959
29.32955
33.50000
31.66842
27.47120
25.88436
27.47524
31.37940
29.97777
40.50000
37.00000
34.00000
35.00000
41.50000
39.00000
38.50000
34.50000
33.00000
36.50000
37.00000
28.75568
33.50000
29.50000
32.50000
29.79933
32.69047
38.50000
30.07029
29.60105
39.50000
29.50000
23.02580
22.82542
39.00000
30.81486
35.00000
27.06782
33.55923
35.00000
35.64953
35.00000
31.00000
24.30309
23.08002
28.28820
28.29605
28.47221
34.00000
36.00000
24.85067
33.00000
22.68392
39.50000
31.41479
24.66577
37.06151
41.00000
34.50000
36.91432
32.41742
29.17000
30.62679
23.14087
20.93442
24.55988
22.45412
31.75252
32.22146
30.40102
28.40579
29.95923
24.18677
30.15884
21.05202
32.50000
27.19477
29.27266
25.95295
31.50000
29.22328
26.51205
24.68918
36.00000
33.08911
35.00000
25.49877
23.76272
38.50000
29.97777
35.00000
38.50000
34.50000
40.50000
38.50000
30.80077
34.09790
36.17550
30.07029
37.50000
36.00000
21.92459
20.38842
25.49510
22.66468
22.86236
23.03666
28.11089
37.00000
27.64457
36.00000
23.66901
24.20098
33.43651
40.00000
22.29100
31.88521
31.56299
37.53221
36.00000
34.00000
30.53959
26.61766
33.76718
30.15884
30.81486
25.15287
28.00397
29.00958
29.87753
30.15884
32.69047
37.00000
30.62679
25.00000
42.50000
24.32463
28.12275
26.09119
31.00896
36.50000
37.50000
39.50000
39.00000
30.15884
32.49957
36.00000
18.36437
43.00000
41.00000
44.00000
34.47060
27.32558
31.47839
27.94041
30.34615
31.50000
31.47839
24.85067
31.41479
33.76718
23.28492
28.47221
32.14896
26.04270
33.00000
29.50000
29.74335
34.00000
25.43005
27.82086
25.49510
25.61683
28.00397
25.61616
25.24381
28.43413
38.00000
32.00000
33.50000
36.00000
31.84337
40.00000
36.50000
25.45953
33.15955
35.00000
25.00000
28.19377
27.45097
29.13188
28.75568
33.00000
21.33917
37.50000
37.50000
31.37232
29.70971
31.09484
29.13188
30.00370
28.87136
27.82086
28.39014
24.91318
26.88659
29.22328
31.20897
34.50000
30.62679
31.28365
34.50000
39.00000
38.50000
32.14896
36.50000
36.50000
28.19377
21.22940
25.95295
22.78947
22.72664
25.66450
22.38750
28.90502
34.29610
27.31300
30.73905
29.48823
24.49943
26.59992
25.01999
23.94786
33.00000
36.50000
30.53959
37.50000
30.81486
31.41479
22.73076
32.03123
26.38602
28.57738
33.35666
32.50000
34.92214
33.08911
17.93565
30.62679
22.19234
28.00397
41.50000
29.51083
26.41969
32.96800
32.49957
42.00000
27.47120
23.21398
24.41695
26.54556
27.58170
39.00000
37.00000
23.83668
21.62036
24.05203
24.58997
40.50000
32.31443
19.66437
29.48823
34.92214
19.35975
36.55437
29.93697
35.97530
31.20897
35.50000
33.50000
33.72767
32.50000
37.00000
22.52082
31.41479
27.35365
27.92052
27.45097
29.22328
27.94041
24.52040
23.22041
23.89328
27.82086
21.37171
25.46021
26.78723
22.32011
24.72965
24.72965
26.33795
30.44485
39.00000
38.50000
39.50000
31.47839
32.69047
36.85105
24.55687
30.73905
38.00000
30.56505
28.00000
38.50000
37.00000
23.71049
32.22146
30.73543
31.66842
33.82635
24.34475
25.55753
32.53716
32.96800
28.28820
29.40899
23.70991
27.69815
22.57078
23.63657
31.84686
31.63332
25.92778
23.54782
25.92658
28.74456
42.00000
24.00463
25.83710
28.56960
30.15884
22.73076
24.44495
22.85142
21.54066
33.50000
27.01029
35.50000
34.00000
30.73905
29.74335
33.08911
27.31300
30.84943
24.32463
26.70557
40.50000
29.60105
27.14199
16.93045
23.76272
16.77379
36.00000
24.58093
27.15797
28.54626
41.00000
28.19377
38.50000
33.29665
39.50000
26.94851
25.70344
27.47120
38.50000
31.28365
37.00000
24.70324
30.94439
25.93742
38.00000
32.41742
23.61261
22.60285
30.56505
25.01999
24.14309
26.40549
23.46673
22.51111
23.46673
24.23955
23.45208
19.42164
16.98941
24.90482
24.58093
20.41786
23.50886
33.50000
32.41742
38.50000
42.00000
40.00000
41.00000
32.96800
35.23571
32.41742
19.66437
16.19413
36.00000
37.00000
35.50000
35.00000
39.00000
31.20185
25.03775
25.52817
38.00000
31.67894
29.22328
40.50000
34.09790
21.11871
26.78723
22.88134
33.50000
40.00000
33.24990
24.46937
39.00000
42.00000
25.15287
27.31300
30.09983
28.11089
24.48852
36.59083
34.50000
33.50000
26.70557
31.56299
34.76588
24.55988
31.09484
31.84686
37.00000
23.79542
30.90128
27.04163
39.50000
40.50000
27.65261
33.29665
36.50000
40.50000
36.05859
16.58878
39.00000
24.25329
28.39405
29.33712
25.27350
24.19194
25.49510
32.22146
19.79618
21.71405
20.49848
20.71232
22.62051
35.12201
34.29610
26.98148
32.78211
32.22146
42.00000
24.72221
33.55923
29.80306
25.50858
25.59785
20.36075
31.41479
20.47407
29.78068
27.47524
38.50000
19.82896
36.50000
38.50000
33.29665
30.00370
26.54974
24.85067
23.29998
28.80201
25.95295
34.50000
29.00000
28.59293
25.61683
34.92214
28.59293
27.65261
26.78723
26.98148
31.94787
29.69100
33.50000
30.68478
27.60435
25.32291
29.87753
28.50000
26.08107
29.04403
26.87006
23.32857
40.00000
37.50000
37.00000
35.50000
36.50000
38.00000
30.00370
30.26916
31.28365
24.38579
38.50000
38.50000
38.00000
35.78019
34.09790
26.23399
27.82086
29.63481
24.72965
27.25599
26.88659
24.52663
22.07940
26.41969
28.50000
35.00000
37.00000
24.93366
35.00000
22.39838
27.82485
24.15781
35.00000
24.58093
27.17842
27.25599
25.49510
20.36388
36.50000
29.87753
30.26916
32.13513
30.56505
29.33712
33.82635
25.55753
23.21398
38.00000
29.95923
22.70875
20.72890
29.69100
29.32955
25.48638
41.50000
32.13513
33.50000
23.13547
23.84324
35.50000
14.59452
26.54974
26.88659
26.66250
27.60435
27.95532
21.67227
21.30728
22.32011
25.64542
31.94787
43.00000
40.07770
32.69047
32.88701
16.43654
29.87753
31.88521
23.47738
30.81486
34.65384
42.00000
23.13547
42.50000
35.78019
17.08333
35.50000
32.53716
23.79469
16.38292
28.24103
30.00370
19.02209
22.89651
21.89749
36.64545
24.14309
24.72965
28.38133
27.52373
26.84937
40.50000
40.00000
39.00000
31.62629
26.78723
35.50000
32.78211
22.07374
29.97777
30.55414
34.02940
26.04203
43.00000
34.56716
32.88701
38.00292
21.08761
21.30352
25.26856
17.73809
22.61084
26.24669
25.24986
24.78351
26.63748
40.50000
34.00000
34.50000
35.50000
35.00000
31.00000
34.50000
33.00000
32.50000
33.00000
36.00000
35.00000
32.82614
28.66279
27.86076
27.69815
27.01029
29.74335
21.46363
24.79695
38.50000
39.50000
28.47221
24.81305
26.90144
33.50000
27.53584
27.06782
25.10423
25.01999
27.01029
23.04751
34.50000
34.50000
33.00000
29.22328
27.65261
30.07029
32.25937
27.15797
32.88701
38.00000
21.36001
24.52550
22.91697
26.74883
25.50000
26.59300
30.53959
38.68965
32.50000
30.00000
37.00000
34.00000
37.00000
25.57342
23.15647
29.13188
22.49089
29.32955
41.00000
34.00000
21.00446
19.15620
35.00000
39.50000
28.66279
24.13892
26.53653
37.50000
25.61616
21.74138
26.31856
24.55380
23.04103
23.32857
36.50000
30.94439
28.00000
27.01029
26.89796
28.47221
26.91073
31.00896
29.23848
35.00000
34.50000
35.50000
34.50000
38.50000
36.17550
32.50000
36.50000
30.62679
37.50000
24.99778
25.61683
25.46021
23.79542
33.00000
28.57738
29.60105
23.21398
26.24669
27.02314
23.78419
27.92052
24.16609
29.53341
28.00397
34.00000
21.99290
22.69116
26.94787
18.51054
32.50000
30.07029
31.10768
22.21908
24.75379
28.47221
34.00000
24.23324
17.98533
20.46851
21.71405
29.80306
33.62869
24.96498
26.16295
24.21776
22.32011
33.82635
29.40899
30.05308
37.50000
35.50587
36.00000
28.29605
25.50858
28.87136
25.97475
25.95295
26.04270
26.44911
25.49510
31.28365
21.78623
38.00000
27.35365
26.88659
33.47968
37.50000
33.00000
33.25658
28.22565
27.90161
27.76126
27.29469
31.84686
36.00000
28.00397
28.75568
28.39014
26.59992
29.60105
28.47221
32.61901
30.62679
35.97530
28.86499
24.92990
36.77862
38.00000
32.82614
38.00000
38.50000
38.50000
30.15792
23.68966
30.81486
27.72484
23.37734
23.71049
29.69100
33.50000
36.00000
29.40899
37.00000
35.50000
29.22328
23.41340
23.74210
19.60867
29.87753
38.00000
27.79388
19.55121
30.34615
28.47221
23.71049
31.28365
16.26922
21.79880
22.83759
30.00000
27.64394
31.50000
31.00000
26.69582
33.95095
31.28365
31.49603
30.62679
30.40102
42.00000
29.00000
28.77825
33.50000
35.00000
32.00000
22.77471
27.92052
31.00000
30.21405
36.00000
25.27227
20.47407
25.95295
28.75568
25.78275
24.27447
37.00000
26.23399
24.34475
23.37734
24.60804
25.39029
37.00000
27.64457
22.63156
31.75252
34.23773
34.70831
37.50000
23.79542
17.69294
34.29610
36.50000
23.35594
32.88701
29.33712
28.08321
31.49603
24.73863
22.90560
26.91073
23.78419
20.88636
34.29286
41.00000
34.00000
35.44009
38.50000
35.17891
33.15955
22.39420
40.50000
41.50000
26.98148
37.50000
29.51083
27.94041
26.59992
25.81182
24.19065
36.38070
36.00000
31.56299
35.97530
27.15120
36.50000
30.53959
36.50000
33.82635
41.00000
33.08911
30.26916
40.00000
25.78113
23.14303
22.07232
30.07029
29.94810
29.63481
30.15884
37.00000
32.50000
31.50000
30.47403
37.00000
31.00896
39.00000
28.19377
36.33486
30.00000
23.60614
35.00000
32.50000
34.50000
28.29605
35.00000
32.00000
24.38579
19.95551
27.92052
29.53341
32.50000
32.00000
29.60105
28.47221
32.88701
29.23848
30.09983
34.50000
25.56365
30.47403
33.00000
28.59293
36.50000
35.50000
29.50000
31.50000
28.47221
31.00896
31.56299
27.64457
28.39014
24.77272
32.00000
33.82635
34.49960
36.50000
28.25221
22.85826
28.47221
28.47221
31.28365
30.62679
28.70540
37.50000
22.46525
25.20293
26.98495
24.68805
22.47777
33.76718
34.00000
37.00000
39.00000
46.00000
30.34615
37.00000
30.86530
41.00000
20.14169
40.50000
40.00000
21.77154
23.17086
34.96983
40.00000
39.00000
31.67894
40.50000
40.50000
43.00000
25.93582
22.43184
23.15572
20.94039
34.50000
42.00000
21.67395
32.22146
23.68016
28.08321
31.00000
23.77499
27.25599
33.00000
30.26916
42.00000
14.92113
39.50000
34.50000
26.24669
27.77689
24.76262
38.50000
36.00000
38.00000
24.34475
20.21138
28.75568
27.92052
22.06241
21.08459
23.68016
24.58997
23.04103
25.19700
26.15764
19.55096
35.50000
32.82614
43.00000
32.35566
27.82086
30.01146
23.33988
33.43651
28.00397
42.50000
27.25599
25.97475
27.06782
37.00000
36.00000
32.31443
35.00000
31.00000
25.03775
33.50953
30.68478
34.29610
27.65261
30.00000
30.68478
27.13342
22.36627
26.66250
21.79880
37.00000
27.82086
19.26032
22.92379
32.22146
22.31591
21.85040
21.53340
28.00397
22.25309
28.64001
18.72538
29.87753
17.94882
21.37025
22.73076
20.26697
25.78113
22.52899
25.24986
24.35159
29.69100
23.95177
46.00000
23.92044
24.53569
29.27266
29.74335
23.68940
24.34475
38.50000
17.35655
21.02825
20.02399
28.07530
27.79388
29.13188
27.08667
30.00370
31.94787
25.27350
28.24103
41.50000
37.00000
24.12468
17.61817
42.50000
38.00000
24.34475
15.56438
37.79183
26.41969
38.50000
26.81767
35.00000
22.72796
29.50000
32.50000
38.00000
23.45608
30.44485
20.18044
28.24889
30.94439
25.48638
26.75234
37.11544
36.33486
33.50000
34.96983
28.59293
35.50000
31.84686
31.88521
33.00000
35.50000
36.00000
33.24990
30.15884
34.19877
40.00000
39.50000
38.50000
28.57738
37.00000
20.24253
26.57536
42.50000
33.00000
26.66927
29.32955
27.06782
25.84999
19.03050
28.85981
27.01029
25.03118
41.50000
40.00000
22.98913
25.93622
22.79254
21.93599
26.04270
27.77689
25.46021
21.82172
22.01136
30.15884
36.00000
20.38842
34.50000
31.41479
29.78068
26.08107
35.00000
24.70197
29.13188
32.50000
28.94823
29.69100
38.50000
35.00000
33.00000
35.00000
32.00000
33.50000
28.85981
30.00000
29.00000
26.13214
28.56960
24.14928
37.50000
34.00000
36.00000
34.50000
28.39894
28.87136
22.03406
29.60105
26.04270
42.50000
21.09947
22.75961
36.00000
25.92296
23.92117
42.00000
26.54556
29.40899
20.36388
39.50000
21.68381
32.69047
28.86499
25.26856
24.32463
27.77689
22.52082
19.44222
43.00000
23.15647
26.64934
22.15147
31.09484
41.50000
20.68061
16.91892
29.79933
21.63844
36.00000
31.32979
23.51680
18.83315
19.26785
20.93418
41.50000
32.71425
20.40980
29.00862
31.96178
26.87936
16.11707
17.10811
36.85105
25.17053
16.85942
22.82953
26.08107
32.22146
39.50000
30.81486
26.73325
23.80126
25.52559
32.88701
17.41328
29.40899
28.61818
21.38598
25.50000
30.72820
15.91226
28.41984
15.87101
20.05617
13.42535
31.84686
36.00000
23.03801
31.50000
28.33137
37.58546
34.96983
27.35365
35.50000
30.12474
31.41479
23.09085
39.00000
19.27650
20.78912
29.33712
36.17550
17.74260
16.71825
30.70650
37.50000
40.50000
25.15287
17.12308
28.24103
33.43651
21.54994
23.08679
31.66842
32.71425
30.68478
17.37124
22.85957
11.83216
26.63996
22.22611
20.53503
22.22611
21.76436
18.77498
14.42775
17.48828
36.50000
36.50000
33.55923
26.23399
29.13188
35.50000
36.50000
27.45337
23.15707
25.95295
22.19234
24.07396
28.87136
15.41374
23.60614
30.81486
26.31856
32.09707
28.07530
37.00000
27.92052
28.33137
26.71246
29.00000
24.87343
27.65261
27.65261
31.50000
29.87753
27.62044
30.34615
26.71246
25.77251
21.63764
31.84337
28.28820
36.00000
31.50000
37.50000
26.69582
34.50000
32.41742
32.14896
24.14022
25.38153
30.26916
24.07396
35.50000
34.00000
27.53584
29.50000
30.00000
29.27266
27.39868
27.66315
29.97777
35.00000
36.50000
31.37232
23.71181
28.47221
26.23399
30.50000
28.89204
24.62088
26.70674
14.70332
23.37065
33.08911
40.00000
32.96800
23.86420
30.00000
25.32291
29.97812
39.50000
30.44485
29.87753
26.09598
23.95177
23.98958
27.64457
32.78550
36.33486
27.45097
26.69582
34.00327
28.39405
31.84337
37.00000
33.00000
34.00000
28.57738
34.00000
34.00000
33.50000
34.50000
23.82226
33.55923
27.82086
28.87365
27.76238
35.12201
19.07059
23.20022
26.47050
37.00000
31.15552
25.18308
31.09484
24.44495
35.50000
27.06782
24.63511
24.68918
26.41969
27.18251
34.23773
39.50000
31.75252
16.95877
26.59992
39.00000
34.00000
24.07670
32.09707
27.82086
26.69582
28.50439
33.35666
25.66450
31.28365
23.35996
25.19300
40.00000
21.11871
41.00000
43.50000
36.80580
35.64953
37.74770
20.40221
27.45337
37.50000
22.51111
27.75225
31.41479
35.50000
34.50000
37.50000
26.96757
32.69047
28.40579
22.90606
24.56624
38.50000
31.09484
23.80126
23.74210
25.00000
36.38070
25.08705
26.31856
41.00000
44.00000
22.19610
43.00000
32.03123
22.78069
33.24990
28.31176
32.88701
37.00000
37.50000
26.96757
23.15647
31.67894
19.61859
37.00000
37.50000
39.00000
23.62202
40.00000
30.47403
24.03513
30.62679
25.11349
