13.51619
16.92631
47.50000
19.31321
43.00000
44.50000
33.46173
36.91432
40.50000
16.54569
19.46150
32.61901
36.00000
37.00000
18.75333
26.19160
13.54400
24.66146
20.80598
32.03123
38.50000
15.65375
18.55323
19.51068
21.13197
37.02552
14.99166
23.90723
19.65095
15.11805
16.02147
18.63974
30.21405
18.81914
29.92073
24.10394
37.00000
16.61889
18.07623
21.54501
27.51818
26.16295
26.09598
15.33101
28.99138
24.41311
25.15287
38.00000
20.52438
39.50000
28.54626
36.17550
24.39034
28.54626
27.47524
25.46021
37.06151
31.47839
19.68756
24.30535
46.00000
27.98015
26.86075
27.06782
27.01029
35.50000
37.50000
25.84999
29.50000
33.00000
33.50000
31.62629
30.00000
25.10423
25.30316
35.50000
29.22328
24.84452
32.00000
38.00000
29.32955
35.50000
30.94439
36.00000
29.69100
33.55923
34.89349
41.50000
39.00000
34.56716
31.94787
27.92052
29.27266
31.62629
31.00896
30.68478
34.50000
24.85067
42.50000
27.21557
31.67894
28.85981
28.85981
30.81486
21.34479
36.38070
32.82614
20.38842
26.98495
19.62244
26.35811
11.58620
28.39405
25.62984
26.01442
20.27930
24.07821
32.50000
22.99456
38.50000
29.51083
29.87753
30.40102
45.00000
30.01111
29.78068
28.65637
26.67747
32.22146
32.03123
27.88369
25.22276
35.00000
35.50587
27.44995
22.63979
32.61901
26.05163
26.42442
32.60198
19.06915
21.98153
32.61901
26.15698
13.00534
29.17000
31.20185
22.64398
26.71246
29.53341
25.26856
33.90510
24.79415
24.53569
21.85304
25.08984
31.75252
38.00000
33.08911
33.24990
30.81486
32.88701
43.50000
40.50000
35.50000
31.00000
27.01029
37.50000
35.44009
24.26288
42.00000
25.92296
21.80275
22.41093
21.82315
35.64953
42.00000
30.40970
15.89465
25.45953
39.50000
19.11151
27.93246
36.50000
25.97475
38.00000
36.50000
30.91206
35.00000
26.89215
29.13188
32.50000
31.00000
34.00000
31.00896
20.88636
36.00000
31.41479
33.50000
35.50000
36.50000
20.72100
30.50000
32.50000
34.50000
32.06590
33.50000
36.50000
36.50000
34.49960
32.88701
38.00000
30.68478
26.28093
27.21557
38.00000
37.00000
37.50000
23.09085
30.73905
32.50000
29.83706
35.50000
28.00000
24.37212
27.60888
24.44381
27.45097
33.50000
27.65261
25.48638
22.92788
24.34646
25.57342
30.15884
31.28365
28.39014
27.15797
24.79695
38.00000
31.00000
25.38085
31.00896
36.00000
34.50000
37.00000
24.38750
18.68823
32.09707
30.34615
31.50000
31.47839
22.70875
26.31856
29.00000
29.00000
34.50000
30.34615
28.57738
31.20185
32.00000
27.17842
33.00000
37.00000
27.94973
30.34615
41.50000
31.37940
31.75252
34.50000
38.00000
35.00000
26.88659
27.94041
31.00000
31.00000
28.00397
24.00000
14.19296
19.81792
24.88976
24.53569
27.31300
25.32291
34.49960
21.60000
35.61211
33.50953
36.50000
26.84937
18.52701
27.04048
41.00000
24.22579
33.62869
39.00000
36.00000
37.50000
29.60105
24.53569
20.03885
27.18251
27.10512
35.50000
28.47221
27.18251
21.11303
23.63260
26.41969
22.10204
28.00000
28.66279
40.00000
37.50000
34.50000
28.87136
35.50000
33.50000
39.00000
28.57738
34.23773
29.93697
31.47839
38.00000
29.40899
34.02940
37.00000
39.50000
35.00000
38.00292
33.18969
35.91038
41.50000
40.00000
31.75252
29.87753
39.50000
29.48823
43.50000
38.00000
40.00000
37.50000
32.49957
19.22238
35.50000
21.31249
18.67485
18.26712
33.50953
23.44867
27.04972
29.04403
21.43012
29.33712
24.49943
23.95177
32.88701
36.50000
27.17842
26.24246
32.50000
36.00000
37.50000
38.50000
35.00000
28.12275
35.00000
29.79933
36.50000
37.50000
32.50000
35.50000
20.36271
28.19377
29.60105
32.09707
26.24246
32.41742
25.48638
21.01190
36.00000
30.34615
40.00000
38.50000
27.42604
38.00000
22.41651
23.13547
23.36664
19.72097
31.00000
23.12574
20.53503
22.40179
27.10627
33.62869
30.00370
30.53959
32.50000
32.00000
38.00000
35.00000
31.20897
31.28365
30.16621
30.44485
21.17044
30.73543
40.50000
21.46253
31.88521
32.69047
25.48638
24.47831
22.00545
28.87365
34.19877
29.69100
31.67894
34.49960
31.67894
19.13113
29.35227
22.72114
39.50000
20.17889
17.44993
41.00000
28.08321
22.42209
30.53959
20.37768
39.00000
35.50000
39.00000
37.50000
25.17053
34.50000
32.60198
41.00000
31.00896
38.00000
29.69100
30.07029
37.50000
32.78550
27.85678
21.19434
20.16532
20.74849
20.03885
17.14319
19.55761
20.30394
20.90550
23.20560
27.72484
26.28093
25.95295
26.44911
27.93246
30.80584
33.24990
13.63105
22.73076
27.25599
30.18094
23.22041
17.18102
28.71846
34.18577
30.34615
20.83651
38.50000
24.92990
22.21171
31.94787
22.72664
30.24346
21.22940
30.09983
32.49957
37.72120
16.63731
42.00000
22.17105
19.70406
24.58093
28.94055
38.50000
27.17842
38.50000
20.92845
14.21927
9.44458
26.61244
27.25599
26.41969
23.54119
29.30444
24.77272
28.39405
24.12986
36.50000
33.00000
27.69815
20.72890
38.00000
32.35566
26.67747
24.70324
27.35365
25.61683
26.41128
31.41479
28.50767
38.00000
27.15797
31.37940
20.60795
23.12331
23.74210
19.78889
21.40531
34.02940
25.76820
25.39764
31.09964
32.96800
26.31856
24.63230
19.08507
23.36322
24.01432
21.97157
20.21070
36.80580
32.42684
16.89497
17.59794
31.47839
25.69411
19.72942
31.37940
34.70831
19.09345
21.45320
19.57141
36.17550
33.62869
33.50000
25.42022
28.94055
40.50000
40.50000
43.00000
38.00000
40.00000
24.63230
32.03123
39.50000
39.50000
27.17842
20.25463
32.50000
26.71142
24.36570
27.40235
30.86530
34.84250
31.20185
27.53584
42.50000
37.38389
27.50795
19.84156
25.01999
23.22041
24.45858
22.67157
21.68381
28.26106
22.54440
19.30389
23.24328
20.01666
38.50000
37.50000
22.30595
19.88718
20.47407
23.09882
19.30181
28.54626
26.50943
29.32955
29.12366
20.48628
21.66923
26.91138
22.46479
33.76718
28.75568
23.41474
20.10441
21.30164
42.50000
27.82984
30.50000
26.04803
24.68805
23.60614
26.31856
24.07670
24.64117
35.50000
31.50000
22.77471
24.36300
25.66450
26.71246
29.06315
27.47524
35.00000
33.50000
36.00000
27.50000
32.50000
39.50000
26.16295
23.25269
20.09378
33.00000
19.67130
25.00000
22.84048
25.56091
17.81685
24.41695
18.63974
20.94968
18.63297
20.27776
20.26697
24.00463
24.68918
25.66450
40.50000
22.12888
32.50000
37.72120
28.94055
29.13188
28.12275
21.10687
23.98958
36.59083
32.61901
28.94055
28.11089
37.00000
42.50000
27.78889
42.00000
30.40102
28.28820
23.53720
33.08911
24.57005
23.03620
22.41093
24.53951
23.88514
22.53192
27.92052
33.00000
28.39014
32.41742
26.28054
24.99375
40.00000
30.47403
25.54408
30.90128
36.50000
31.00896
38.00000
35.00000
35.50000
34.00000
38.50000
33.50000
40.00000
27.72484
28.94055
38.00000
37.50000
29.00000
14.65909
13.24764
24.63230
26.71246
24.86463
30.90128
31.47839
27.64457
37.00000
32.00000
36.00000
22.54378
23.22041
36.50000
26.91189
32.50000
39.00000
23.45741
30.81486
30.70650
34.50000
29.13188
31.20897
24.92990
21.21762
27.45097
27.50000
22.23033
20.58367
27.06782
26.31856
20.45116
18.92584
25.11349
13.47915
21.12250
21.61597
19.88366
25.82029
30.26916
27.92052
25.97862
23.46274
31.88521
29.38005
25.78113
27.06782
26.78723
29.40899
30.59718
26.69582
27.86076
33.50000
30.00000
28.07530
30.00000
23.12331
35.00000
28.12275
20.78912
24.38237
39.50000
40.00000
38.00000
35.50000
37.50000
43.00000
26.83631
25.24381
36.38070
35.17891
39.00000
29.04403
27.94041
32.35566
36.08324
39.50000
36.50000
38.50000
35.50000
35.00000
29.33712
36.50000
28.39014
33.00000
34.00000
39.00000
24.45858
26.38602
38.00000
36.00000
30.67572
19.82927
27.01029
25.95295
30.15884
25.11349
31.20897
18.19951
29.27266
31.50000
35.00000
28.70540
33.35666
30.56505
39.50000
15.22128
36.50000
40.00000
36.00000
25.67465
24.34132
22.64705
37.50000
27.04972
21.77522
25.61616
31.56343
26.89215
31.03045
24.10783
38.00000
39.50000
28.40579
32.88701
37.00000
30.73905
30.91206
38.50000
38.50000
36.50000
20.25241
33.00757
20.48414
40.00000
34.37376
23.99349
20.68061
22.08365
23.58495
23.89328
20.57766
31.00896
27.92052
27.94041
28.39014
23.58495
25.13961
23.84324
25.56365
31.56299
22.49444
23.13547
21.12250
32.00000
34.50000
19.96597
28.12275
21.22940
25.31578
26.38602
23.28089
27.01029
40.50000
22.43184
23.85372
26.78723
27.93743
26.41128
26.54556
26.54974
26.67747
27.15797
25.75364
29.32955
33.50953
39.50000
32.03123
25.36114
35.00000
28.39014
29.00862
25.07987
22.69912
36.55437
22.50555
38.50000
25.38153
18.97999
33.62869
32.88701
36.50000
36.00000
22.39838
30.50000
25.95549
34.00000
36.50000
33.25658
37.50000
28.00397
31.75252
27.90161
27.92052
29.22328
30.81486
38.00000
31.84337
28.33137
25.06367
27.92052
26.98148
33.00000
36.00000
32.50000
29.51083
41.50000
25.78113
41.00000
30.47403
37.00000
30.94439
20.57766
24.55380
29.33712
32.00000
23.79412
20.08582
23.33809
30.62679
34.76588
26.66810
33.76718
28.44293
30.00000
40.00000
29.40899
26.04270
28.55696
27.72484
32.82614
31.00000
28.83032
32.50000
29.50000
27.06782
30.53959
32.00000
30.53959
35.50000
31.47839
26.78723
30.00000
25.19700
32.50000
25.63567
30.15884
29.06315
30.09983
34.84250
37.00000
28.33137
28.09248
32.00000
24.20098
32.82614
26.56478
28.66279
27.53634
29.06315
27.00000
25.38153
32.50000
30.07029
26.78723
37.50000
27.53584
27.60888
33.55923
29.00958
39.00000
28.75568
28.66279
39.50000
32.88701
31.75252
32.00000
32.00000
30.50000
29.27266
28.75568
29.87753
31.49603
41.50000
27.39868
26.08107
34.00000
34.50000
35.00000
31.50000
24.72965
21.63764
24.28077
23.50931
22.86236
21.92459
40.50000
28.11089
37.79183
30.26916
42.50000
21.89749
23.76447
37.00000
34.00000
30.26916
26.28054
38.50000
28.59293
32.61901
39.50000
28.39405
39.00000
35.00000
23.68016
33.50953
27.62044
42.50000
37.00000
42.00000
40.50000
25.36840
18.79328
37.50000
29.63481
11.52172
32.78550
34.50000
33.55923
38.50000
28.38133
18.77942
25.62984
25.24986
31.94787
26.23399
42.00000
43.00000
41.50000
31.88521
31.00896
26.13427
20.68816
19.63893
25.84999
22.37558
20.14547
28.64728
21.95996
25.85053
20.86145
21.70685
13.28533
23.88907
27.96426
34.76588
20.15409
22.99275
25.06990
31.09484
37.50000
23.82226
23.45682
29.48823
31.00000
35.00000
17.78264
35.50000
31.80409
42.50000
33.50000
31.20185
13.00000
28.00397
27.72484
35.00000
26.31856
42.00000
34.00000
24.84326
38.00000
35.00000
35.50000
35.50000
37.06151
21.41699
24.22579
22.07374
36.50000
24.26288
24.44381
24.94438
26.47168
22.18107
34.29610
29.13188
31.56299
35.50000
33.08911
28.87136
26.62236
27.35365
38.50000
33.82635
24.51913
28.94055
26.98148
34.00000
32.41742
29.42257
29.67638
29.04403
30.94439
37.50000
35.00000
34.50000
31.20897
29.50000
30.00000
33.50000
24.91318
29.06315
27.01029
22.08365
24.68918
28.19377
27.25599
27.01029
27.18251
32.50000
28.80201
27.92052
24.45787
24.43742
27.71620
29.79933
27.35365
28.66279
29.13188
22.29100
25.46021
26.02283
26.59992
37.00000
27.45097
37.85352
29.40899
30.44485
26.35693
28.39014
31.41479
35.00000
27.47524
24.13892
31.37940
24.91318
35.00000
24.44495
29.63481
42.50000
34.70831
36.50000
24.36570
41.50000
21.14681
21.85304
42.50000
39.20317
29.47315
41.00000
29.33712
15.43535
31.96178
19.97968
25.30261
35.31131
36.12017
38.50000
25.66450
25.30261
26.94851
17.30202
21.85304
31.56299
40.50000
25.37100
28.47221
34.23773
26.47168
28.44293
36.00000
31.28365
32.31443
24.11546
22.17105
27.06782
41.00000
29.80306
28.56024
31.41954
29.17000
39.50000
34.92214
28.56960
21.87464
39.50000
39.41517
20.89258
31.66842
36.91432
36.50000
19.59946
20.17149
28.89444
22.89590
23.62599
42.50000
21.21910
23.20964
22.43184
22.08365
23.43075
33.53605
31.20897
29.48823
37.50000
32.82614
29.87753
42.00000
41.00000
42.00000
19.08370
27.15120
34.92214
41.50000
24.36300
15.35212
25.75849
29.34600
24.06325
38.50000
31.88521
30.86530
18.82153
15.84424
16.94763
22.73675
28.82273
22.24298
19.62779
29.32955
25.38085
21.00476
19.51121
17.84812
17.71123
33.50000
29.17000
26.54556
30.70650
20.33470
21.04014
25.66450
30.94439
27.32927
24.88976
22.99321
31.94787
29.22328
30.00370
41.00000
37.50000
37.00000
39.00000
18.04681
40.00000
39.50000
34.00000
33.35666
29.78068
29.63481
30.44485
30.15884
40.00000
26.04270
30.91206
37.50000
29.69100
25.17053
31.37940
26.78723
28.28820
24.32463
30.24346
30.98790
24.37212
35.50000
36.00000
27.53634
32.42770
32.35566
27.31300
25.11349
25.67465
25.31139
24.01432
23.02716
21.83575
21.84857
35.50587
32.22146
30.26916
32.41742
35.00000
39.50000
37.50000
27.82086
29.69100
23.60614
26.84937
25.62984
26.54556
28.85981
33.50000
31.28365
25.70019
26.08107
36.50000
26.13214
32.31443
32.22146
30.34615
39.00000
35.91038
35.44009
32.50000
36.50000
38.00000
29.40899
20.81316
26.31856
26.16295
22.79254
27.04972
26.51768
39.00000
30.68478
28.11089
34.29610
40.00000
30.81486
24.76388
21.89429
32.03123
32.60198
33.15955
17.40575
24.23195
23.22041
28.75568
27.62044
25.59785
31.41479
21.33512
27.06782
24.87343
31.41479
33.00000
32.50000
33.50000
36.00000
27.72484
32.00000
31.50000
23.58495
25.38208
26.35693
28.57738
26.42442
32.49957
29.06315
27.31300
22.96193
27.65261
18.63760
20.05461
24.53569
27.13342
23.48404
24.68918
21.75684
25.10423
26.29045
22.45551
28.28820
33.00000
22.12465
26.13214
23.03666
28.28820
19.00105
20.48805
19.91582
31.41479
37.50000
22.09072
25.03775
19.73716
22.44994
21.64871
38.00000
37.00000
40.00000
33.62869
26.08959
25.48638
24.22579
33.50000
31.28365
33.00000
27.95532
30.72820
23.09762
22.59425
23.12331
24.11820
40.50000
26.41969
32.22146
24.99778
39.00000
24.99778
24.45858
26.27737
25.77251
25.51838
31.00896
24.68299
37.50000
29.33712
25.15287
38.00000
20.82517
35.00000
23.76973
25.38153
25.77251
33.50000
30.07029
34.00000
22.84048
27.35365
38.50000
26.38602
23.52127
40.50000
30.91206
31.09484
26.88659
25.19700
20.17325
32.49957
23.62202
26.85493
18.48479
28.00335
28.70540
32.49957
22.14018
40.50000
37.50000
30.40102
23.93045
27.01029
26.23399
24.38579
34.50000
19.11369
17.38534
22.63156
27.17842
36.38070
40.50000
21.64871
41.50000
40.00000
38.00000
38.00000
23.97684
40.00000
42.50000
42.50000
21.57979
38.00000
31.09484
40.50000
37.50000
41.50000
39.50000
17.86169
31.94787
33.35666
36.50000
30.91206
32.13513
40.50000
33.35666
38.50000
27.69928
41.50000
34.76588
43.00000
41.50000
42.50000
33.55923
25.17936
38.68965
40.00000
35.44009
41.50000
27.52373
27.82984
25.78113
27.62044
32.35566
39.50000
34.84250
28.11089
28.14694
23.56242
33.76718
30.90128
33.50000
33.43651
42.50000
31.67894
31.37232
28.40579
28.75568
23.79542
34.50000
24.22163
23.22714
22.72114
22.79825
19.82896
28.70540
22.07232
24.53569
23.17731
22.63156
29.98646
32.03123
21.66795
23.22834
29.01724
30.55630
35.14099
30.44485
24.56624
24.63230
25.77251
38.50000
22.60946
27.37129
25.99399
30.07029
16.39105
33.00000
24.33619
28.12917
29.27266
28.00397
24.44495
33.82635
33.00000
29.40899
31.00896
28.47221
39.00000
36.50000
30.50000
31.20897
36.00000
30.00370
30.50000
31.47839
35.50000
34.19877
37.00000
37.50000
31.67894
37.00000
40.50000
40.50000
37.00000
28.24889
30.73543
22.10204
27.50000
22.72664
28.12275
31.00000
27.15797
32.00000
32.00000
27.31300
25.54408
31.00896
31.00000
27.77689
30.07029
35.50000
31.50000
32.50000
32.00000
39.50000
33.71778
22.92788
29.79933
19.68350
27.86076
32.69047
24.99375
33.82635
26.71142
22.99275
29.40899
32.35566
27.72484
27.39018
21.42866
23.01207
31.50000
26.13214
29.17000
29.70971
21.83025
35.50000
27.25599
23.71049
26.08107
19.38266
19.95464
32.00000
21.04493
32.41742
20.89258
22.66054
24.72965
22.54378
19.04311
19.33100
22.99275
26.54974
24.63511
20.38842
21.98153
26.84937
31.37940
25.70019
25.43005
21.99290
30.50000
28.94055
25.51838
26.56478
35.23571
40.50000
23.58363
33.25658
32.89377
33.55923
29.87753
38.00000
37.00000
34.50000
24.99778
21.77154
26.24669
23.69995
26.51205
30.53959
23.42541
26.08107
29.79933
29.87753
31.00896
26.84937
21.46363
25.46021
40.50000
32.42770
32.61901
31.94787
32.31443
22.74863
22.64705
24.04553
28.11089
28.11089
33.53605
19.86202
24.34646
19.38659
19.88718
34.00000
20.49848
25.61683
28.19377
22.05045
26.99383
26.41128
26.41969
22.43184
24.99778
28.33137
35.50000
18.62495
30.26916
31.03045
27.94973
27.98015
30.07029
27.72484
27.82086
28.57738
37.50000
33.00000
28.39014
33.00000
31.50000
29.79933
41.50000
35.39303
31.88521
39.50000
33.08911
40.00000
37.50000
36.50000
30.28510
30.62679
40.00000
40.00000
27.62044
32.41742
39.00000
25.31578
33.00000
36.50000
35.50000
36.00000
28.87136
41.00000
35.00000
20.82883
33.50000
37.00000
23.79542
38.00000
31.00000
24.33490
24.79415
32.22146
39.50000
30.47403
35.50000
33.50000
24.87343
27.21557
37.50000
35.00000
36.50000
38.50000
28.66279
25.19700
36.50000
29.87753
28.85981
31.00000
31.50000
32.49957
37.50000
32.14896
30.62679
33.29665
22.21908
25.29204
27.01029
26.22022
26.05283
27.24885
22.52082
18.84642
21.15420
23.79075
25.01999
20.48170
25.66450
35.50000
23.04103
30.00000
34.50000
32.50000
25.84999
24.45787
27.06782
41.00000
42.00000
30.68478
32.88701
32.14896
34.50000
40.00000
34.49960
38.00000
42.50000
34.29610
42.50000
29.79933
22.12465
23.46274
23.62541
25.15287
36.33486
32.50000
18.51054
35.00000
23.60614
21.06561
33.03870
25.79244
22.18107
22.16275
24.83277
26.71246
21.61452
24.72965
20.60795
37.00000
26.38602
26.71246
25.38153
37.50000
27.66315
22.07232
32.78550
40.50000
41.00000
40.00000
22.85279
25.89764
27.47524
20.44505
30.15884
26.83631
30.07029
29.87753
39.00000
36.00000
35.00000
37.50000
37.79183
29.74335
21.27645
27.17881
41.50000
30.44485
40.50000
36.50000
25.92296
27.17842
29.17000
28.39405
22.60619
24.14309
35.50587
23.22041
35.39303
34.50000
30.15884
23.66828
23.34438
38.05552
22.99275
37.50000
38.00000
40.50000
25.38085
23.15167
25.59080
29.40899
18.87293
27.47524
23.45208
32.22146
25.95295
29.06315
30.81486
26.71142
32.09707
32.61901
33.62869
31.00896
26.89215
23.55136
39.50000
37.00000
30.81486
32.00000
33.43651
31.12341
26.59992
35.50000
28.64001
30.62679
28.39014
33.00000
32.50000
30.53959
36.55437
40.00000
28.87365
30.07029
33.50000
35.00000
29.13188
38.50000
28.75568
34.00000
35.00000
34.00000
33.29665
34.50000
32.49957
29.22328
26.90144
38.73270
40.00000
35.39303
36.50000
29.06315
34.50000
30.07029
38.00000
31.47839
33.00000
30.47403
33.50000
24.13892
38.00000
24.85961
30.15884
35.50000
33.00000
40.00000
34.76588
32.50000
33.00000
31.56299
30.81486
23.15572
28.31409
21.55551
19.58457
21.70829
24.46426
16.22412
22.21908
37.50000
32.44226
28.01227
29.49046
34.00000
30.43025
33.03870
25.70384
24.86463
27.94973
31.62629
29.79933
30.73905
33.00000
33.00000
40.00000
36.00000
32.50000
30.07029
35.00000
31.50000
34.50000
