15.48184
19.37782
13.15143
21.65548
34.75949
21.52905
15.24992
45.50000
47.00000
24.08780
19.12296
16.48231
29.33712
19.39555
17.83956
28.19377
20.46851
26.69582
28.11089
25.51838
25.89764
30.86890
28.01227
15.85521
15.31796
19.63059
29.12366
16.56720
34.56716
22.46479
21.28820
10.68878
20.41960
16.99081
36.80580
24.32463
20.52900
23.77499
29.68164
16.10714
25.42145
18.87432
21.51017
30.34615
22.15147
15.23942
17.69887
14.16474
14.15980
19.14909
24.64752
31.67894
42.50000
41.00000
28.64764
20.43740
27.45097
26.24669
20.87313
32.22146
27.78889
24.68918
24.68918
28.85981
18.95389
24.01432
37.50000
29.80306
30.15884
36.50000
34.56716
25.32168
31.19595
32.31443
30.94439
27.13393
26.71246
32.00000
21.04493
34.49960
44.50000
32.03123
37.00000
26.41128
35.12201
33.53605
26.28093
18.18482
23.93045
19.60159
20.60744
21.92411
25.62984
22.65364
30.43025
34.70831
36.00000
29.40899
26.30946
21.37025
29.23848
31.63365
21.89178
24.76388
24.22163
23.14492
15.16047
13.92141
17.72533
37.00000
15.24467
31.50000
37.50000
22.77608
41.50000
26.27737
38.00000
22.63294
21.71405
19.90533
27.93246
26.54556
32.00000
15.44798
23.56777
36.50000
34.50000
24.70324
27.94041
31.20185
42.00000
39.00000
31.50000
24.21260
24.70324
20.60795
22.92946
25.11349
41.00000
26.84213
27.72484
32.14896
36.00000
33.50000
30.91206
23.99349
28.28820
26.28093
27.50000
27.38955
35.44009
28.46379
39.50000
36.85105
32.00000
41.50000
36.50000
25.46021
30.53959
34.50000
28.66279
28.11089
28.20793
32.42770
42.00000
31.67894
29.13188
39.00000
33.50000
30.53959
28.57738
30.50000
31.28365
29.69100
39.50000
31.50000
31.00000
32.50000
29.27266
39.00000
31.88521
27.00000
26.31856
30.73905
30.50000
33.98039
33.55923
26.93047
45.00000
33.90510
24.32463
28.39014
39.00000
26.28054
29.27266
29.40899
26.29045
38.00000
28.24889
28.57738
24.68299
25.96512
32.03123
28.94055
37.50000
41.50000
22.94967
40.00000
44.50000
33.90510
25.24986
21.05202
20.56089
12.87197
20.67269
31.84686
26.96757
24.44381
29.12902
25.92296
37.00000
24.55380
36.50000
24.96498
42.50000
27.77689
21.82172
33.50000
23.03801
25.12966
33.50000
26.71246
24.95371
32.00000
32.14896
26.91963
33.53605
30.40102
33.15955
34.50000
35.00000
32.50000
32.50000
27.06782
18.13946
22.09977
27.25599
31.47839
34.50000
27.47524
25.79123
16.02147
28.39405
26.38602
32.09707
28.00397
22.12465
10.32279
29.60105
22.85142
29.00958
23.36664
22.81858
29.17000
23.36322
31.47839
33.50000
22.97145
36.34098
24.06761
27.26720
29.80247
32.22146
25.02998
25.36237
22.85826
22.57626
20.69396
37.49667
18.59585
20.48628
31.00000
28.12275
23.46673
28.85981
31.00000
36.00000
31.88521
34.50000
34.50000
23.74210
31.50000
25.01999
37.96782
38.00000
31.20897
23.41340
21.63764
29.13188
14.04849
14.01428
16.98705
29.06315
29.60105
35.91038
27.53634
31.09484
24.55988
32.56788
35.50000
29.50000
35.50000
20.75786
20.25463
19.01808
27.96426
25.27227
23.56242
24.05327
22.92379
25.54408
23.66901
31.28365
41.00000
25.71357
37.49667
34.56716
36.80580
30.81486
17.55677
45.00000
29.40899
31.56299
29.74335
23.93825
24.25329
21.64919
28.39405
46.50000
24.32463
36.50000
36.50000
25.48638
24.19065
31.09484
27.82984
22.25281
20.65527
20.86864
22.99275
28.70927
21.38340
31.94787
22.81447
20.99143
23.55313
28.85981
19.83331
27.25599
28.39405
28.75568
21.02380
25.84999
23.05428
22.07374
27.96762
20.89258
21.11492
26.41128
22.22611
25.01999
29.20188
33.35666
29.79933
27.31300
25.82419
38.00000
41.50000
31.67894
30.73905
28.01227
31.75252
34.50000
39.00000
16.77962
30.07029
24.08780
26.24286
37.06151
37.50000
40.50000
24.99778
30.65217
30.81486
25.48529
37.00000
33.50000
32.50000
34.50000
27.17842
32.56788
31.37940
30.43025
32.00000
28.66279
29.95923
37.00000
33.82635
26.22380
33.00000
30.26916
28.59293
37.50000
27.01029
19.84156
24.75379
23.93045
25.66450
25.06990
27.77689
31.00000
29.00958
21.02760
35.97530
27.15695
29.33002
36.80580
26.98148
33.00000
28.03904
25.32291
34.50000
32.00000
24.13892
28.87136
31.15552
38.50000
23.76447
21.21320
28.70540
25.13339
27.34387
30.91206
25.11349
22.27527
23.08138
22.01562
36.50000
26.52094
22.61759
19.94593
37.00000
33.55923
27.99107
40.50000
27.93246
23.47738
28.76727
26.78723
41.00000
32.50000
36.50000
30.56505
24.85067
26.75234
36.50000
39.00000
28.23562
31.03045
33.98039
21.68871
25.73247
36.80580
38.50000
31.50000
37.00000
24.80297
31.00000
35.00000
33.76718
26.83631
38.50000
25.94301
31.66842
30.15884
22.81858
31.84686
40.50000
45.00000
35.31131
47.50000
29.36409
24.85961
31.47839
26.08040
26.71246
43.50000
32.41742
25.19300
39.50000
28.19377
13.49768
30.68478
23.27015
17.55626
19.55121
30.81486
34.29610
33.00000
37.50000
19.07059
40.00000
21.36726
39.50000
36.50000
36.50000
17.69710
29.73529
35.70559
35.50000
32.96800
28.08321
30.15884
25.75243
39.50000
25.43005
25.75243
29.13188
32.03123
21.17044
23.33854
23.47738
29.97777
18.76806
24.99375
23.93220
22.40179
17.37354
21.38598
23.28626
37.00000
24.22579
30.62679
39.00000
30.47403
19.64476
18.75527
33.24990
25.13339
24.86463
24.35544
18.07318
27.06782
21.08910
21.33512
34.75949
32.89377
31.67894
24.70197
18.71330
31.41479
20.73258
22.46108
23.75336
24.49943
21.31103
17.24413
39.00000
26.05163
16.60602
19.32615
21.54501
19.32615
18.33542
34.47060
30.44485
35.50000
35.03649
30.53959
36.00000
37.50000
33.00000
36.00000
23.46673
24.23955
22.94014
40.00000
23.68940
24.25902
28.80201
26.24286
33.00842
28.11089
30.91206
31.00896
28.93959
26.37589
40.10265
25.14955
34.96983
32.06590
30.68478
30.44485
41.00000
33.43651
25.66450
24.86463
26.28477
22.94967
31.50000
26.13214
30.73905
31.47839
34.50000
35.50587
30.81486
34.00000
26.61179
24.90482
30.15884
36.00000
26.08107
28.87136
39.50000
27.26720
28.94055
32.61901
29.12366
13.54400
25.01999
18.83315
27.60435
24.20098
32.00000
19.24838
22.73076
20.09198
19.65960
21.14681
20.80865
28.54626
23.63260
22.49861
22.75275
26.61244
29.44805
31.00896
25.99692
26.54556
26.04270
24.84452
25.57342
42.50000
32.56788
32.00000
24.39034
24.19194
21.03568
25.15287
29.06315
31.50000
26.10555
29.26175
27.17842
38.50000
26.24669
31.75252
25.78113
18.76806
20.69420
32.69047
21.04014
25.32291
28.47221
32.61901
30.70016
41.00000
38.00000
38.50000
30.34615
31.94787
30.07029
30.55630
37.00000
36.00000
33.00000
27.06782
22.18530
36.50000
31.37940
24.91318
28.47221
35.50000
26.24669
31.28365
28.85981
21.00595
27.50000
27.65261
19.35355
24.01432
29.94810
27.14199
31.20185
30.40970
31.75252
22.45489
44.00000
25.75849
23.92044
17.51571
25.97475
22.74863
30.50000
21.17044
24.08838
28.98659
33.02524
25.24986
29.22328
29.67638
20.58543
26.93047
15.60256
25.61616
37.50000
28.39014
36.00000
20.28546
26.61244
31.01612
34.84250
43.50000
43.50000
26.73741
18.81064
18.37949
12.97433
10.50000
18.76666
32.09707
43.50000
46.00000
18.45644
27.20703
20.76921
21.85177
21.57979
25.31578
25.86020
32.49957
29.00000
27.93743
19.91582
34.29610
40.00000
28.85596
28.24103
23.60614
33.55923
27.62044
20.49932
20.75572
40.00000
34.50000
34.89349
23.29998
35.00000
20.93293
23.58363
29.87753
23.32783
25.49510
31.09484
29.33712
31.37232
23.97684
27.25599
21.80023
40.00000
30.34615
36.00000
38.00000
38.00000
30.47403
26.23399
34.00000
21.41588
31.00000
26.22380
27.62044
30.15884
30.07029
29.22328
28.28820
25.86020
25.03775
31.15552
26.04270
33.50000
30.53959
26.04270
27.51818
34.50000
32.50000
25.77251
25.67465
27.92052
27.45097
35.50000
30.41792
31.00000
27.65261
28.94055
21.05350
30.73543
29.93697
31.03045
26.71142
30.91206
23.44260
29.32955
24.13892
38.50000
39.00000
36.00000
34.00000
26.69582
26.23399
26.15764
27.58170
27.75225
29.13188
30.00000
31.50000
30.91206
33.50000
29.04403
28.28820
32.61901
25.18308
22.59840
36.50000
26.16295
43.00000
48.00000
26.70557
28.59293
20.94636
17.09349
21.76436
24.38237
26.78036
29.47315
25.66125
30.34615
18.93905
34.66987
31.62673
28.56024
34.84250
35.31131
23.72060
23.29565
40.50000
24.60056
27.60774
25.10478
20.46185
20.53503
46.00000
43.50000
23.69072
43.50000
33.62869
32.89377
22.72664
25.39193
32.09707
22.23111
33.29665
37.00000
36.50000
29.00000
24.49872
32.14896
31.67894
28.94055
30.70650
34.00000
21.86893
24.25329
29.80306
32.50000
21.53509
23.77367
23.72060
25.92296
27.35365
29.50000
29.01724
29.50000
38.50000
29.48823
24.66272
30.26916
29.50000
33.50000
24.12986
32.41742
33.50000
26.22380
32.00000
33.00000
33.00000
18.20549
32.06590
28.14694
31.47839
39.00000
30.53959
36.50000
35.00000
35.14099
26.29045
22.32089
23.27746
30.34615
31.37940
30.00000
28.20793
37.50000
24.10809
23.79542
19.00105
25.42145
24.22579
21.82172
22.07374
18.17966
21.38340
25.61683
23.71049
22.59840
23.93045
30.00000
25.50000
27.65261
32.61901
45.50000
23.88907
21.64871
26.78723
19.30512
27.01029
28.46928
25.19300
19.28514
22.98369
29.87753
22.28228
38.00000
22.42518
12.87478
27.13342
23.97264
33.35666
35.31131
36.50000
31.67894
33.50000
34.76588
22.41651
25.86020
21.43012
26.40549
28.66279
33.00000
30.00000
29.27266
30.34615
35.50000
31.47839
25.61683
36.00000
29.40899
23.80520
30.81486
29.80772
31.94787
34.50000
36.50000
35.50000
38.50000
21.02974
24.23955
23.79075
41.50000
22.53192
24.13504
29.53341
32.50000
26.54556
29.32955
30.00000
29.51083
35.00000
38.50000
25.13961
35.50000
19.79899
40.00000
24.34475
28.12275
24.65132
25.84932
37.53221
21.68525
22.49861
20.33470
24.79415
24.87343
34.09790
37.00000
21.25088
34.23773
27.94041
29.33712
40.50000
27.86076
29.74335
29.34706
31.62629
28.20018
31.88521
34.02940
41.00000
27.35365
27.82984
20.43918
23.43075
39.50000
26.41128
27.94973
28.75568
27.17842
40.00000
40.50000
34.50000
41.00000
40.50000
38.50000
36.00000
33.24990
37.00000
30.50000
27.19477
32.78211
27.02314
23.41474
24.55380
32.78550
33.50000
38.50000
37.02552
28.54626
26.11992
32.82614
29.50000
27.72484
26.71142
34.50000
35.97530
26.51768
24.56737
23.84617
27.33130
22.39838
35.00000
31.00000
31.50000
32.53716
27.53584
32.50000
27.17842
28.94055
23.79542
35.50000
30.68478
29.87753
29.52118
27.18251
31.37232
31.59465
26.65521
34.50000
30.94439
23.76272
19.25201
29.80306
31.12341
29.87753
30.07029
32.50000
34.00000
34.00000
36.00000
27.35365
31.41479
29.95923
33.76718
29.40899
22.73076
31.75252
30.15884
38.00000
33.82635
25.90729
25.71964
27.92052
29.22328
35.50000
33.29665
28.11089
35.50000
33.29665
40.00000
41.00000
28.70540
28.40579
26.42442
23.21099
21.45134
26.41969
24.55988
31.75252
22.84048
19.78636
26.78723
21.63844
23.60482
29.08608
25.86020
29.36409
28.75568
19.67232
27.19477
31.20897
30.00000
26.04270
32.22146
27.01029
24.91318
26.13214
22.07374
33.03870
36.50000
30.94439
28.82165
25.49877
22.10581
27.15695
32.13513
19.88567
24.51913
23.97264
28.70540
31.16979
32.56105
17.61363
41.00000
28.76727
38.50000
37.50000
31.56299
31.20185
33.82635
29.79408
26.41377
43.50000
27.88369
33.08911
44.00000
41.00000
25.04371
28.28820
32.96800
26.67396
22.98369
21.10687
21.85955
36.00000
31.23300
39.00000
24.99000
29.79933
29.74335
29.40899
32.42684
33.50953
37.00000
35.17891
24.14022
32.31443
27.47524
30.81486
28.66279
32.22146
33.50000
21.95877
26.04270
23.62202
41.00000
42.50000
38.50000
38.50000
43.00000
26.31896
31.88521
24.52550
23.53381
26.90144
22.54440
34.29610
23.19887
27.02314
37.50000
37.00000
27.34387
28.50000
29.50000
26.44911
27.06782
33.50000
31.62629
30.00370
36.50000
37.00000
23.04886
26.28054
23.80520
23.25269
23.89328
27.35365
27.64457
26.93859
34.84250
31.88521
23.79075
25.97862
32.50000
36.00000
31.13178
33.50000
26.04270
23.25269
32.50000
25.92296
29.79933
28.08469
36.44478
29.51083
28.57738
25.05369
24.90482
33.26034
25.30261
27.64457
32.50000
24.91318
39.00000
26.41128
23.56242
26.61244
27.62044
38.00000
25.62984
18.08832
17.81460
39.00000
17.96911
39.00000
32.78211
30.23243
27.01029
32.78211
24.25258
11.01010
22.42518
39.00000
34.76588
12.95531
25.54408
39.50000
30.07029
36.38070
25.51838
30.91206
25.42022
30.15884
31.00896
22.11787
31.88521
30.00370
22.06099
24.81305
22.41093
33.76718
31.00896
25.42145
40.50000
21.31249
23.46274
26.55654
25.92778
26.18205
40.00000
22.90606
18.41799
23.44542
24.34475
24.70324
25.83710
25.56365
40.50000
30.00000
25.97862
30.56505
34.89349
31.37940
37.00000
28.40579
25.04371
30.47403
25.67465
22.34390
34.41899
18.59339
30.97176
14.97405
15.84999
41.00000
10.52616
34.65384
24.44381
42.50000
16.67813
30.24346
16.67000
18.34318
21.29554
38.50000
21.77154
24.45858
19.45867
22.52082
20.63977
19.53202
21.55806
20.70169
34.96983
33.43651
40.50000
32.49957
40.00000
43.00000
34.09790
16.61806
28.08321
22.44994
25.00080
24.57005
21.56965
22.39286
28.46928
21.21320
22.18107
18.20989
22.50000
34.09790
21.66923
33.62869
29.40899
31.03045
23.41415
31.00000
19.62779
21.12315
20.58367
27.18251
18.66119
17.71327
22.41093
27.45097
27.94041
11.84230
33.15955
22.50555
36.00000
34.00000
8.90069
26.24881
31.09484
24.53569
23.88514
25.01999
30.44485
26.13214
33.03870
22.96193
28.24889
21.76436
26.44215
32.83577
23.52127
23.79469
42.00000
34.09790
25.59080
19.01808
24.22163
23.60614
34.89349
25.03775
30.81486
20.59709
28.28820
32.61901
24.58997
23.74210
23.69716
29.93697
25.24986
29.78068
35.50000
20.66882
12.55737
33.47968
28.76727
31.84686
25.38208
30.73905
31.88521
32.00000
37.00000
28.47221
37.00000
29.87753
25.06990
32.82614
33.50000
32.96800
28.46928
34.76588
25.48638
28.39405
25.19700
31.62629
36.00000
27.72484
23.29998
22.53192
25.03775
26.31856
26.13214
29.00000
21.47091
31.28365
30.07029
31.47839
22.92788
26.66250
32.22146
31.00000
37.50000
30.50000
30.73905
31.50000
34.09790
32.41742
20.52706
18.06212
42.00000
29.13188
35.50000
25.51838
20.78076
26.76752
29.87753
30.53959
30.21405
38.00000
28.85981
27.50000
26.13214
20.73644
31.20897
32.03123
23.22834
27.94041
20.28398
23.86813
27.72484
33.50000
25.95295
29.00000
35.00000
39.00000
34.50000
27.31300
30.50000
30.50000
27.47524
24.98374
25.66450
32.03123
30.41792
31.67894
40.00000
29.85381
32.31443
28.47221
28.19377
31.84337
31.94787
27.65261
27.53584
28.94055
25.36114
27.25599
35.50000
29.51083
42.00000
32.69047
31.00000
31.50000
28.19377
22.06556
29.06315
33.08911
19.82896
31.00896
27.45097
27.92052
30.07029
38.00000
32.41742
38.50000
25.59080
42.00000
29.48823
43.50000
30.44485
40.00000
33.06895
21.22499
24.45858
31.67894
35.50000
42.00000
41.00000
42.50000
43.00000
37.00000
32.60198
37.50000
19.20124
20.32701
34.50000
37.27674
37.27674
31.96178
32.50000
40.00000
22.01136
24.79415
34.50000
26.87006
17.97742
28.00000
26.08107
31.94787
27.24427
22.74863
29.10136
13.61470
43.00000
20.76921
25.30316
26.22022
19.73221
21.26617
20.69420
14.78809
19.31806
21.32340
32.78211
32.50000
37.00000
19.53202
22.06556
20.25241
27.30728
24.99778
19.86202
21.99290
31.67894
15.76983
19.76107
19.61505
17.79572
34.12070
33.82635
20.18663
24.79695
35.50000
27.01029
24.26245
21.40531
21.37025
14.18406
38.50000
18.76166
30.07029
25.15287
20.38842
25.97475
32.50000
20.40067
27.50795
33.98039
31.84337
38.00000
22.90560
23.53720
20.74849
37.32143
24.13892
18.66815
24.57005
20.69420
38.00000
30.00000
13.12402
29.85381
28.08469
32.78211
30.03644
36.50000
26.78723
30.47403
21.47528
24.39775
42.00000
24.51913
23.56242
19.39691
25.42022
23.15572
28.12275
32.50000
22.75082
29.97777
30.00370
32.06590
33.00000
31.50000
28.47221
25.00000
27.71620
41.50000
33.90510
31.09484
29.53341
29.00000
28.85981
25.18432
29.69100
22.57787
28.47221
27.79838
36.33486
24.56624
28.85981
26.41128
34.50000
33.00000
24.89352
27.58170
34.00000
32.00000
31.03045
25.01999
24.56624
25.32667
26.50000
34.00000
27.25599
34.50000
35.50000
35.50000
30.26916
38.50000
27.82086
36.50000
29.79933
38.50000
33.00000
27.10512
30.96369
27.92052
33.00000
35.50000
29.79933
25.84999
39.00000
29.32955
38.50000
35.00000
37.50000
31.62629
36.50000
33.00000
39.00000
28.08321
38.00000
32.14896
30.21405
31.67894
37.00000
28.19377
31.28365
31.15552
30.53959
30.50000
36.50000
25.11349
39.00000
27.00000
31.50000
20.26697
23.94133
29.50000
25.61683
28.47221
26.04803
31.47839
25.84932
21.38340
16.43928
41.00000
16.17096
27.47120
26.05163
30.70650
25.38208
30.55414
21.04757
32.03123
23.54782
41.50000
20.06589
31.88521
22.53192
19.79408
29.93697
45.00000
23.28626
33.00842
32.03123
18.29754
43.00000
29.94810
18.00694
24.85067
31.75252
33.17630
30.07029
28.86499
22.48750
31.94787
32.14896
29.87753
30.15884
24.45858
20.49932
35.50000
33.50000
33.15955
32.41742
28.47221
20.54848
37.06151
31.50000
32.14896
28.87136
32.35566
21.01190
20.94373
19.13603
25.92296
31.00000
24.68299
15.22128
26.88659
35.50000
25.19700
25.30261
26.03243
32.96800
31.56299
39.50000
26.08999
26.31896
24.26245
19.08533
22.41651
22.98309
30.50000
30.00370
29.50000
31.41479
26.88401
35.00000
24.57005
36.00000
33.00000
29.53341
23.15572
25.12966
27.15797
29.53341
26.54974
25.17315
25.95295
35.00000
28.59293
33.24990
31.94787
30.73905
32.50000
35.00000
22.64155
21.17044
28.11089
29.17000
26.71246
29.13188
29.50000
24.32077
31.15552
24.33490
34.50000
30.50000
31.67894
31.20897
41.00000
41.00000
40.00000
33.03870
40.50000
36.50000
38.00000
29.26175
35.50000
19.06568
26.93859
28.57738
22.09497
33.55923
43.50000
38.50000
38.50000
35.00000
34.50000
19.30181
23.47738
25.51838
31.09484
28.11089
24.58093
29.00000
29.66795
32.13513
27.90161
26.28054
44.50000
21.91397
43.00000
26.16295
27.23394
31.40362
31.56299
36.00000
31.47839
27.72484
23.72678
26.61297
30.91206
32.00000
26.04203
29.13188
27.45097
30.34615
28.75568
26.29045
29.48823
19.21588
25.77251
30.62679
28.47221
17.71123
30.15884
28.56960
24.94369
26.15764
27.47524
32.13513
21.34245
30.47403
31.15552
29.27266
32.14896
31.75252
41.50000
37.50000
27.04163
28.25221
35.50000
38.00000
38.50000
29.60105
40.00000
33.55923
31.28365
38.00000
29.00000
29.47315
27.08667
43.00000
30.90128
26.47011
30.53959
26.89215
28.75568
27.25599
34.00000
34.00000
30.50000
27.15120
27.45097
35.50000
33.00842
34.50000
36.50000
37.50000
37.00000
32.14896
35.00000
32.56788
31.88521
34.37376
32.96800
40.00000
26.44911
30.40102
28.87136
29.69100
26.18205
25.57342
26.69582
20.82066
33.00000
29.40899
31.00000
26.44911
23.76315
32.00000
31.75252
20.27039
19.27434
21.00595
35.50000
27.45097
30.00000
14.41388
28.47221
28.94055
29.17000
33.15955
21.84125
40.50000
25.33772
33.82635
34.02940
12.79687
38.50000
33.08911
29.51083
34.50000
