29.04403
46.00000
41.73727
17.15809
38.32319
26.43861
23.83799
38.68965
20.94487
33.50953
16.35543
16.49916
15.62850
28.00335
19.88718
16.71123
39.53339
18.63297
34.75629
17.10439
33.62869
19.40515
17.38354
20.63977
21.99290
23.62599
25.08984
20.52900
24.14022
23.76047
19.42936
19.79899
22.42518
21.35855
8.49730
29.04307
29.43920
29.48823
22.06099
24.10783
21.17044
33.90510
18.64832
36.50000
31.28365
23.33854
30.90128
24.68918
21.94311
35.64953
33.35666
22.60285
23.68940
34.37376
37.50000
34.96983
35.50000
21.63844
30.34615
35.50000
29.60105
31.67894
38.91015
35.00000
31.62629
28.20793
19.73221
21.98153
21.15863
28.75568
18.99177
27.64457
29.33712
28.28820
40.50000
36.50000
28.00397
32.50000
29.40899
28.47221
28.87136
30.09983
40.50000
27.77689
31.37940
26.97221
22.60285
45.00000
32.78211
41.50000
27.35365
25.54408
30.91206
28.19377
31.00000
26.78969
31.00000
28.85981
28.47221
23.53720
25.43005
27.72484
27.82086
26.88659
26.08959
25.77251
27.35365
35.50000
24.28348
34.50000
25.81182
34.00000
31.28365
29.40899
35.50000
36.50000
36.00000
32.50000
32.50000
24.49872
28.12275
29.13188
24.27318
37.50000
27.25599
26.31856
32.72444
28.11089
25.00000
22.21908
28.24889
20.67003
28.08321
21.71405
20.00600
34.02940
19.52434
37.50000
29.32955
34.50000
34.00000
32.22146
39.00000
28.39014
43.00000
33.03870
32.96800
35.00000
17.50635
22.43747
28.28820
25.36840
34.50000
34.96983
38.00000
37.00000
32.03123
28.54626
35.14099
35.40559
35.59026
30.56505
26.48113
26.04323
22.86236
27.92052
24.70197
19.91702
44.00000
24.37596
27.89601
29.60574
20.96092
24.96878
41.50000
30.40833
34.23773
24.14928
23.48276
39.00000
28.82273
38.00292
25.32291
26.94851
31.09484
26.05283
33.90510
25.89764
25.86020
40.50000
35.00000
38.50000
21.99454
26.04270
23.82226
23.38889
28.40579
30.07029
39.00000
25.95549
38.00000
25.26856
22.81578
27.76126
19.31424
19.61020
20.01599
21.78073
20.54720
22.32711
34.49960
26.51205
22.28228
22.18648
24.68299
25.31578
32.14896
34.50000
27.64457
32.14896
38.50000
26.31896
25.13339
28.19377
28.83032
29.50000
26.88246
28.66279
22.65364
39.50000
24.56737
25.17053
27.47524
22.82542
25.48638
22.29770
27.18251
28.00397
32.50000
28.00397
41.00000
21.84125
28.33725
33.00842
31.00000
29.40899
35.50000
33.00000
28.94055
31.00000
27.18251
34.00000
29.40899
28.19377
36.00000
25.00000
32.00000
26.93047
25.06990
27.65261
30.21405
35.50000
32.50000
29.79933
32.50000
27.71620
22.26404
34.70831
38.00000
34.29610
33.00000
29.60105
29.13188
25.95295
24.03513
28.19377
33.50000
19.96597
19.82322
27.18251
25.78113
24.14022
29.69100
24.41311
33.00000
19.65095
25.03775
22.29100
20.51828
31.50000
25.95295
23.44142
30.26916
29.40899
33.29665
33.43651
35.12201
28.95147
30.91206
28.97413
38.00000
21.40093
27.94041
21.56386
24.07396
26.24881
28.87136
38.50000
27.98015
37.50000
11.75415
14.43052
41.00000
38.50000
34.96983
21.08910
44.00000
32.22146
37.50000
31.49603
21.13055
33.62869
23.03666
27.22476
24.77902
25.70384
21.96968
20.48628
34.96983
36.50000
41.50000
25.57342
27.50000
29.60105
22.61637
30.94439
23.68016
32.50000
24.34475
22.27465
31.00896
31.01612
30.44485
21.51651
30.07029
28.85981
29.13188
29.22328
33.90510
29.33748
41.50000
12.93677
15.25341
27.52612
29.51083
24.32463
30.47403
27.50000
16.00586
25.77251
20.15564
34.50000
21.74138
33.50000
39.50000
38.00000
27.72484
28.33137
24.71167
30.50000
23.99349
23.30772
26.41969
39.50000
26.23399
26.78723
33.00000
21.78732
26.69582
26.23399
23.37065
30.07029
26.10555
24.85067
35.00000
22.52221
34.50000
27.65261
37.00000
29.40899
29.60105
38.00000
27.82086
32.50000
28.50000
39.00000
38.00292
37.50000
24.48852
31.88521
33.50000
28.47221
28.08321
29.69100
27.94041
28.85981
29.79933
38.50000
38.50000
24.96372
29.69100
30.73543
40.00000
41.00000
28.57738
26.48113
21.25088
44.00000
42.50000
38.50000
29.49046
31.67894
35.17891
23.77367
27.31300
37.00000
40.50000
33.00000
27.45337
33.62869
33.00000
36.50000
39.50000
37.50000
36.50000
16.65653
27.13393
42.00000
39.00000
21.63764
27.48977
38.94440
41.50000
27.40235
31.88521
40.00000
40.00000
38.00000
29.31818
36.00000
12.39355
40.00000
21.87893
23.22041
29.48823
25.30261
23.20560
25.95295
21.87464
34.42222
32.35566
23.63657
24.09746
38.50000
26.49882
38.00000
23.35059
22.44298
28.47221
23.69995
31.62629
26.84937
21.43012
38.21867
21.32340
18.85312
23.41474
26.09957
34.96983
40.50000
29.93697
17.89378
32.25937
29.47315
23.61261
22.18530
30.26859
29.93697
32.01074
27.47524
24.31563
41.50000
27.85678
23.21398
37.00000
31.67894
25.06990
29.13188
26.44911
28.51315
27.25599
33.00000
28.80201
25.06990
24.13892
30.26916
30.26859
39.00000
30.81486
28.39014
24.03513
23.46274
27.45097
28.39014
31.37232
29.50000
33.29665
27.53584
23.15647
27.06782
28.59293
25.15287
27.53584
26.51205
31.50000
42.00000
36.00000
25.68579
30.91206
30.00000
29.13188
29.60105
31.37940
30.07029
24.51913
38.00000
39.00000
28.20018
27.88369
18.72665
35.00000
29.00000
27.25599
28.47221
28.47221
24.45787
28.50000
22.50972
28.47221
27.45097
28.47221
39.50000
29.32955
35.00000
37.00000
29.50000
25.03775
26.17609
40.50000
24.48852
25.49510
23.33854
25.92296
22.91288
25.49510
23.17731
23.64847
32.00000
27.47524
27.45097
26.31856
32.09707
29.00000
28.59293
34.00000
33.50000
28.66279
35.00000
33.24990
30.62679
23.39204
23.90607
23.56242
13.91717
15.45603
30.50000
26.24669
27.39018
25.73300
25.07364
34.50000
26.28093
29.51083
31.20897
33.00000
36.00000
38.50000
28.75568
31.67894
32.14896
28.66279
26.03243
37.00000
31.67894
34.00000
30.07029
29.13188
33.00000
37.50000
26.08107
29.50000
32.50000
22.61858
30.91206
31.37940
31.47839
22.43184
29.06315
25.95295
23.05428
26.59992
31.50000
23.69599
21.98153
26.54974
22.72664
26.59992
38.00000
42.50000
32.88701
41.00000
29.00323
40.00000
27.65261
21.41699
24.21260
29.79933
39.50000
40.50000
31.20897
30.15884
38.00000
32.41742
19.15829
34.37376
25.59080
39.50000
27.42604
28.57738
15.55010
21.08317
39.00000
28.66279
16.07016
31.28365
30.07029
25.62984
23.56242
26.31896
26.73741
24.28348
22.41651
34.47060
10.95445
31.56299
32.82614
19.72942
11.02724
21.97157
17.63633
34.09790
22.19369
24.92990
24.38579
22.99275
22.67157
21.10687
37.50000
33.00000
24.07396
22.96193
27.15120
28.85981
40.50000
38.50000
28.26106
32.50000
29.50000
28.28820
27.53584
35.50000
36.00000
25.46021
35.00000
34.00000
35.00000
41.00000
40.50000
40.00000
37.50000
25.24986
27.01029
23.66901
38.50000
35.50000
40.00000
35.00000
30.65217
29.50000
30.50000
31.75252
35.00000
33.50000
28.39014
28.66279
28.85981
36.80580
28.57738
34.23773
37.00000
42.50000
36.50000
34.50000
38.00000
37.00000
26.84937
38.00000
27.06782
31.84686
37.50000
28.24889
26.53653
27.17996
26.05163
26.29045
31.00896
22.52221
24.30821
28.28820
29.97777
29.60105
28.59293
26.24286
32.41742
36.00000
31.00896
22.77471
23.92117
26.78723
38.00000
27.25599
32.00000
35.00000
25.78113
31.50000
34.00000
27.93743
21.37849
25.82029
25.46021
28.94055
29.69100
28.56960
25.43005
37.00000
31.94787
35.50000
28.28820
26.84937
39.50000
36.38070
34.00000
34.70831
36.50000
27.17842
27.17842
29.80306
37.50000
40.00000
35.50000
41.00000
28.94055
36.50000
36.50000
36.50000
35.00000
30.34615
20.18514
21.56386
28.47221
26.21426
36.50000
29.40899
22.94559
39.50000
26.94851
23.79075
37.00000
25.77251
26.41128
24.07396
43.50000
29.74335
22.74203
28.87136
32.50000
36.12017
30.94439
32.00000
38.50000
32.61901
32.00000
32.53716
35.50000
23.69716
29.40899
27.18251
20.79062
26.04270
22.28004
25.85537
38.00000
27.17842
23.41340
26.08959
26.23399
22.94967
36.50000
28.19377
26.59992
33.00000
32.50000
34.50000
26.08959
32.50000
31.50000
28.33137
24.58093
39.00000
25.73300
35.50000
35.50000
33.00000
28.33137
38.00000
39.00000
31.20897
42.50000
39.00000
29.69100
34.23773
23.55136
39.50000
26.19160
33.53605
27.93246
41.00000
42.50000
40.50000
25.48638
31.49603
41.50000
31.47839
27.53584
30.07029
33.62869
41.00000
28.66279
26.60827
35.23571
24.87343
28.11089
40.50000
27.47120
40.50000
27.82086
26.96757
24.01041
34.50000
37.50000
26.47168
32.41742
42.00000
33.48963
40.00000
41.00000
24.67387
31.03045
43.00000
40.00000
29.02872
28.12917
36.00000
37.00000
30.94439
31.94787
33.50000
32.56788
23.68940
40.50000
28.51644
39.00000
41.50000
25.54408
28.75568
28.33174
32.96800
36.00000
36.50000
21.41650
34.56716
26.19160
39.50000
33.62869
26.83747
27.82086
23.37734
20.85399
11.32199
27.77689
28.70540
25.19700
33.00000
20.86265
34.50000
31.09484
29.94810
30.81486
31.75252
27.02314
24.52932
29.22708
27.85678
20.16649
23.34286
29.47315
29.79933
18.18653
26.98495
26.08999
28.87136
37.50000
27.53584
36.50000
25.46021
24.34475
25.30261
30.26916
32.31443
28.75568
20.17325
22.50555
27.96426
30.66757
24.87891
21.93080
27.37700
21.15278
25.42022
38.50000
37.50000
37.50000
30.07029
37.79183
24.17126
28.07530
23.90607
35.50000
39.00000
35.50000
24.90462
26.96757
27.62044
39.00000
15.74802
26.31856
36.50000
23.84717
22.73076
33.50000
39.50000
32.50000
36.00000
26.06722
35.50000
41.50000
27.00347
24.10783
21.83025
33.00000
29.95923
15.41284
26.71246
30.94439
29.22328
30.62679
28.15582
37.50000
36.50000
34.50000
29.87753
41.00000
33.55923
20.85569
40.00000
29.60105
30.90128
31.67894
33.03870
40.50000
39.50000
29.33712
39.50000
37.50000
38.50000
35.50000
25.59663
34.50000
29.00000
32.88701
28.60507
31.84337
36.00000
34.50000
38.00000
22.69116
38.50000
27.13342
35.00000
28.12275
30.26916
33.00000
31.00896
38.00000
37.00000
27.35365
29.53341
21.71405
37.50000
31.20185
25.66450
33.43651
30.26916
36.33486
27.17881
34.00000
25.31578
40.00000
41.00000
25.92778
36.85105
27.39868
25.03775
26.50943
40.00000
15.47385
34.09790
40.00000
33.15955
27.08667
39.41517
31.96385
34.93804
13.89388
20.00555
34.00000
35.00000
25.78113
22.69116
24.83277
23.01207
28.94055
26.69582
38.50000
26.80485
22.32011
34.96983
27.64457
26.13214
27.04163
29.63481
26.66927
24.01041
28.94055
26.08959
33.62869
34.50000
32.00000
29.50000
23.50931
27.92052
27.04163
25.61250
26.54595
28.40579
24.76388
30.15884
33.50000
29.13188
17.41228
29.60105
23.24995
36.50000
37.00000
29.53341
37.00000
34.50000
31.50000
35.00000
26.10662
36.00000
33.08911
33.71778
25.33155
25.48638
25.95295
21.15420
27.37700
29.54657
24.96498
26.47640
25.82029
25.18308
23.39204
18.71256
25.66450
31.20185
29.69100
37.00000
28.54626
30.62679
23.17731
25.04995
26.54556
32.50000
22.12465
23.51064
31.37940
27.72484
29.40899
14.00893
18.04681
25.92296
34.50000
28.19377
22.78069
36.00000
25.49510
24.68918
27.17842
31.56299
32.96800
24.55988
27.94041
22.92788
29.63481
27.65261
23.16652
41.00000
19.35355
21.28820
28.54626
17.74824
41.00000
32.31443
26.67747
23.44014
31.00896
39.00000
24.38579
24.89352
15.42725
19.84943
32.78211
32.41742
27.72484
33.15955
36.50000
27.45097
24.38579
23.76973
29.40899
25.48638
23.76272
21.71837
24.51913
25.77251
22.15040
20.79423
21.78302
23.48404
26.88659
29.50000
30.07029
31.00000
22.22611
22.00568
27.32215
25.19700
28.00397
18.68154
41.00000
35.00000
24.99778
20.56794
28.39014
30.90128
25.42022
32.22146
41.00000
36.55437
25.49877
40.50000
30.50000
24.57005
20.33126
36.50000
37.50000
24.01432
17.85182
24.41311
34.65384
30.07029
31.94787
38.00292
29.25214
28.51315
26.02403
25.66491
24.41695
24.47831
30.50000
30.50000
38.00000
36.00000
22.52082
23.56242
20.72438
27.82086
23.78419
32.00000
31.50000
36.00000
34.09790
22.64705
32.35566
19.14909
30.47403
32.22146
23.79542
26.73741
16.00434
16.44182
29.32955
29.22328
30.34615
13.58998
11.82201
29.47315
27.64457
28.85596
32.14896
23.39204
29.04403
32.00000
30.81486
22.29770
32.50000
28.12275
33.62869
34.50000
30.18094
39.50000
44.00000
20.36388
22.57626
20.81466
36.00000
36.50000
43.50000
21.98863
26.21545
27.94041
38.50000
40.50000
24.36570
33.06895
39.00000
38.50000
35.50000
24.22726
31.20897
38.50000
37.53221
39.00000
42.00000
41.00000
22.88134
25.97862
39.50000
34.00000
21.41650
33.50000
25.03775
28.24889
31.75252
32.50000
33.00000
36.00000
36.50000
37.00000
33.50000
35.50000
35.00000
34.66987
38.00000
38.00000
39.50000
37.00000
43.50000
36.50000
22.84048
29.60105
26.47995
29.87753
35.23571
27.35365
36.00000
29.33712
28.08321
17.72005
38.00000
20.82517
31.75252
21.80023
38.50000
26.73741
26.66810
31.37940
29.13188
21.30164
24.47831
40.00000
28.66279
39.50000
23.87860
29.32955
26.54974
27.35365
35.00000
23.64847
23.82226
21.79449
29.95923
39.00000
31.67894
33.50000
27.24885
30.00370
39.00000
19.78636
26.31896
30.68478
32.00000
25.01999
27.25599
25.38153
20.81316
23.35594
33.06895
22.17105
35.00000
20.03746
24.03513
35.00000
34.00000
29.50000
40.00000
25.91693
26.98148
31.75252
26.41128
39.00000
25.93742
22.82953
18.97999
22.92788
24.53569
21.85177
28.20793
26.24669
25.18432
34.50000
31.75252
25.75849
37.50000
33.00000
40.00000
26.01922
22.43881
35.00000
28.39014
31.20897
36.50000
26.35811
26.27737
30.07029
24.85067
34.02940
39.50000
31.56299
31.37940
26.32489
25.42022
27.18251
28.63019
29.29590
36.17550
42.00000
33.90510
38.21867
35.91038
25.70384
31.66842
29.22328
31.20897
24.00463
25.95295
29.48823
36.50000
16.00781
35.50000
37.00000
37.00000
27.47158
30.09983
29.01724
31.14884
34.29610
38.50000
35.70559
26.90144
38.00000
29.33712
23.82226
31.47839
24.06761
37.00000
22.71976
32.82614
23.97684
25.38153
30.50717
31.50000
42.50000
43.00000
34.29610
28.00335
32.49957
33.29665
33.82635
24.47831
37.06151
22.63846
31.79448
33.53605
22.29350
20.60485
24.38237
28.39014
22.52082
21.76133
21.48255
27.79388
34.00000
31.50000
25.67465
22.37558
29.14940
20.41176
22.69116
25.61683
23.47102
23.14492
27.07859
24.38579
37.00000
34.89349
28.19377
33.50000
29.69100
42.50000
42.00000
32.60198
32.42770
35.23571
36.34098
30.16621
28.85596
34.37376
35.00000
34.96983
31.47839
33.00000
34.00000
27.93246
30.50000
29.13188
29.80306
28.75568
29.74335
27.92052
35.00000
24.99375
25.90849
42.50000
29.60105
33.62869
21.98153
39.50000
21.56128
27.64507
35.14099
31.00896
21.78991
26.59992
25.62226
26.93047
29.79933
25.19300
22.43747
36.50000
16.01562
37.00000
19.89190
26.71246
38.50000
18.53645
26.87936
25.48638
33.00000
35.00000
37.96782
27.09589
13.12402
16.92808
22.89651
23.50886
23.58495
19.53682
20.94968
23.50886
26.71246
23.89328
28.80201
28.11089
42.00000
30.86530
19.76582
31.75252
32.78211
27.77689
34.29610
27.26720
32.78550
26.18564
28.47221
30.91206
28.87136
29.69100
26.71142
36.00000
36.00000
24.44381
29.22328
28.59293
26.59992
34.50000
28.85981
38.00000
32.00000
27.25599
23.36664
24.53569
22.99275
20.92845
27.93246
31.75252
39.50000
25.23391
25.95295
33.62869
20.76505
24.58997
22.40536
28.24889
26.08959
30.53959
19.69772
21.35855
29.60105
28.24103
33.50000
33.00000
30.07029
21.83025
30.09983
26.33439
24.76262
31.94787
23.65772
23.76272
16.57307
28.28820
26.78969
41.50000
32.02636
23.53720
22.29910
27.32927
32.31443
19.18958
21.12439
35.23571
32.78211
19.64688
15.79114
37.00000
44.50000
45.00000
29.38005
39.50000
27.65411
18.76832
13.24659
22.50972
16.36816
22.69912
25.13961
29.00000
23.62202
41.50000
27.19477
28.54626
24.23955
31.88521
22.80838
32.35566
42.00000
25.49510
23.03801
29.04403
19.58162
23.36664
26.08959
25.62984
27.45097
23.31309
28.50000
33.55923
23.35594
18.71897
23.62673
22.83759
23.76272
21.92459
13.24974
31.00896
26.41969
30.00370
29.13188
38.00000
33.62869
36.50000
29.40899
30.50000
24.33490
25.49510
23.76447
28.19377
28.40579
39.00000
19.30803
21.71405
24.22579
23.20964
24.13892
21.67227
14.21830
15.65886
24.76262
24.05203
28.12275
26.20229
29.60105
28.50000
31.00000
28.28820
29.53341
25.86020
37.50000
26.39865
22.70875
20.93293
23.69716
25.24986
22.81447
24.72965
25.19700
33.06895
30.56505
24.96498
28.51315
23.63557
34.50000
25.03775
20.72890
24.45787
32.22146
29.55503
24.90482
22.60946
34.50000
33.15955
24.46426
30.15884
27.45097
25.48638
24.43742
31.09484
20.45116
29.51589
20.18044
19.73423
24.12468
21.07576
23.93045
25.31578
24.76388
25.81061
18.92089
23.20022
17.49286
21.85177
26.35337
20.67742
23.01207
20.90550
24.44495
17.97331
27.35365
16.71825
17.91647
34.18577
27.47120
21.50907
23.52127
26.35811
23.56242
31.49603
23.28626
17.37354
18.13946
33.00000
32.50000
34.50000
31.94787
29.32955
28.11139
28.28820
28.87136
19.78889
21.01999
24.45858
18.96945
18.05104
31.32979
24.84326
23.88514
38.00000
31.00000
32.50000
34.00000
34.50000
35.00000
27.47524
25.28216
27.82086
20.14547
21.64486
31.41479
26.99537
22.47777
25.72072
17.32513
31.88521
40.50000
36.00000
34.00000
26.10555
29.97777
21.08910
31.01612
43.00000
23.58495
26.13214
27.51818
27.06782
28.19377
28.00397
25.36237
24.95371
27.53584
26.51205
22.06354
36.50000
29.00000
33.72767
31.00000
31.00000
27.53584
31.50000
23.55313
21.93080
25.95295
20.79062
24.72965
20.26543
29.87753
22.85279
25.06791
24.56624
31.84686
28.75568
35.97530
31.94787
31.50000
22.83759
27.58170
42.00000
41.50000
38.00000
27.82086
22.85826
32.49957
29.22328
36.50000
23.44260
25.62984
22.17105
21.31249
24.71167
37.50000
39.50000
37.50000
29.00958
24.38237
39.00000
29.94810
29.87753
27.94041
23.77499
29.38005
34.49960
28.47221
24.91318
21.57545
18.94070
33.43651
35.44009
37.74770
34.76588
44.00000
44.00000
34.96983
17.79213
24.34646
41.50000
39.50000
22.45489
22.55364
41.50000
22.86676
41.00000
20.03885
38.50000
27.02314
29.00958
24.28077
20.26820
29.94578
11.56547
26.69582
24.94438
25.84932
37.50000
19.49840
22.23111
27.04972
24.50510
24.53569
34.76588
43.50000
41.50000
42.50000
33.18969
45.00000
30.34615
27.72484
29.06315
43.00000
26.84937
31.28365
24.72965
25.95295
27.93246
37.00000
27.40235
41.00000
19.66437
29.22328
31.09484
29.79933
32.35566
30.26916
28.79670
27.53584
41.00000
35.03649
39.00000
34.50000
34.96983
31.84337
35.50000
35.50000
26.95830
34.50000
30.47403
26.65521
30.50000
26.40549
28.00397
31.47839
33.00000
31.75252
37.85352
28.12806
28.28820
32.35566
23.52127
31.00000
28.59293
31.94787
35.50000
28.00397
27.14199
24.68918
32.22146
27.14199
25.66125
29.47315
19.74050
28.94055
26.00361
25.95295
23.98307
33.50000
27.35365
21.95085
31.20897
27.50000
34.29610
34.50000
37.00000
25.17053
28.66279
33.29665
39.00000
29.97777
26.61179
30.50000
24.53569
27.65261
26.04803
26.86075
30.94439
23.93742
20.92271
32.31443
40.00000
39.41517
36.12017
34.96983
28.47221
31.50000
33.00000
37.50000
34.50000
32.82614
30.50000
