41.50000
19.35200
19.49840
15.84890
17.19767
23.11363
30.44485
26.80485
38.94440
31.96178
38.00000
26.71142
30.44485
20.60946
19.17029
34.12070
24.35077
30.09983
21.22940
23.20022
21.42522
19.33908
23.33238
25.36840
38.50000
28.24103
26.54556
41.00000
43.00000
37.49667
21.07576
27.45097
29.48823
27.98015
42.50000
32.25937
33.82635
32.56788
31.62629
20.94487
27.28553
32.49957
24.91318
23.15647
22.87007
21.65641
29.87753
44.50000
32.22146
31.50000
28.50000
32.50000
32.50000
14.55472
29.79933
24.81612
28.00397
31.41479
28.00397
30.50000
34.00000
31.50000
37.50000
35.00000
32.82614
34.00000
33.50000
32.35566
35.50000
26.79552
39.00000
38.50000
27.92052
32.13513
33.24990
29.22328
33.00000
37.50000
35.50000
33.50000
27.82086
32.00000
26.06722
35.50000
25.54408
31.88521
27.00000
29.87753
31.00000
28.11089
29.50000
36.00000
32.88701
30.94439
28.66279
28.94055
28.08321
30.00370
32.50000
31.94787
39.50000
31.20897
29.13188
28.00397
29.51083
26.24669
22.51111
30.50000
34.00000
43.00000
29.40899
29.60105
35.50000
30.81486
27.50000
30.94439
26.28093
31.50000
32.50000
34.96983
34.29610
41.50000
29.60105
27.94041
27.31300
36.50000
34.00000
38.50000
36.00000
36.00000
39.50000
40.00000
35.50000
33.50000
30.07029
39.00000
30.06659
32.60198
22.57211
26.71246
29.02872
30.62679
19.74234
19.62040
18.98842
26.41969
34.66987
27.45097
25.57342
27.86076
24.63511
21.35855
31.94787
21.84857
36.00000
33.29665
32.41742
29.69100
31.94787
28.47221
38.50000
36.50000
21.51017
31.00000
31.50000
29.13188
32.50000
37.00000
22.34815
27.45097
25.92296
24.94438
32.61901
35.50000
30.50000
31.50000
33.50953
40.00000
32.56788
31.00000
22.06556
30.26916
28.11089
30.86530
29.06315
34.50000
34.92214
34.02940
31.41479
27.92052
35.00000
26.78723
31.00000
26.41969
37.50000
22.75961
23.27015
39.00000
37.50000
38.00000
37.24991
29.13188
32.35566
28.54626
28.11089
27.36215
29.22328
40.00000
39.50000
30.86530
44.00000
35.50000
36.00000
37.00000
35.50000
28.94055
27.15797
26.28054
41.50000
31.37940
30.15884
33.08911
41.00000
33.82635
41.00000
25.96512
40.00000
37.24991
32.50000
39.50000
22.74313
22.57964
27.72484
33.50000
31.88521
31.15552
32.14896
29.95923
32.49957
22.99321
26.51205
37.50000
42.00000
44.00000
38.00000
40.50000
35.50000
31.84337
40.00000
31.67894
38.50000
34.84250
39.50000
28.63019
35.50587
35.70559
27.92052
29.04307
24.23195
37.02552
18.75527
37.72120
39.00000
38.50000
34.00000
25.70344
24.03513
23.71181
23.39204
21.54501
31.75252
21.24265
22.89590
39.00000
33.50000
28.66279
26.95830
28.28820
28.28759
24.55380
30.40970
33.50953
35.14099
37.79183
25.43005
25.17315
22.63272
34.29610
32.69047
31.94787
36.50000
34.02940
36.00000
32.53716
29.60105
33.00000
33.29665
29.00958
27.98015
25.49877
24.10783
28.85596
19.66316
22.94014
41.00000
23.94133
29.13188
34.96983
28.94055
17.76964
20.06240
18.80000
21.80023
28.12275
26.32964
18.78829
37.50000
33.00000
34.50000
25.09357
34.50000
41.50000
26.83747
28.75568
36.59083
40.50000
32.49957
19.49769
25.04995
24.09746
41.00000
26.41969
35.50000
34.00000
29.22328
30.21405
25.18308
25.93582
27.35365
24.89352
38.50000
24.14309
26.23399
38.50000
31.75252
37.50000
27.24885
35.00000
41.00000
30.00370
30.00000
23.83668
27.86076
23.04751
30.00370
26.32489
20.47407
14.57738
23.76272
24.14022
28.66279
25.84999
23.77730
23.59423
40.00000
33.00000
29.50000
27.06782
30.50000
32.50000
18.45716
40.00000
28.39014
24.90462
24.66146
15.81732
26.96757
31.75252
28.80201
28.66279
41.00000
35.00000
32.00000
21.11871
27.71620
34.56716
30.34615
25.11349
32.06590
28.43413
43.50000
24.94474
25.92778
40.00000
22.80838
24.64752
21.46363
35.00000
30.26916
22.80838
21.15089
25.00000
30.94439
23.79601
33.08911
25.67465
35.50000
32.61901
37.00000
24.89352
33.55923
27.92052
23.63260
28.47221
23.33452
31.84686
29.00958
28.87136
28.87136
27.93246
35.70559
34.00000
29.13188
38.50000
27.06782
31.20185
24.78351
31.20897
17.97776
15.35708
37.11544
28.91799
22.49861
23.36664
31.56299
17.39971
21.40093
24.60056
44.00000
20.00555
31.49603
24.26417
40.00000
33.06895
30.09983
26.99537
20.95680
25.04995
27.31300
25.19300
23.04886
24.41823
20.32701
40.50000
28.66279
34.45125
29.80306
16.54350
41.00000
36.50000
42.50000
25.86020
41.50000
32.82614
38.00000
36.50000
42.00000
35.50000
36.00000
36.00000
28.00397
38.50000
28.00397
34.50000
23.71181
24.14022
25.03775
21.12315
25.81182
28.80201
20.77258
23.50931
25.87832
26.47168
30.53959
25.26856
33.08911
22.05811
26.71246
29.06315
27.53520
25.49510
31.75252
21.35936
21.17192
20.28201
22.09575
21.43012
21.28820
43.50000
31.94092
31.28365
25.46021
40.50000
37.50000
33.76718
39.00000
34.50000
28.53458
24.07670
19.58162
17.73885
21.56128
32.61901
26.08107
32.50000
24.21260
27.60774
22.79254
27.39018
27.92052
23.76272
28.66279
27.45337
27.47524
28.40579
27.72484
25.22276
26.91963
26.96757
31.41479
21.35855
31.20897
18.93905
26.04270
31.94787
29.79933
32.00000
33.50000
36.50000
34.50000
21.26405
23.56268
21.70829
42.50000
26.41128
29.06315
39.50000
38.26225
30.62679
27.75225
36.85105
30.34615
30.34615
34.50000
25.59080
37.50000
25.77251
30.07029
41.50000
36.12017
30.34615
41.50000
29.00000
39.50000
41.00000
27.45097
23.66960
24.89352
17.75450
26.70674
19.73423
17.30433
18.99177
18.18131
25.48638
22.84048
23.50931
22.52776
22.33131
25.59080
25.15287
20.86145
23.95177
28.80201
19.77271
21.98153
20.16333
23.65079
23.13547
28.76727
34.50000
25.77251
31.41479
32.56788
22.39838
24.14022
29.13188
19.30803
39.50000
41.00000
26.84937
17.35655
34.09790
33.29665
32.69047
27.94041
17.78342
22.54994
35.17891
28.83899
28.75568
28.80201
27.62044
23.04778
22.08365
29.87753
26.05163
26.04270
30.00000
21.13498
16.56972
20.75958
27.94041
23.15167
27.47120
24.84326
32.60198
25.22276
27.92052
25.13961
30.47403
27.53584
21.12315
21.98153
19.87932
26.50000
25.77251
25.10423
18.75870
26.74883
31.67894
37.00000
23.89328
20.29008
19.64688
28.70927
21.15420
41.00000
33.47968
34.76588
27.38955
38.50000
29.87753
37.49667
41.00000
25.79123
37.00000
36.00000
28.85981
30.81486
19.15202
29.32955
31.62629
34.50000
22.71976
31.49603
28.00397
32.22146
28.86499
24.87343
23.25269
29.97777
31.79448
38.50000
28.94055
34.45125
23.43075
37.00000
27.01029
22.35369
37.50000
40.50000
24.19065
40.50000
23.46274
39.50000
28.08469
28.47221
25.48638
25.00000
29.63106
14.25482
32.49957
33.06895
33.00000
36.00000
34.50000
30.53959
27.20754
33.50000
34.00000
35.50000
24.60183
32.13513
25.67465
27.82086
17.10439
26.24669
21.46253
30.56505
23.21099
27.31300
29.51083
34.00000
29.63106
23.06919
27.25599
20.60485
29.87753
32.09707
28.03904
32.88701
31.41479
27.18251
25.46021
38.50000
31.75252
29.00958
31.28365
31.00000
31.50000
33.50000
39.50000
31.56299
36.00000
28.19377
37.50000
25.92296
30.50000
32.50000
30.15884
34.50000
31.00000
37.50000
17.47856
32.50000
32.50000
35.50000
35.00000
22.12888
21.97157
26.78036
19.05361
31.28365
22.49861
27.60888
26.56478
29.32955
29.69100
32.00000
36.50000
25.62226
25.87832
31.94787
31.47839
21.55226
34.50000
36.00000
39.00000
38.00000
36.00000
34.50000
36.50000
32.31443
42.50000
25.42022
25.62226
24.41311
29.00000
22.62051
27.06782
32.35566
26.41969
27.39868
23.92117
18.54724
31.37940
25.31578
32.00000
27.35365
33.00000
29.40899
24.34646
29.50000
25.31578
25.42022
26.23399
28.00397
27.31300
22.42518
20.15564
25.30261
21.74764
38.50000
29.00862
23.89561
12.12271
13.90144
32.35566
16.08571
28.87365
33.24990
25.31578
30.62679
22.96193
26.78723
37.00000
35.50000
33.55923
29.69100
31.20897
29.04403
35.50000
36.00000
26.66250
28.66279
23.22041
30.93946
31.50000
27.31300
37.00000
35.50000
23.15572
25.50817
26.71246
29.79933
32.56788
29.01724
38.50000
31.62629
28.85981
31.50000
21.51485
26.52711
28.85596
27.34045
25.48638
29.49046
40.50000
37.00000
26.88659
37.18721
36.12017
38.00000
34.23773
38.50000
37.00000
33.00000
40.50000
29.48823
31.47839
34.09790
22.22611
26.41128
22.21908
21.55226
23.80520
25.95295
23.25269
26.54556
27.18251
29.50000
25.66450
33.00000
28.85981
38.50000
27.64457
30.15884
7.52219
31.00000
20.06240
21.91461
21.97157
23.87860
24.99375
27.77689
36.50000
32.88701
32.31443
38.50000
35.50000
34.96983
26.91963
40.00000
37.50000
30.62679
32.00000
22.36487
33.00000
28.47221
32.31443
28.76727
46.00000
38.73270
28.07468
34.09790
27.09243
23.49979
16.20185
39.00000
28.28820
40.00000
14.92272
30.07029
28.19131
33.50000
27.47158
27.53520
28.00397
30.86530
27.82086
39.20317
33.15955
26.24669
19.80303
29.22328
24.22579
22.00568
35.50587
32.06590
26.88659
27.06782
20.56599
20.88510
26.44911
28.38133
32.03123
23.77499
31.56299
27.78889
30.00000
27.86076
28.07530
24.83277
26.03243
23.56242
30.34615
21.36914
25.32168
36.00000
38.50000
26.44911
33.00000
32.41742
28.00397
38.00000
35.50000
33.35666
33.00000
35.50000
25.46021
25.31139
25.04371
27.77689
40.50000
41.50000
38.52560
32.69047
35.00000
32.41742
31.20185
26.93859
34.23773
33.29665
23.46572
37.50000
37.00000
36.00000
30.47403
27.47524
25.17315
27.78889
22.98369
19.87932
37.50000
29.74335
35.00000
19.26623
24.44381
30.53959
33.00000
33.82635
33.25658
32.78211
16.19383
16.31525
23.05428
27.53520
27.68009
41.00000
35.00000
29.01724
36.00000
29.50000
32.50000
29.70971
24.45787
25.39764
30.26916
35.50000
26.88659
40.00000
37.00000
40.00000
27.32215
34.65384
27.41350
23.42008
24.94438
24.64117
31.00896
33.82635
37.50000
28.11089
39.00000
30.15884
21.37025
34.49960
25.42145
31.24900
26.88659
35.50000
25.03775
35.00000
27.78889
31.00896
16.30460
15.94240
16.59639
25.31578
30.00000
25.95295
25.88919
22.06717
38.00000
28.65746
26.69582
26.69582
19.87360
24.34646
24.99778
29.93697
40.00000
26.54974
36.00000
37.50000
25.42022
20.03885
19.03050
20.18316
24.47831
18.84038
27.00000
18.25377
17.74119
22.36627
35.50000
30.43025
32.88701
30.81486
28.75568
31.00896
34.50000
27.38955
38.00000
32.78211
24.32077
34.00000
23.84324
34.00000
44.00000
21.55551
41.00000
39.00000
25.42145
34.50000
31.94787
19.97968
32.00000
32.78550
27.93246
26.91963
28.57774
31.50000
16.11482
35.50000
28.66279
35.00000
24.70324
27.47120
21.00095
28.80201
32.60198
39.50000
27.53584
34.89349
41.50000
33.00000
26.38602
41.00000
38.50000
37.00000
43.00000
40.50000
26.51205
28.65637
42.50000
38.00000
29.22328
40.50000
26.53653
29.22328
22.83759
22.59425
28.92231
26.51205
25.24381
38.00000
27.31300
27.25599
24.74242
28.98659
24.66146
23.31309
27.86076
27.25599
23.79469
26.31856
24.03513
38.00000
18.06162
35.50000
36.00000
35.50000
35.50000
39.00000
22.42209
29.40899
29.87753
29.78068
41.00000
37.50000
27.17842
27.53584
24.12986
31.50000
26.22022
33.25658
34.50000
26.83631
29.33748
21.11303
21.73707
29.31818
35.50000
35.50000
34.50000
40.00000
34.19877
37.50000
36.00000
26.69582
29.49046
30.24346
37.50000
34.09790
30.70016
24.14309
29.27266
20.18911
27.91505
24.89352
21.08317
22.05045
19.87964
31.20897
27.78889
35.00000
26.04203
32.00000
29.50000
36.50000
38.00000
34.50000
36.00000
33.00000
32.00000
30.00000
35.50000
29.04403
26.54974
26.54556
30.15884
33.15955
31.47839
27.72484
33.50000
28.47221
23.45682
26.08107
33.15955
19.94593
29.00000
26.88246
30.50000
21.93741
27.18251
28.12275
22.52221
36.50000
26.24246
29.00000
27.39018
25.94706
27.65298
34.50000
28.28820
25.01999
26.83696
31.00000
24.85067
27.72484
29.87753
34.00000
35.00000
29.32955
29.60105
27.17842
26.78723
30.00000
27.72484
33.00000
29.79933
30.26916
26.84937
23.61261
23.55136
26.08107
35.00000
23.83799
44.00000
19.10988
28.56960
33.00000
42.00000
26.15764
21.77585
20.37768
27.93246
37.50000
21.47528
24.70324
27.47524
37.00000
20.20365
22.90560
33.43651
30.91206
28.08321
20.52285
29.97777
29.79933
32.56788
23.82226
31.84686
30.15884
23.90607
24.57005
30.00000
19.93740
26.22380
34.00000
38.50000
33.00000
28.54626
22.15147
37.00000
33.29665
21.13498
19.05151
23.29998
24.12468
34.50000
30.26916
29.17000
30.62679
34.50000
28.47221
28.61272
33.50953
25.57342
23.22413
24.34646
26.40549
20.17325
23.08002
24.47831
23.90607
33.53605
39.00000
42.50000
36.00000
35.00000
41.00000
27.86076
35.50000
38.50000
36.12017
34.56716
30.63495
28.40579
30.07029
29.64266
38.00000
33.03870
35.50000
26.85493
30.89802
34.00000
30.84133
35.23571
25.50858
23.60614
26.67747
20.16532
31.20185
31.50000
37.06151
23.58495
33.08911
23.45682
19.94593
19.54962
37.00000
18.21648
19.84943
21.76436
40.50000
18.23458
25.66450
20.28398
21.66923
19.80372
20.29008
20.67742
30.16621
37.00000
28.08358
20.30172
23.09221
27.92052
27.01029
40.00000
37.00000
30.47403
28.75568
26.88659
27.72521
24.26245
22.69361
24.85067
19.78282
21.64871
21.04757
22.46775
23.89328
19.61345
21.83461
27.15120
33.90510
20.95328
27.22476
38.50000
24.79415
37.00000
39.50000
27.64507
44.00000
29.78674
33.82635
36.77862
31.84686
29.32955
36.50000
25.77251
27.22132
37.50000
35.00000
28.75568
22.15852
22.29910
27.17842
29.22328
29.69100
31.20185
25.84999
30.40102
37.50000
32.14896
27.25599
27.06782
35.00000
27.72484
31.88521
37.00000
22.56657
31.28365
26.51205
35.00000
29.22328
33.50000
37.00000
30.09983
33.00000
29.00000
23.30772
21.13764
22.89651
29.80306
23.38033
25.81061
19.33100
24.31435
32.78211
26.47995
25.44602
21.48255
27.39018
23.04886
21.35790
21.76603
30.07029
20.14169
13.08996
27.68009
20.62765
20.53182
30.34615
30.73543
26.15764
20.83267
23.15572
25.75849
24.02603
25.28216
36.50000
37.24991
38.73270
37.00000
37.50000
31.20897
35.83605
39.50000
30.93946
37.50000
37.00000
35.50000
34.50000
30.07029
32.14896
30.26916
38.50000
31.00000
29.27266
28.80201
23.69716
31.94787
28.39014
29.00958
32.49957
24.23324
25.61683
27.53584
32.53716
33.50000
30.21405
24.84326
30.55630
23.61261
41.00000
25.78113
36.00000
29.79933
28.57738
31.37940
32.88701
23.73157
38.47366
29.53341
40.50000
24.12468
31.03045
34.02940
30.40833
28.66279
21.55226
36.64545
17.74824
30.26916
33.15955
28.76195
33.24990
20.50000
27.06782
22.30471
19.13603
20.53874
36.00000
27.39868
37.02552
31.41479
36.00000
38.50000
35.00000
34.00000
39.00000
38.50000
29.87753
24.99778
31.56299
11.28539
23.26478
21.29684
24.56624
19.83683
22.43184
31.37232
24.95371
29.33712
38.50000
31.09484
24.72221
36.00000
38.00000
33.71778
28.22676
30.00000
34.00000
22.07232
27.82086
29.60105
40.50000
29.06315
35.50000
22.55410
30.00000
29.40899
27.77689
30.53993
24.36883
18.62495
28.85596
36.00000
36.50000
26.65521
31.20897
25.48638
25.77251
26.71246
30.00000
33.50000
32.00000
42.00000
38.00000
37.50000
40.50000
23.02716
38.50000
29.60105
33.50000
36.00000
32.88701
35.50000
35.00000
31.56299
38.00000
30.15884
25.27350
24.47831
29.50000
28.59293
35.00000
34.00000
32.14896
34.50000
35.50000
28.76727
26.08999
34.00000
32.50000
31.84337
23.95177
30.18094
33.00000
35.50000
31.67894
28.47221
28.26106
33.47968
30.68478
31.50000
31.00000
26.66250
26.24246
38.50000
29.53341
28.47221
37.50000
22.22611
27.26720
34.09790
25.82029
36.50000
14.25439
28.28820
33.50000
21.00595
37.50000
27.22132
40.50000
34.49960
39.00000
23.56242
21.44032
23.89328
26.38602
22.89590
25.48638
28.47221
29.76995
35.50000
38.50000
38.50000
39.50000
42.50000
28.39894
34.70831
31.03045
40.50000
27.06782
36.17550
38.50000
30.68478
20.86265
24.12986
24.65132
21.10687
33.15955
35.50000
34.50000
34.00000
38.50000
26.08107
37.00000
39.00000
37.50000
27.32215
28.01227
21.46066
27.79726
37.79183
20.63395
28.11089
23.37734
21.67227
18.63974
20.49848
25.53919
24.79415
20.11685
23.24193
25.53919
37.50000
21.46363
26.08107
27.35365
28.75568
30.34615
36.00000
29.78068
30.10814
32.50000
37.50000
27.72484
29.93697
32.50000
40.50000
32.41742
40.50000
37.50000
32.00000
34.00000
38.00000
25.20417
27.52612
37.50000
33.50000
24.27318
30.00000
28.19377
27.06782
28.00000
33.00000
36.00000
27.82485
25.20417
34.50000
16.57370
31.00000
31.50000
33.50000
34.00000
34.00000
35.50000
37.00000
21.29554
29.04403
30.55414
32.96800
31.28365
24.64117
31.84686
28.94055
27.64457
19.87360
22.19610
19.45508
22.18530
11.05622
37.50000
35.91038
29.32955
16.09930
30.65217
22.88134
28.56960
31.21198
17.95983
33.48963
26.44215
27.06782
37.06151
24.61072
37.38389
44.50000
34.18577
19.94994
29.02872
30.44485
26.23399
23.84673
25.59080
37.00000
32.78550
30.53959
25.59080
27.94041
37.00000
29.40899
37.50000
34.02940
36.17550
34.09545
23.14492
35.50000
24.50510
26.87006
25.07987
29.33712
33.00000
27.45097
19.42292
24.05203
38.50000
28.54626
26.72078
38.00000
36.50000
26.88659
33.55923
37.00000
30.24346
31.56299
19.78636
22.92788
31.37940
23.98958
34.66987
30.91206
39.00000
41.00000
44.00000
32.13513
40.00000
28.00397
38.50000
33.15955
20.01718
38.00000
25.59080
23.93045
22.12590
24.91318
41.00000
23.15167
23.29292
25.77251
14.65435
24.45858
40.50000
31.84686
20.94039
17.55626
19.96873
19.39716
22.70875
22.37744
25.33155
28.00335
28.09248
19.45989
19.96597
27.78889
20.78846
18.96945
23.71049
27.06782
23.13547
38.00000
19.35975
24.01432
21.56128
22.99275
26.61244
22.09497
34.49960
24.08780
32.09707
34.47060
39.00000
37.50000
12.92130
32.56788
27.18251
37.50000
32.49957
33.71778
32.61901
35.00000
29.40899
20.34109
40.50000
27.15797
31.32979
45.00000
28.70927
32.61901
37.49667
24.25329
37.50000
36.17550
23.33988
36.17550
37.00000
25.08386
43.50000
34.02940
34.66987
39.50000
41.00000
36.17550
34.29610
16.34136
22.34950
26.03243
21.85304
21.50000
23.89328
25.09980
23.44260
20.96873
34.70831
23.39204
28.11089
33.82635
35.86394
33.53605
20.90550
27.01029
18.71497
22.30595
26.88659
23.27015
32.88701
25.95295
36.00000
22.38722
26.19160
24.41695
32.09707
26.72078
32.53716
31.75252
26.71246
40.00000
40.00000
19.03943
19.46895
25.92778
40.00000
42.00000
25.92658
31.47839
31.62629
29.48823
37.46406
32.31443
41.00000
40.50000
19.13693
39.50000
29.87753
33.00000
24.36883
22.16303
21.64486
24.81305
28.47221
28.28820
21.82109
25.66450
24.53569
35.00000
26.98148
32.88701
32.56788
25.75364
25.30316
19.94210
21.21320
19.13113
19.01808
35.00000
17.66352
27.39018
31.88521
27.50909
25.42022
25.03118
33.02524
31.37940
32.78211
29.40899
29.33712
30.73543
28.57738
29.00958
30.65126
30.77337
27.53520
31.56299
35.00000
26.87006
31.47839
30.44485
32.50000
26.35693
36.00000
28.28820
26.28054
25.92296
26.09119
24.14309
27.64457
26.38602
42.50000
31.56299
33.50000
34.50000
40.50000
27.10627
29.22328
29.97777
25.75243
24.41311
26.41969
25.46021
30.73905
26.53653
