37.50000
24.65132
14.30245
25.61738
36.05859
44.50000
47.00000
22.72664
16.13196
19.18821
17.28439
32.26744
18.76166
15.48677
19.97968
20.30369
19.50000
20.09975
25.24876
21.33512
18.17031
38.21867
26.55654
23.39204
30.23553
23.29998
24.33490
19.16664
20.56599
21.13975
21.27596
29.50000
26.78723
28.39014
28.87136
41.50000
15.92757
34.50000
37.00000
29.04403
24.68172
36.50000
34.50000
30.53959
28.24889
32.31443
34.50000
38.00000
33.50000
37.96782
35.00000
34.23773
34.50000
33.08911
32.50000
28.19377
27.65261
33.50000
29.35227
22.33025
21.37171
23.61261
31.50000
32.50000
31.50000
28.66279
25.61683
24.55380
27.25599
26.71246
25.31578
21.85177
27.92052
23.97684
23.17731
26.84937
21.82292
21.89178
24.22579
23.83275
23.47738
24.14022
22.03270
28.39405
29.47315
32.31443
23.62599
25.93582
34.76588
39.00000
39.50000
35.50000
33.00000
27.08667
29.04403
25.61683
27.47158
24.12468
28.19377
41.00000
25.15287
28.00000
32.50000
34.00000
26.05163
27.53584
30.47403
31.03045
30.56505
39.50000
40.00000
30.53959
28.31409
34.50000
31.20897
29.60105
31.00000
26.71246
24.01432
23.15572
20.88510
28.95147
34.00000
29.33712
26.28054
26.04270
35.00000
36.85105
34.29610
33.43651
30.44485
30.73905
27.72484
32.00000
23.92044
29.27266
28.87136
31.28365
37.00000
37.00000
27.64457
40.50000
28.28820
26.70557
27.92052
33.25658
32.00000
32.00000
35.00000
42.00000
25.66491
37.50000
26.08107
35.50000
26.42442
41.00000
28.94055
42.50000
32.35566
32.88701
42.50000
31.47839
32.31443
32.88701
30.26916
23.71181
37.00000
15.28071
37.50000
27.22476
42.50000
39.50000
29.60105
31.94787
26.09598
37.00000
27.35365
27.01029
32.96800
25.10423
29.69100
33.08911
33.50000
38.50000
36.00000
33.00000
31.00896
31.41479
32.14896
28.00397
29.97777
40.00000
38.00000
37.50000
27.39018
26.10555
24.41311
28.00000
20.69269
29.32955
24.93366
24.46426
30.00000
25.99399
31.00000
23.78419
26.59992
23.15167
33.00000
26.87006
33.00000
30.73905
41.50000
28.19377
34.96983
39.50000
40.00000
28.87136
44.00000
25.24986
23.69716
43.50000
42.50000
42.00000
28.43413
34.50000
25.84999
29.47315
32.50000
41.00000
30.53959
35.23571
17.70198
28.38133
17.41228
26.59300
22.57626
37.49667
32.41742
40.00000
32.41742
25.62226
33.82635
36.12017
25.95295
28.41984
32.96800
29.95923
25.77251
32.00000
27.15797
24.38579
28.50000
33.00000
29.69100
31.50000
23.92154
24.68918
22.72444
33.50000
34.50000
23.01652
14.21927
25.24986
25.38153
22.27465
22.67708
19.65165
19.75247
34.50000
27.51818
27.82086
28.80201
31.15552
30.26916
28.75568
33.62869
35.50000
25.03775
22.83759
30.50000
22.85142
19.09555
21.61597
26.08107
42.50000
40.00000
29.22328
26.51205
30.00000
26.59992
19.57518
31.00896
20.75786
44.00000
22.94559
20.82306
28.70540
26.41969
27.17842
22.25281
31.00000
26.31856
26.51205
22.88134
29.53341
38.50000
32.35566
31.47839
31.56299
31.41479
32.35566
31.50000
32.35566
28.85596
29.79933
24.86463
28.50000
34.50000
29.40899
24.00463
23.66901
27.86076
22.95406
31.00000
27.25599
26.78723
22.60946
35.50000
24.76388
32.00000
26.78723
30.26916
31.28365
27.06782
37.50000
31.62629
35.50000
32.50000
34.50000
34.50000
40.50000
39.50000
31.03045
38.50000
31.37232
19.87360
33.00000
31.00000
26.99537
35.17891
32.41742
24.41695
29.74335
33.08911
30.44485
23.58363
34.47060
26.91963
26.98148
31.50000
39.00000
29.78674
30.26916
39.00000
37.50000
32.61901
32.82614
26.56478
29.79933
38.00000
29.00000
26.51205
29.50000
36.50000
17.44276
32.35566
28.39014
25.97475
28.68362
22.48911
21.67948
32.22146
27.47524
26.41128
24.26288
36.50000
28.59293
29.50000
32.00000
35.00000
23.28089
30.47403
28.66279
26.67396
25.95295
31.47839
27.14199
33.50000
30.73905
34.50000
33.00000
32.61901
31.41479
26.87006
29.00000
29.40899
26.13427
35.50000
35.00000
29.33712
30.73905
24.91318
40.00000
24.30535
21.76436
33.50000
25.08984
26.31856
26.91963
25.46021
22.72114
22.85826
28.94823
36.00000
38.00000
24.03513
24.01432
26.35693
43.50000
33.00000
15.61049
31.00000
26.96757
36.00000
33.50000
30.00000
34.50000
33.62869
36.00000
40.50000
27.02314
28.61381
28.39014
27.57263
30.15884
28.28759
23.52127
34.00000
35.50000
35.50000
26.04203
39.00000
38.00000
27.17842
34.00000
34.00000
26.83631
38.00000
28.66279
28.19377
27.35365
25.97475
24.39034
21.75684
35.00000
34.96983
28.12275
24.76262
23.09085
30.50000
29.87753
36.50000
24.26245
27.78889
30.73543
22.78569
24.01432
36.00000
24.96372
31.94787
34.50000
28.11089
33.50000
32.50000
33.00000
34.00000
36.00000
33.50000
34.50000
40.50000
36.50000
35.50000
33.00000
29.00000
27.32927
40.50000
37.50000
30.26916
28.39014
25.36237
36.50000
36.00000
25.86020
25.84932
28.82273
26.05163
36.00000
29.32955
37.00000
39.00000
38.00000
37.50000
32.14896
26.08107
32.22146
40.00000
36.50000
29.74335
26.86424
37.50000
39.50000
29.01724
41.50000
38.00000
32.50000
34.00000
31.20185
25.42022
39.00000
31.47839
41.00000
38.00000
39.00000
40.00000
34.93804
32.22146
37.32143
32.22146
40.50000
40.00000
26.41128
39.00000
24.23955
24.41823
30.93946
32.00000
33.00842
27.53584
24.55380
21.36352
22.09434
24.30535
24.89659
27.69815
32.53716
34.50000
28.85981
23.67488
33.50000
34.50000
24.62088
28.00397
27.64457
29.13188
24.91318
27.47120
27.88705
26.38655
38.00000
36.00000
39.00000
29.22328
30.34615
29.17000
40.00000
28.33137
24.10783
32.60198
24.99000
29.35451
38.00000
28.56024
27.82984
28.80201
35.50000
31.75252
36.50000
40.50000
29.79933
33.71778
36.50000
36.00000
29.13188
26.38655
27.60435
35.00000
33.00000
26.51205
32.50000
34.50000
37.50000
30.62679
35.64953
38.00000
33.82635
38.50000
26.71246
31.56299
29.30444
23.71181
36.00000
27.28858
27.53584
33.50000
34.00000
24.39034
22.36627
21.01190
19.27070
22.42518
26.59992
25.22276
27.51818
23.77367
25.55753
28.70540
25.33155
25.22276
27.93246
25.17053
30.91206
28.24103
31.00896
22.57211
32.14896
26.37589
27.35365
36.50000
28.75568
29.60105
34.50000
31.47839
28.75568
21.67227
37.50000
31.67894
31.75252
29.60105
41.00000
41.00000
31.20897
29.50000
31.00000
35.50000
34.50000
28.76727
29.69100
26.10555
28.28820
31.66842
27.94041
23.92117
28.75568
28.62145
31.94787
28.20018
31.28365
31.14783
35.44009
30.81486
31.67894
36.50000
40.00000
23.49979
29.32955
25.42022
35.50000
26.08107
25.95295
28.75568
23.24193
35.50000
24.68918
25.95295
29.74335
31.00000
16.74067
11.44378
33.82635
23.33809
15.07274
33.15955
42.50000
30.09983
40.82755
24.98374
24.45858
31.32979
29.31818
15.31951
13.88524
20.21551
23.19887
29.94810
15.75563
21.35416
15.41104
19.42576
23.05428
21.24147
21.96019
31.67894
31.67894
30.91206
32.61901
37.50000
21.50581
35.83605
23.37734
29.53341
36.50000
40.50000
29.51083
22.22611
46.00000
38.00000
35.00000
33.08911
17.15109
29.32955
40.00000
22.63156
24.25329
31.67894
35.50000
39.50000
32.09707
35.00000
31.67894
30.53959
21.47184
23.27015
35.50000
36.00000
27.17842
32.50000
25.48638
28.75568
25.46021
26.54556
23.78024
27.07744
26.24246
27.01029
36.17550
36.50000
33.00000
24.66272
35.50000
34.56716
35.50000
35.50000
36.50000
36.50000
27.64457
26.49528
33.00842
36.00000
38.50000
32.50000
21.65733
28.75568
32.03123
32.41742
39.00000
24.86463
27.31300
30.90128
34.09790
31.02821
38.00000
33.50000
22.19910
28.12917
33.50000
24.10783
29.13188
21.37171
18.47126
27.69815
23.92117
22.07232
23.98958
31.00000
27.78889
25.88919
28.12275
31.00000
31.00000
25.15949
27.01029
29.79933
22.69116
24.16609
29.32955
32.00000
26.71246
26.13214
33.50000
34.50000
20.83717
29.23848
28.12917
35.50000
33.00000
29.60105
22.38392
27.92052
34.66987
42.00000
25.42022
34.29610
31.93255
38.00000
29.17000
25.27227
28.28820
32.61901
30.81486
38.50000
36.50000
35.03649
20.69420
35.00000
37.50000
37.50000
40.00000
37.50000
45.00000
28.76195
29.22328
27.69815
26.59992
27.02314
30.91206
29.63481
38.50000
37.00000
30.07029
21.51017
22.16275
29.50000
22.23111
33.35666
29.87753
24.53569
26.04270
28.08321
40.00000
43.50000
41.00000
38.47366
35.64953
22.39838
24.58093
26.38602
39.50000
41.00000
23.70148
36.85105
37.50000
38.50000
39.50000
37.50000
41.00000
40.50000
37.53221
29.17000
32.14896
35.50000
33.03870
22.03406
34.50000
32.00000
24.68918
35.50000
33.98039
28.28820
38.00000
31.28365
36.50000
39.00000
35.50000
30.07029
28.85981
30.07029
35.00000
35.50000
35.00000
29.74335
33.50000
27.45097
28.66279
39.00000
29.22328
36.00000
31.88521
26.72078
34.00000
33.50000
31.50000
35.50000
27.72484
31.50000
23.46673
31.00000
27.64457
26.44911
27.53584
34.50000
33.50000
34.50000
35.00000
36.00000
39.00000
37.50000
38.50000
35.00000
35.50000
36.50000
28.11089
31.62629
32.50000
29.04403
35.50000
32.00000
35.50000
35.00000
29.47315
38.50000
40.00000
30.73905
35.00000
22.74313
29.95923
13.88119
26.73325
21.40093
27.65261
26.93859
28.66279
26.52711
27.01029
26.08107
25.61683
23.83799
32.31443
36.00000
24.13504
33.29665
25.92658
40.50000
36.30733
31.94787
24.34646
42.50000
27.47158
18.84675
21.48384
20.22838
33.90510
25.19300
30.73543
29.00958
32.14896
22.20783
23.68940
22.88580
26.47995
26.28003
28.87365
38.43898
35.44009
40.00000
24.62088
32.61901
30.90128
39.50000
31.00896
41.50000
25.24986
33.08911
41.00000
29.53341
32.00000
27.18251
29.04403
41.50000
27.24427
26.28477
26.41969
33.00000
40.50000
39.00000
31.20897
33.00000
34.50000
24.85067
34.50000
33.00000
29.13188
37.50000
35.50000
30.15884
26.65521
28.57738
24.72965
33.00000
30.50000
37.00000
36.50000
29.74335
27.53584
33.08911
27.26610
35.50000
27.53584
29.40899
40.50000
38.00000
31.67894
42.00000
36.00000
36.00000
34.19877
30.73905
29.63481
36.50000
32.22146
26.59992
28.00000
25.90849
25.73300
30.50000
32.78550
27.72484
22.72664
23.01652
33.00000
20.10572
25.31798
31.75252
16.32993
19.82524
19.92586
33.15955
24.81305
31.50000
29.78068
32.09707
31.62629
30.68478
25.32291
31.88521
43.00000
40.00000
38.50000
33.29665
17.93042
32.00000
27.77589
34.00000
25.70019
35.70559
30.15884
25.92296
31.00896
39.88595
33.15955
41.50000
32.50000
25.62984
24.39034
19.60159
24.91318
18.96049
24.55380
24.01432
22.10204
24.99778
38.50000
32.14896
25.31181
37.50000
31.00896
24.99778
33.00000
36.00000
24.12986
23.30322
26.06722
27.53584
31.00000
21.93171
27.94041
28.00397
33.00000
27.45097
26.78723
31.00000
28.33137
35.14099
39.50000
29.22328
45.00000
31.79098
30.01111
29.00958
24.05203
22.33131
22.54378
28.24889
32.35566
31.12341
25.17053
29.13188
27.62044
23.51994
24.91318
13.47915
38.00000
25.49510
29.87753
29.33712
25.65151
22.82542
29.22328
30.86530
21.67227
29.50000
38.50000
35.64953
30.15884
28.37252
41.00000
23.69716
22.76840
30.13673
38.50000
17.63204
27.06782
39.00000
27.65261
31.03045
27.45337
27.40235
23.71049
20.74030
24.79415
28.47221
32.31443
30.90128
23.28492
25.48638
34.00000
24.26245
35.00000
32.00000
26.71246
35.00000
29.53341
24.17126
27.25599
30.47403
29.87753
31.50000
34.00000
28.00397
29.53341
32.50000
29.13188
32.00000
29.87753
28.19377
26.41969
30.07029
37.50000
39.00000
29.53341
27.45097
21.31168
40.00000
29.33712
28.54626
30.94439
29.87753
28.24103
26.36641
34.70831
29.51083
30.21405
28.07530
24.38579
29.60105
29.53341
33.00000
40.00000
37.50000
33.50000
35.50000
28.39014
23.47738
41.50000
34.76588
31.00896
36.50000
34.02940
29.31818
38.00000
28.75568
29.32955
29.69100
27.45097
34.00000
27.60435
24.38237
29.22328
31.47839
26.88659
23.79601
26.37589
25.82029
32.14896
31.50000
33.50000
31.00000
27.60435
35.50000
31.50000
29.50000
31.50000
34.00000
38.00000
20.16185
30.73905
36.50000
33.15955
22.65364
29.22328
32.78550
36.50000
35.00000
29.74335
32.35566
33.00000
34.00000
32.50000
34.00000
35.50000
33.50000
31.50000
27.06782
28.29605
21.10355
30.47403
34.00000
36.50000
36.00000
34.00000
33.08911
36.00000
33.29665
32.61901
30.00370
25.94706
31.09484
32.31443
30.53959
32.50000
34.00000
34.00000
34.50000
36.50000
35.00000
30.15884
35.00000
33.24990
29.19225
27.06782
28.19377
23.39204
28.85981
30.50000
34.50000
38.50000
39.00000
35.00000
37.50000
33.50000
31.50000
35.50000
28.01227
22.32846
29.51083
29.97777
29.22328
32.49957
29.26175
35.50000
36.50000
37.50000
35.61211
41.00000
28.08321
32.00000
35.00000
24.92990
29.70971
32.00000
32.35566
23.09882
23.71049
31.96178
26.61766
32.00000
33.15955
23.94786
20.80385
25.24381
27.82086
32.00000
23.62202
27.47120
16.72842
25.61683
22.38214
34.49960
29.85381
31.14783
24.99000
26.84937
26.47995
22.86832
24.41311
37.50000
41.50000
32.41742
34.50000
22.30471
20.09378
25.27227
24.68805
22.96193
24.07670
30.50000
26.84937
33.50000
30.81486
26.41969
29.50000
39.00000
28.85981
25.69411
31.62629
21.15278
29.12902
38.26225
31.00000
28.12275
25.00000
32.50000
29.50000
28.00000
34.50000
34.00000
31.50000
27.72484
23.69716
24.13892
28.80201
31.96178
21.17192
23.78419
26.54556
18.75740
21.11871
23.25269
31.00896
28.70540
28.85596
24.47831
42.00000
31.41479
24.75379
23.38889
28.57738
32.96800
29.32955
37.00000
31.41479
38.00000
26.18564
34.00000
33.50000
31.15552
30.50000
25.78113
34.00000
33.00000
25.66450
28.24103
26.24669
28.12275
32.00000
27.77689
32.69047
34.76588
33.98039
35.00000
38.00000
33.00000
35.00000
35.00000
30.15884
41.00000
36.50000
32.31443
33.00000
29.27266
33.98039
35.50000
35.50000
33.50000
37.50000
31.41479
35.00000
33.00000
33.50000
30.00370
38.00000
36.00000
35.50000
32.41742
24.99778
27.65261
29.27266
31.50000
30.34615
28.25221
19.57958
27.20754
19.18958
20.33470
25.00000
24.08780
24.83277
24.46809
27.82086
26.13214
25.46021
21.37171
29.79933
32.00000
38.00000
22.76489
28.28820
24.99778
28.66279
24.26245
37.50000
15.55635
29.13188
24.06159
23.41340
27.01029
35.00000
22.69361
27.36786
33.08911
24.81305
25.77251
26.78723
25.57342
29.01724
25.00000
32.56788
30.94439
29.51083
31.50000
29.47315
28.99138
35.50000
33.43651
30.81486
35.50000
37.50000
23.55313
24.43440
28.85596
33.08911
24.68299
24.57005
19.68643
34.89349
30.34615
31.50000
39.00000
34.09790
32.50000
28.20793
20.74030
23.90084
27.01029
27.35365
26.88659
29.13188
23.13547
30.07029
26.54595
25.30316
33.06895
25.18432
22.98347
43.00000
25.17053
25.65151
25.77251
27.35365
30.47403
26.04270
30.26916
25.36237
36.17550
38.00000
21.70714
32.31443
37.18721
25.92658
31.09484
32.44226
32.41742
36.50000
29.06315
26.13214
26.08107
29.04403
25.46021
34.18577
20.79808
21.42866
33.06895
28.19377
34.66987
23.71181
36.50000
25.72072
28.11089
28.19377
29.31818
26.90725
25.18928
23.76447
13.76590
20.27776
18.99052
23.85765
19.78636
25.57342
28.19377
23.31309
33.00000
29.00000
33.50000
26.78969
25.31139
29.13188
33.50000
35.00000
28.94055
23.74210
35.00000
25.19700
30.26916
31.00000
34.00000
29.63481
25.62811
24.37704
31.37232
25.66450
20.24451
15.05176
25.31139
16.81930
33.00000
29.53341
28.47221
24.91318
24.14022
23.35996
32.00000
32.89377
32.31443
25.67465
28.52192
38.00000
22.91697
37.53221
23.80520
42.50000
37.00000
27.92052
38.00000
35.50000
23.82226
33.50000
28.57738
32.61901
22.20783
21.79449
22.89590
25.31578
24.44495
19.68714
29.40899
29.04403
26.87006
25.29204
30.17760
29.40899
34.02940
21.38340
25.13339
18.90608
24.01432
26.24669
27.08667
21.17192
21.35855
26.43388
26.78723
30.47403
21.19811
37.79183
36.00000
30.47403
30.62679
33.00000
39.00000
24.08838
37.50000
38.50000
41.00000
25.38085
40.50000
39.00000
38.50000
31.67894
36.50000
24.84326
31.00896
26.24669
37.96782
28.76956
34.50000
23.89561
23.66901
44.00000
33.62869
13.40149
44.50000
22.62051
29.40899
34.93804
36.05859
32.61901
36.38070
37.50000
41.00000
28.85596
34.70831
30.07029
34.50000
39.50000
41.00000
43.50000
42.00000
38.00000
31.09484
37.50000
29.17000
39.00000
37.50000
39.00000
36.50000
34.00000
33.25658
39.00000
31.50000
27.82086
43.00000
36.00000
33.15955
30.51639
25.82029
41.50000
42.50000
27.32927
34.92214
22.94559
40.00000
31.28365
37.50000
14.52201
15.59647
26.59300
25.62226
26.46224
30.81486
28.70540
31.00896
30.07029
24.62214
30.73905
34.00000
28.80201
37.50000
24.74369
26.19518
38.50000
26.88659
25.75243
39.50000
33.35666
35.50000
31.09484
29.33712
24.71167
35.00000
26.69582
25.99399
32.00000
30.00000
30.34615
31.12341
29.50000
26.29045
30.50000
30.07029
33.00000
30.50000
35.00000
27.32927
25.27227
26.31856
22.14018
23.90607
26.71246
20.79062
27.82086
22.26404
27.50000
23.63657
25.95295
24.76262
27.72484
33.50000
34.50000
33.50000
32.35566
40.00000
28.66279
38.00000
33.15955
32.56788
31.20897
27.88369
18.08007
30.00370
37.72120
28.19377
31.00000
32.00000
29.97777
20.76921
33.00000
32.53716
31.47839
27.39018
23.04103
32.22146
36.50000
34.00000
32.82614
33.00000
35.00000
31.28365
32.50000
24.70324
27.65261
30.50000
28.12275
21.86893
28.33137
26.24246
27.01029
30.00000
23.73815
19.24994
19.78636
24.68918
21.25294
23.74363
21.33167
27.82086
23.17731
37.00000
24.63511
26.85493
28.20793
25.38085
19.83331
20.39608
24.85067
23.62202
31.00000
22.12465
26.67396
20.73065
20.94487
28.50000
28.39014
27.92052
35.00000
31.41479
30.73905
35.00000
34.42222
24.22579
24.58150
34.00000
30.81486
39.00000
29.87753
27.47524
26.13214
30.44485
38.00000
25.01999
21.36001
31.09484
27.15797
30.56505
27.94041
26.08959
26.35811
31.15552
18.57418
27.65261
34.50000
36.50000
36.50000
17.74511
30.50000
31.94787
28.28820
25.30316
45.00000
24.34646
27.45097
25.02998
39.00000
30.68478
25.73300
21.86893
39.50000
36.00000
29.32955
38.00000
23.22714
26.69582
39.50000
24.00463
34.00000
32.00000
29.97777
38.00000
43.00000
40.00000
39.50000
24.68918
24.49943
28.24103
40.00000
29.22328
33.50000
33.50000
29.87753
30.26916
35.50000
29.53341
30.53959
31.88521
28.00397
34.50000
18.47593
25.38085
24.31435
22.52082
17.65899
19.13603
30.26916
22.52221
27.25599
18.03774
21.64809
21.32041
26.57536
19.26655
23.04103
21.51485
30.73905
20.48023
24.76388
30.00000
36.50000
20.42156
32.03123
31.75252
20.69269
24.26245
26.85493
24.85067
40.00000
21.83575
25.82029
28.40579
28.11089
24.58093
30.47403
35.00000
35.50000
32.00000
35.17891
33.90510
28.01227
40.00000
35.00000
39.00000
29.13188
32.82614
31.62629
26.88659
42.50000
35.00000
34.50000
28.69233
31.94787
39.50000
33.00000
23.02580
28.66279
40.50000
23.66901
39.50000
28.39014
34.45125
28.39014
35.64953
18.57525
21.32340
20.49848
34.09790
25.96512
26.94851
32.03123
30.67572
28.47221
31.50000
27.65261
22.77471
18.96049
23.50931
23.58363
24.26288
23.97264
22.64398
26.24881
27.41350
32.00000
27.04163
30.90128
35.00000
24.14022
37.00000
30.21405
29.53341
25.38153
30.47403
